
SUMMARISING RUN PARAMETERS
==========================
Input filename: s001_R2_001.fastq.gz
Trimming mode: paired-end
Trim Galore version: 0.6.10
Cutadapt version: 3.4
Number of cores used for trimming: 1
Quality Phred score cutoff: 20
Quality encoding type selected: ASCII+33
Using Illumina adapter for trimming (count: 4539). Second best hit was Nextera (count: 2)
Adapter sequence: 'AGATCGGAAGAGC' (Illumina TruSeq, Sanger iPCR; auto-detected)
Maximum trimming error rate: 0.1 (default)
Minimum required adapter overlap (stringency): 1 bp
Minimum required sequence length for both reads before a sequence pair gets removed: 20 bp
Running FastQC on the data once trimming has completed
Output file will be GZIP compressed


This is cutadapt 3.4 with Python 3.9.2
Command line parameters: -j 1 -e 0.1 -q 20 -O 1 -a AGATCGGAAGAGC s001_R2_001.fastq.gz
Processing reads on 1 core in single-end mode ...
Finished in 1821.56 s (74 µs/read; 0.81 M reads/minute).

=== Summary ===

Total reads processed:              24,550,282
Reads with adapters:                 8,587,347 (35.0%)
Reads written (passing filters):    24,550,282 (100.0%)

Total basepairs processed: 3,682,542,300 bp
Quality-trimmed:              11,063,640 bp (0.3%)
Total written (filtered):  3,653,943,202 bp (99.2%)

=== Adapter 1 ===

Sequence: AGATCGGAAGAGC; Type: regular 3'; Length: 13; Trimmed: 8587347 times

No. of allowed errors:
1-9 bp: 0; 10-13 bp: 1

Bases preceding removed adapters:
  A: 36.4%
  C: 23.0%
  G: 19.6%
  T: 21.0%
  none/other: 0.0%

Overview of removed sequences
length	count	expect	max.err	error counts
1	6385781	6137570.5	0	6385781
2	1482648	1534392.6	0	1482648
3	421743	383598.2	0	421743
4	85427	95899.5	0	85427
5	22544	23974.9	0	22544
6	9496	5993.7	0	9496
7	6520	1498.4	0	6520
8	6492	374.6	0	6492
9	4605	93.7	0	4263 342
10	6181	23.4	1	4917 1264
11	5312	5.9	1	4406 906
12	5730	1.5	1	4734 996
13	4690	0.4	1	4055 635
14	5241	0.4	1	4471 770
15	4178	0.4	1	3569 609
16	4293	0.4	1	3726 567
17	5057	0.4	1	4340 717
18	2823	0.4	1	2476 347
19	5139	0.4	1	4427 712
20	3325	0.4	1	2852 473
21	2835	0.4	1	2478 357
22	3392	0.4	1	2972 420
23	3235	0.4	1	2839 396
24	4228	0.4	1	3621 607
25	3456	0.4	1	3034 422
26	2435	0.4	1	2101 334
27	2407	0.4	1	2101 306
28	2967	0.4	1	2578 389
29	2456	0.4	1	2118 338
30	2957	0.4	1	2580 377
31	2175	0.4	1	1892 283
32	2711	0.4	1	2365 346
33	2539	0.4	1	2178 361
34	2054	0.4	1	1787 267
35	2180	0.4	1	1868 312
36	2927	0.4	1	2518 409
37	2396	0.4	1	2133 263
38	1622	0.4	1	1399 223
39	1562	0.4	1	1335 227
40	1554	0.4	1	1341 213
41	1574	0.4	1	1337 237
42	1698	0.4	1	1463 235
43	1580	0.4	1	1377 203
44	1712	0.4	1	1441 271
45	1658	0.4	1	1364 294
46	1581	0.4	1	1347 234
47	1421	0.4	1	1185 236
48	1354	0.4	1	1129 225
49	1542	0.4	1	1283 259
50	1191	0.4	1	982 209
51	1432	0.4	1	1187 245
52	1151	0.4	1	979 172
53	1207	0.4	1	999 208
54	1382	0.4	1	1143 239
55	999	0.4	1	819 180
56	1169	0.4	1	988 181
57	1484	0.4	1	1229 255
58	1047	0.4	1	845 202
59	847	0.4	1	714 133
60	1395	0.4	1	1160 235
61	905	0.4	1	759 146
62	803	0.4	1	657 146
63	1914	0.4	1	1625 289
64	883	0.4	1	704 179
65	634	0.4	1	505 129
66	733	0.4	1	575 158
67	890	0.4	1	758 132
68	800	0.4	1	663 137
69	766	0.4	1	641 125
70	950	0.4	1	796 154
71	745	0.4	1	613 132
72	729	0.4	1	598 131
73	950	0.4	1	815 135
74	605	0.4	1	508 97
75	528	0.4	1	435 93
76	384	0.4	1	302 82
77	380	0.4	1	296 84
78	459	0.4	1	364 95
79	470	0.4	1	372 98
80	526	0.4	1	425 101
81	520	0.4	1	426 94
82	521	0.4	1	411 110
83	517	0.4	1	401 116
84	493	0.4	1	400 93
85	537	0.4	1	444 93
86	496	0.4	1	409 87
87	444	0.4	1	347 97
88	441	0.4	1	348 93
89	421	0.4	1	341 80
90	457	0.4	1	369 88
91	428	0.4	1	347 81
92	398	0.4	1	303 95
93	433	0.4	1	339 94
94	408	0.4	1	317 91
95	369	0.4	1	287 82
96	365	0.4	1	291 74
97	358	0.4	1	283 75
98	366	0.4	1	280 86
99	347	0.4	1	283 64
100	337	0.4	1	281 56
101	329	0.4	1	255 74
102	304	0.4	1	230 74
103	289	0.4	1	227 62
104	286	0.4	1	228 58
105	264	0.4	1	206 58
106	253	0.4	1	201 52
107	238	0.4	1	176 62
108	282	0.4	1	219 63
109	250	0.4	1	191 59
110	243	0.4	1	199 44
111	221	0.4	1	177 44
112	201	0.4	1	158 43
113	194	0.4	1	146 48
114	200	0.4	1	157 43
115	207	0.4	1	162 45
116	206	0.4	1	175 31
117	171	0.4	1	139 32
118	165	0.4	1	129 36
119	152	0.4	1	126 26
120	175	0.4	1	148 27
121	158	0.4	1	124 34
122	154	0.4	1	125 29
123	137	0.4	1	119 18
124	126	0.4	1	105 21
125	124	0.4	1	91 33
126	126	0.4	1	103 23
127	117	0.4	1	101 16
128	129	0.4	1	105 24
129	92	0.4	1	78 14
130	106	0.4	1	94 12
131	56	0.4	1	48 8
132	104	0.4	1	97 7
133	85	0.4	1	82 3
134	62	0.4	1	58 4
135	71	0.4	1	61 10
136	51	0.4	1	42 9
137	45	0.4	1	41 4
138	47	0.4	1	42 5
139	34	0.4	1	28 6
140	46	0.4	1	38 8
141	41	0.4	1	33 8
142	36	0.4	1	29 7
143	29	0.4	1	21 8
144	35	0.4	1	28 7
145	37	0.4	1	29 8
146	63	0.4	1	49 14
147	44	0.4	1	35 9
148	46	0.4	1	35 11
149	27	0.4	1	17 10
150	42	0.4	1	33 9

RUN STATISTICS FOR INPUT FILE: s001_R2_001.fastq.gz
=============================================
24550282 sequences processed in total

Total number of sequences analysed for the sequence pair length validation: 24550282

Number of sequence pairs removed because at least one read was shorter than the length cutoff (20 bp): 7901 (0.03%)
