
SUMMARISING RUN PARAMETERS
==========================
Input filename: s003_R1_001.fastq.gz
Trimming mode: paired-end
Trim Galore version: 0.6.10
Cutadapt version: 3.4
Number of cores used for trimming: 1
Quality Phred score cutoff: 20
Quality encoding type selected: ASCII+33
Using Illumina adapter for trimming (count: 2969). Second best hit was Nextera (count: 7)
Adapter sequence: 'AGATCGGAAGAGC' (Illumina TruSeq, Sanger iPCR; auto-detected)
Maximum trimming error rate: 0.1 (default)
Minimum required adapter overlap (stringency): 1 bp
Minimum required sequence length for both reads before a sequence pair gets removed: 20 bp
Running FastQC on the data once trimming has completed
Output file will be GZIP compressed


This is cutadapt 3.4 with Python 3.9.2
Command line parameters: -j 1 -e 0.1 -q 20 -O 1 -a AGATCGGAAGAGC s003_R1_001.fastq.gz
Processing reads on 1 core in single-end mode ...
Finished in 1926.61 s (78 µs/read; 0.77 M reads/minute).

=== Summary ===

Total reads processed:              24,643,689
Reads with adapters:                 9,040,760 (36.7%)
Reads written (passing filters):    24,643,689 (100.0%)

Total basepairs processed: 3,696,553,350 bp
Quality-trimmed:               7,735,548 bp (0.2%)
Total written (filtered):  3,673,980,331 bp (99.4%)

=== Adapter 1 ===

Sequence: AGATCGGAAGAGC; Type: regular 3'; Length: 13; Trimmed: 9040760 times

No. of allowed errors:
1-9 bp: 0; 10-13 bp: 1

Bases preceding removed adapters:
  A: 37.1%
  C: 24.0%
  G: 16.7%
  T: 22.2%
  none/other: 0.0%

Overview of removed sequences
length	count	expect	max.err	error counts
1	6929279	6160922.2	0	6929279
2	1412173	1540230.6	0	1412173
3	457946	385057.6	0	457946
4	103246	96264.4	0	103246
5	23376	24066.1	0	23376
6	7089	6016.5	0	7089
7	4250	1504.1	0	4250
8	4131	376.0	0	4131
9	3996	94.0	0	3647 349
10	4108	23.5	1	3378 730
11	4073	5.9	1	3471 602
12	3696	1.5	1	3375 321
13	3167	0.4	1	2975 192
14	3204	0.4	1	2947 257
15	3272	0.4	1	3030 242
16	3121	0.4	1	2862 259
17	3219	0.4	1	2933 286
18	2811	0.4	1	2632 179
19	2556	0.4	1	2390 166
20	2654	0.4	1	2444 210
21	2533	0.4	1	2344 189
22	2452	0.4	1	2288 164
23	2521	0.4	1	2345 176
24	2405	0.4	1	2185 220
25	2100	0.4	1	1963 137
26	2057	0.4	1	1930 127
27	1979	0.4	1	1844 135
28	1948	0.4	1	1816 132
29	1951	0.4	1	1786 165
30	1858	0.4	1	1730 128
31	1558	0.4	1	1451 107
32	1695	0.4	1	1592 103
33	1585	0.4	1	1475 110
34	1635	0.4	1	1481 154
35	1440	0.4	1	1356 84
36	1275	0.4	1	1196 79
37	1422	0.4	1	1313 109
38	1395	0.4	1	1297 98
39	1199	0.4	1	1122 77
40	1166	0.4	1	1066 100
41	1249	0.4	1	1158 91
42	1131	0.4	1	1045 86
43	1260	0.4	1	1162 98
44	962	0.4	1	871 91
45	1694	0.4	1	1592 102
46	503	0.4	1	441 62
47	844	0.4	1	775 69
48	3012	0.4	1	2888 124
49	839	0.4	1	779 60
50	245	0.4	1	214 31
51	1102	0.4	1	1043 59
52	568	0.4	1	521 47
53	177	0.4	1	146 31
54	616	0.4	1	563 53
55	928	0.4	1	891 37
56	299	0.4	1	266 33
57	272	0.4	1	234 38
58	133	0.4	1	109 24
59	321	0.4	1	295 26
60	95	0.4	1	72 23
61	129	0.4	1	92 37
62	405	0.4	1	368 37
63	146	0.4	1	123 23
64	76	0.4	1	64 12
65	137	0.4	1	113 24
66	359	0.4	1	315 44
67	65	0.4	1	34 31
68	113	0.4	1	84 29
69	92	0.4	1	71 21
70	98	0.4	1	76 22
71	26	0.4	1	16 10
72	44	0.4	1	24 20
73	80	0.4	1	65 15
74	128	0.4	1	112 16
75	137	0.4	1	119 18
76	138	0.4	1	126 12
77	142	0.4	1	114 28
78	140	0.4	1	118 22
79	134	0.4	1	113 21
80	148	0.4	1	110 38
81	116	0.4	1	92 24
82	115	0.4	1	102 13
83	129	0.4	1	103 26
84	94	0.4	1	71 23
85	92	0.4	1	74 18
86	104	0.4	1	89 15
87	77	0.4	1	58 19
88	80	0.4	1	63 17
89	90	0.4	1	60 30
90	83	0.4	1	55 28
91	75	0.4	1	60 15
92	58	0.4	1	40 18
93	66	0.4	1	46 20
94	71	0.4	1	51 20
95	54	0.4	1	40 14
96	68	0.4	1	43 25
97	69	0.4	1	33 36
98	47	0.4	1	25 22
99	61	0.4	1	38 23
100	65	0.4	1	38 27
101	46	0.4	1	26 20
102	41	0.4	1	23 18
103	58	0.4	1	37 21
104	48	0.4	1	28 20
105	54	0.4	1	29 25
106	31	0.4	1	16 15
107	40	0.4	1	19 21
108	47	0.4	1	20 27
109	45	0.4	1	20 25
110	40	0.4	1	17 23
111	30	0.4	1	16 14
112	28	0.4	1	20 8
113	36	0.4	1	16 20
114	36	0.4	1	21 15
115	38	0.4	1	21 17
116	21	0.4	1	7 14
117	36	0.4	1	17 19
118	30	0.4	1	9 21
119	31	0.4	1	17 14
120	31	0.4	1	16 15
121	31	0.4	1	17 14
122	24	0.4	1	7 17
123	32	0.4	1	14 18
124	36	0.4	1	12 24
125	21	0.4	1	5 16
126	35	0.4	1	8 27
127	30	0.4	1	12 18
128	26	0.4	1	10 16
129	20	0.4	1	6 14
130	15	0.4	1	6 9
131	13	0.4	1	6 7
132	30	0.4	1	14 16
133	19	0.4	1	5 14
134	15	0.4	1	5 10
135	16	0.4	1	6 10
136	25	0.4	1	8 17
137	20	0.4	1	11 9
138	24	0.4	1	6 18
139	16	0.4	1	2 14
140	14	0.4	1	3 11
141	19	0.4	1	1 18
142	13	0.4	1	6 7
143	16	0.4	1	4 12
144	16	0.4	1	5 11
145	16	0.4	1	5 11
146	23	0.4	1	6 17
147	20	0.4	1	6 14
148	14	0.4	1	4 10
149	25	0.4	1	0 25
150	1227	0.4	1	3 1224

RUN STATISTICS FOR INPUT FILE: s003_R1_001.fastq.gz
=============================================
24643689 sequences processed in total

