
SUMMARISING RUN PARAMETERS
==========================
Input filename: s007_R1_001.fastq.gz
Trimming mode: paired-end
Trim Galore version: 0.6.10
Cutadapt version: 3.4
Number of cores used for trimming: 1
Quality Phred score cutoff: 20
Quality encoding type selected: ASCII+33
Using Illumina adapter for trimming (count: 2568). Second best hit was Nextera (count: 5)
Adapter sequence: 'AGATCGGAAGAGC' (Illumina TruSeq, Sanger iPCR; auto-detected)
Maximum trimming error rate: 0.1 (default)
Minimum required adapter overlap (stringency): 1 bp
Minimum required sequence length for both reads before a sequence pair gets removed: 20 bp
Running FastQC on the data once trimming has completed
Output file will be GZIP compressed


This is cutadapt 3.4 with Python 3.9.2
Command line parameters: -j 1 -e 0.1 -q 20 -O 1 -a AGATCGGAAGAGC s007_R1_001.fastq.gz
Processing reads on 1 core in single-end mode ...
Finished in 1936.55 s (76 µs/read; 0.79 M reads/minute).

=== Summary ===

Total reads processed:              25,562,224
Reads with adapters:                 9,428,225 (36.9%)
Reads written (passing filters):    25,562,224 (100.0%)

Total basepairs processed: 3,834,333,600 bp
Quality-trimmed:               7,433,168 bp (0.2%)
Total written (filtered):  3,811,971,966 bp (99.4%)

=== Adapter 1 ===

Sequence: AGATCGGAAGAGC; Type: regular 3'; Length: 13; Trimmed: 9428225 times

No. of allowed errors:
1-9 bp: 0; 10-13 bp: 1

Bases preceding removed adapters:
  A: 37.4%
  C: 23.9%
  G: 16.5%
  T: 22.3%
  none/other: 0.0%

Overview of removed sequences
length	count	expect	max.err	error counts
1	7267522	6390556.0	0	7267522
2	1452393	1597639.0	0	1452393
3	474389	399409.8	0	474389
4	109713	99852.4	0	109713
5	23813	24963.1	0	23813
6	6653	6240.8	0	6653
7	4003	1560.2	0	4003
8	3949	390.0	0	3949
9	3628	97.5	0	3251 377
10	3859	24.4	1	3137 722
11	3641	6.1	1	3106 535
12	3268	1.5	1	2981 287
13	2870	0.4	1	2664 206
14	2934	0.4	1	2705 229
15	2742	0.4	1	2550 192
16	2706	0.4	1	2482 224
17	2857	0.4	1	2624 233
18	2542	0.4	1	2370 172
19	2222	0.4	1	2091 131
20	2318	0.4	1	2172 146
21	2308	0.4	1	2122 186
22	2093	0.4	1	1962 131
23	2136	0.4	1	1975 161
24	2081	0.4	1	1920 161
25	1768	0.4	1	1675 93
26	1841	0.4	1	1690 151
27	1815	0.4	1	1674 141
28	1646	0.4	1	1531 115
29	1663	0.4	1	1509 154
30	1509	0.4	1	1418 91
31	1343	0.4	1	1249 94
32	1359	0.4	1	1286 73
33	1300	0.4	1	1201 99
34	1370	0.4	1	1246 124
35	1220	0.4	1	1158 62
36	1080	0.4	1	1007 73
37	1141	0.4	1	1055 86
38	1113	0.4	1	1032 81
39	954	0.4	1	892 62
40	1006	0.4	1	918 88
41	990	0.4	1	901 89
42	913	0.4	1	841 72
43	1043	0.4	1	942 101
44	825	0.4	1	743 82
45	1451	0.4	1	1365 86
46	416	0.4	1	363 53
47	699	0.4	1	641 58
48	2396	0.4	1	2291 105
49	660	0.4	1	617 43
50	179	0.4	1	140 39
51	770	0.4	1	729 41
52	478	0.4	1	442 36
53	150	0.4	1	119 31
54	531	0.4	1	497 34
55	755	0.4	1	722 33
56	246	0.4	1	215 31
57	191	0.4	1	172 19
58	107	0.4	1	86 21
59	255	0.4	1	218 37
60	71	0.4	1	49 22
61	70	0.4	1	55 15
62	312	0.4	1	282 30
63	131	0.4	1	105 26
64	73	0.4	1	44 29
65	115	0.4	1	87 28
66	238	0.4	1	206 32
67	47	0.4	1	27 20
68	87	0.4	1	76 11
69	87	0.4	1	64 23
70	88	0.4	1	69 19
71	22	0.4	1	9 13
72	31	0.4	1	15 16
73	66	0.4	1	52 14
74	87	0.4	1	65 22
75	98	0.4	1	78 20
76	108	0.4	1	94 14
77	116	0.4	1	85 31
78	135	0.4	1	107 28
79	107	0.4	1	79 28
80	114	0.4	1	78 36
81	117	0.4	1	88 29
82	95	0.4	1	69 26
83	90	0.4	1	65 25
84	82	0.4	1	59 23
85	74	0.4	1	53 21
86	70	0.4	1	54 16
87	62	0.4	1	41 21
88	64	0.4	1	40 24
89	66	0.4	1	43 23
90	61	0.4	1	40 21
91	89	0.4	1	52 37
92	60	0.4	1	43 17
93	66	0.4	1	38 28
94	58	0.4	1	33 25
95	56	0.4	1	37 19
96	48	0.4	1	21 27
97	61	0.4	1	29 32
98	45	0.4	1	31 14
99	34	0.4	1	16 18
100	32	0.4	1	17 15
101	46	0.4	1	26 20
102	47	0.4	1	22 25
103	44	0.4	1	15 29
104	41	0.4	1	28 13
105	46	0.4	1	28 18
106	28	0.4	1	17 11
107	31	0.4	1	13 18
108	42	0.4	1	18 24
109	30	0.4	1	16 14
110	33	0.4	1	13 20
111	30	0.4	1	13 17
112	34	0.4	1	17 17
113	27	0.4	1	13 14
114	35	0.4	1	14 21
115	30	0.4	1	14 16
116	20	0.4	1	8 12
117	24	0.4	1	10 14
118	28	0.4	1	8 20
119	28	0.4	1	13 15
120	26	0.4	1	6 20
121	23	0.4	1	8 15
122	22	0.4	1	10 12
123	25	0.4	1	7 18
124	31	0.4	1	6 25
125	28	0.4	1	8 20
126	31	0.4	1	15 16
127	15	0.4	1	10 5
128	24	0.4	1	9 15
129	26	0.4	1	5 21
130	20	0.4	1	10 10
131	16	0.4	1	1 15
132	20	0.4	1	6 14
133	20	0.4	1	6 14
134	24	0.4	1	4 20
135	14	0.4	1	5 9
136	16	0.4	1	5 11
137	21	0.4	1	8 13
138	14	0.4	1	1 13
139	13	0.4	1	3 10
140	12	0.4	1	3 9
141	18	0.4	1	3 15
142	17	0.4	1	3 14
143	6	0.4	1	2 4
144	24	0.4	1	3 21
145	13	0.4	1	1 12
146	20	0.4	1	6 14
147	16	0.4	1	6 10
148	16	0.4	1	3 13
149	13	0.4	1	0 13
150	1641	0.4	1	3 1638

RUN STATISTICS FOR INPUT FILE: s007_R1_001.fastq.gz
=============================================
25562224 sequences processed in total

