
SUMMARISING RUN PARAMETERS
==========================
Input filename: s009_R1_001.fastq.gz
Trimming mode: paired-end
Trim Galore version: 0.6.10
Cutadapt version: 3.4
Number of cores used for trimming: 1
Quality Phred score cutoff: 20
Quality encoding type selected: ASCII+33
Using Illumina adapter for trimming (count: 1828). Second best hit was Nextera (count: 15)
Adapter sequence: 'AGATCGGAAGAGC' (Illumina TruSeq, Sanger iPCR; auto-detected)
Maximum trimming error rate: 0.1 (default)
Minimum required adapter overlap (stringency): 1 bp
Minimum required sequence length for both reads before a sequence pair gets removed: 20 bp
Running FastQC on the data once trimming has completed
Output file will be GZIP compressed


This is cutadapt 3.4 with Python 3.9.2
Command line parameters: -j 1 -e 0.1 -q 20 -O 1 -a AGATCGGAAGAGC s009_R1_001.fastq.gz
Processing reads on 1 core in single-end mode ...
Finished in 1763.31 s (71 µs/read; 0.84 M reads/minute).

=== Summary ===

Total reads processed:              24,739,035
Reads with adapters:                 9,037,589 (36.5%)
Reads written (passing filters):    24,739,035 (100.0%)

Total basepairs processed: 3,710,855,250 bp
Quality-trimmed:               6,302,514 bp (0.2%)
Total written (filtered):  3,690,682,848 bp (99.5%)

=== Adapter 1 ===

Sequence: AGATCGGAAGAGC; Type: regular 3'; Length: 13; Trimmed: 9037589 times

No. of allowed errors:
1-9 bp: 0; 10-13 bp: 1

Bases preceding removed adapters:
  A: 35.0%
  C: 25.3%
  G: 16.0%
  T: 23.7%
  none/other: 0.0%

Overview of removed sequences
length	count	expect	max.err	error counts
1	6995767	6184758.8	0	6995767
2	1378575	1546189.7	0	1378575
3	449174	386547.4	0	449174
4	112463	96636.9	0	112463
5	24780	24159.2	0	24780
6	5994	6039.8	0	5994
7	3261	1510.0	0	3261
8	3084	377.5	0	3084
9	2854	94.4	0	2525 329
10	2960	23.6	1	2392 568
11	2929	5.9	1	2477 452
12	2649	1.5	1	2401 248
13	2265	0.4	1	2097 168
14	2414	0.4	1	2203 211
15	2153	0.4	1	1998 155
16	2031	0.4	1	1857 174
17	2147	0.4	1	1934 213
18	1758	0.4	1	1645 113
19	1727	0.4	1	1607 120
20	1739	0.4	1	1610 129
21	1716	0.4	1	1603 113
22	1561	0.4	1	1462 99
23	1614	0.4	1	1494 120
24	1479	0.4	1	1365 114
25	1373	0.4	1	1281 92
26	1308	0.4	1	1210 98
27	1317	0.4	1	1210 107
28	1210	0.4	1	1116 94
29	1255	0.4	1	1155 100
30	1137	0.4	1	1076 61
31	1014	0.4	1	930 84
32	1039	0.4	1	972 67
33	977	0.4	1	899 78
34	889	0.4	1	818 71
35	929	0.4	1	846 83
36	919	0.4	1	837 82
37	694	0.4	1	639 55
38	674	0.4	1	603 71
39	703	0.4	1	657 46
40	660	0.4	1	611 49
41	577	0.4	1	504 73
42	700	0.4	1	652 48
43	485	0.4	1	428 57
44	514	0.4	1	463 51
45	760	0.4	1	705 55
46	229	0.4	1	191 38
47	385	0.4	1	338 47
48	475	0.4	1	434 41
49	354	0.4	1	320 34
50	366	0.4	1	327 39
51	389	0.4	1	358 31
52	339	0.4	1	300 39
53	300	0.4	1	265 35
54	312	0.4	1	277 35
55	330	0.4	1	289 41
56	263	0.4	1	236 27
57	324	0.4	1	295 29
58	266	0.4	1	242 24
59	217	0.4	1	179 38
60	202	0.4	1	161 41
61	163	0.4	1	120 43
62	215	0.4	1	192 23
63	206	0.4	1	188 18
64	149	0.4	1	116 33
65	140	0.4	1	110 30
66	270	0.4	1	244 26
67	168	0.4	1	142 26
68	150	0.4	1	131 19
69	82	0.4	1	65 17
70	70	0.4	1	52 18
71	31	0.4	1	13 18
72	32	0.4	1	19 13
73	73	0.4	1	59 14
74	81	0.4	1	67 14
75	91	0.4	1	68 23
76	69	0.4	1	46 23
77	68	0.4	1	47 21
78	90	0.4	1	65 25
79	77	0.4	1	54 23
80	91	0.4	1	61 30
81	83	0.4	1	52 31
82	60	0.4	1	40 20
83	54	0.4	1	34 20
84	78	0.4	1	51 27
85	79	0.4	1	52 27
86	51	0.4	1	32 19
87	75	0.4	1	46 29
88	48	0.4	1	25 23
89	57	0.4	1	39 18
90	61	0.4	1	41 20
91	48	0.4	1	26 22
92	54	0.4	1	35 19
93	40	0.4	1	22 18
94	52	0.4	1	28 24
95	39	0.4	1	25 14
96	44	0.4	1	25 19
97	45	0.4	1	26 19
98	49	0.4	1	31 18
99	45	0.4	1	25 20
100	29	0.4	1	13 16
101	34	0.4	1	21 13
102	40	0.4	1	26 14
103	29	0.4	1	16 13
104	42	0.4	1	25 17
105	44	0.4	1	16 28
106	31	0.4	1	15 16
107	37	0.4	1	19 18
108	34	0.4	1	13 21
109	42	0.4	1	17 25
110	33	0.4	1	17 16
111	32	0.4	1	13 19
112	40	0.4	1	21 19
113	15	0.4	1	8 7
114	26	0.4	1	6 20
115	28	0.4	1	15 13
116	32	0.4	1	12 20
117	41	0.4	1	15 26
118	22	0.4	1	11 11
119	21	0.4	1	10 11
120	23	0.4	1	10 13
121	26	0.4	1	13 13
122	24	0.4	1	9 15
123	25	0.4	1	15 10
124	40	0.4	1	15 25
125	28	0.4	1	7 21
126	23	0.4	1	15 8
127	23	0.4	1	11 12
128	21	0.4	1	5 16
129	32	0.4	1	12 20
130	20	0.4	1	8 12
131	18	0.4	1	9 9
132	18	0.4	1	7 11
133	12	0.4	1	4 8
134	23	0.4	1	6 17
135	25	0.4	1	7 18
136	25	0.4	1	7 18
137	16	0.4	1	4 12
138	10	0.4	1	3 7
139	21	0.4	1	8 13
140	20	0.4	1	7 13
141	13	0.4	1	8 5
142	18	0.4	1	5 13
143	15	0.4	1	1 14
144	15	0.4	1	1 14
145	9	0.4	1	4 5
146	16	0.4	1	1 15
147	14	0.4	1	2 12
148	10	0.4	1	1 9
149	26	0.4	1	2 24
150	1971	0.4	1	3 1968

RUN STATISTICS FOR INPUT FILE: s009_R1_001.fastq.gz
=============================================
24739035 sequences processed in total

