
SUMMARISING RUN PARAMETERS
==========================
Input filename: s012_R1_001.fastq.gz
Trimming mode: paired-end
Trim Galore version: 0.6.10
Cutadapt version: 3.4
Number of cores used for trimming: 1
Quality Phred score cutoff: 20
Quality encoding type selected: ASCII+33
Using Illumina adapter for trimming (count: 1721). Second best hit was Nextera (count: 13)
Adapter sequence: 'AGATCGGAAGAGC' (Illumina TruSeq, Sanger iPCR; auto-detected)
Maximum trimming error rate: 0.1 (default)
Minimum required adapter overlap (stringency): 1 bp
Minimum required sequence length for both reads before a sequence pair gets removed: 20 bp
Running FastQC on the data once trimming has completed
Output file will be GZIP compressed


This is cutadapt 3.4 with Python 3.9.2
Command line parameters: -j 1 -e 0.1 -q 20 -O 1 -a AGATCGGAAGAGC s012_R1_001.fastq.gz
Processing reads on 1 core in single-end mode ...
Finished in 1748.58 s (72 µs/read; 0.83 M reads/minute).

=== Summary ===

Total reads processed:              24,199,784
Reads with adapters:                 8,811,501 (36.4%)
Reads written (passing filters):    24,199,784 (100.0%)

Total basepairs processed: 3,629,967,600 bp
Quality-trimmed:               7,980,396 bp (0.2%)
Total written (filtered):  3,608,581,431 bp (99.4%)

=== Adapter 1 ===

Sequence: AGATCGGAAGAGC; Type: regular 3'; Length: 13; Trimmed: 8811501 times

No. of allowed errors:
1-9 bp: 0; 10-13 bp: 1

Bases preceding removed adapters:
  A: 36.9%
  C: 24.2%
  G: 16.7%
  T: 22.2%
  none/other: 0.0%

Overview of removed sequences
length	count	expect	max.err	error counts
1	6780758	6049946.0	0	6780758
2	1390564	1512486.5	0	1390564
3	447824	378121.6	0	447824
4	100977	94530.4	0	100977
5	21749	23632.6	0	21749
6	5650	5908.2	0	5650
7	2929	1477.0	0	2929
8	2663	369.3	0	2663
9	2592	92.3	0	2209 383
10	2789	23.1	1	2079 710
11	2456	5.8	1	2004 452
12	2330	1.4	1	2045 285
13	1932	0.4	1	1761 171
14	2025	0.4	1	1833 192
15	1852	0.4	1	1720 132
16	1814	0.4	1	1642 172
17	1932	0.4	1	1738 194
18	1633	0.4	1	1517 116
19	1484	0.4	1	1374 110
20	1591	0.4	1	1448 143
21	1550	0.4	1	1409 141
22	1478	0.4	1	1378 100
23	1407	0.4	1	1300 107
24	1432	0.4	1	1302 130
25	1252	0.4	1	1149 103
26	1178	0.4	1	1083 95
27	1311	0.4	1	1208 103
28	1116	0.4	1	1037 79
29	1019	0.4	1	917 102
30	1013	0.4	1	944 69
31	907	0.4	1	843 64
32	932	0.4	1	875 57
33	907	0.4	1	834 73
34	991	0.4	1	900 91
35	726	0.4	1	667 59
36	750	0.4	1	674 76
37	705	0.4	1	646 59
38	697	0.4	1	655 42
39	621	0.4	1	550 71
40	654	0.4	1	585 69
41	660	0.4	1	586 74
42	668	0.4	1	613 55
43	532	0.4	1	467 65
44	478	0.4	1	422 56
45	741	0.4	1	684 57
46	213	0.4	1	188 25
47	393	0.4	1	351 42
48	661	0.4	1	596 65
49	298	0.4	1	264 34
50	262	0.4	1	228 34
51	437	0.4	1	396 41
52	305	0.4	1	272 33
53	206	0.4	1	168 38
54	267	0.4	1	231 36
55	415	0.4	1	388 27
56	210	0.4	1	176 34
57	284	0.4	1	254 30
58	184	0.4	1	159 25
59	221	0.4	1	194 27
60	131	0.4	1	107 24
61	89	0.4	1	63 26
62	214	0.4	1	181 33
63	184	0.4	1	153 31
64	92	0.4	1	70 22
65	121	0.4	1	87 34
66	257	0.4	1	226 31
67	70	0.4	1	50 20
68	114	0.4	1	91 23
69	61	0.4	1	46 15
70	59	0.4	1	39 20
71	25	0.4	1	10 15
72	42	0.4	1	16 26
73	57	0.4	1	39 18
74	73	0.4	1	43 30
75	88	0.4	1	56 32
76	70	0.4	1	56 14
77	68	0.4	1	46 22
78	65	0.4	1	45 20
79	74	0.4	1	48 26
80	66	0.4	1	44 22
81	69	0.4	1	47 22
82	50	0.4	1	40 10
83	55	0.4	1	42 13
84	66	0.4	1	39 27
85	73	0.4	1	49 24
86	49	0.4	1	32 17
87	49	0.4	1	33 16
88	56	0.4	1	31 25
89	53	0.4	1	33 20
90	49	0.4	1	21 28
91	42	0.4	1	27 15
92	46	0.4	1	27 19
93	42	0.4	1	26 16
94	53	0.4	1	27 26
95	44	0.4	1	17 27
96	62	0.4	1	35 27
97	47	0.4	1	23 24
98	48	0.4	1	24 24
99	27	0.4	1	15 12
100	52	0.4	1	29 23
101	43	0.4	1	20 23
102	36	0.4	1	17 19
103	37	0.4	1	21 16
104	26	0.4	1	15 11
105	34	0.4	1	19 15
106	36	0.4	1	13 23
107	46	0.4	1	19 27
108	35	0.4	1	18 17
109	51	0.4	1	25 26
110	37	0.4	1	20 17
111	23	0.4	1	12 11
112	42	0.4	1	16 26
113	34	0.4	1	14 20
114	32	0.4	1	11 21
115	28	0.4	1	9 19
116	29	0.4	1	14 15
117	29	0.4	1	9 20
118	23	0.4	1	9 14
119	28	0.4	1	8 20
120	27	0.4	1	11 16
121	26	0.4	1	11 15
122	16	0.4	1	6 10
123	27	0.4	1	8 19
124	31	0.4	1	8 23
125	24	0.4	1	7 17
126	26	0.4	1	8 18
127	17	0.4	1	6 11
128	18	0.4	1	7 11
129	24	0.4	1	11 13
130	15	0.4	1	3 12
131	13	0.4	1	5 8
132	15	0.4	1	8 7
133	17	0.4	1	6 11
134	21	0.4	1	6 15
135	12	0.4	1	3 9
136	18	0.4	1	6 12
137	12	0.4	1	1 11
138	20	0.4	1	1 19
139	17	0.4	1	2 15
140	10	0.4	1	2 8
141	19	0.4	1	4 15
142	10	0.4	1	4 6
143	15	0.4	1	2 13
144	19	0.4	1	4 15
145	11	0.4	1	2 9
146	17	0.4	1	3 14
147	17	0.4	1	3 14
148	13	0.4	1	4 9
149	15	0.4	1	0 15
150	1633	0.4	1	5 1628

RUN STATISTICS FOR INPUT FILE: s012_R1_001.fastq.gz
=============================================
24199784 sequences processed in total

