
SUMMARISING RUN PARAMETERS
==========================
Input filename: s014_R1_001.fastq.gz
Trimming mode: paired-end
Trim Galore version: 0.6.10
Cutadapt version: 3.4
Number of cores used for trimming: 1
Quality Phred score cutoff: 20
Quality encoding type selected: ASCII+33
Using Illumina adapter for trimming (count: 2532). Second best hit was Nextera (count: 10)
Adapter sequence: 'AGATCGGAAGAGC' (Illumina TruSeq, Sanger iPCR; auto-detected)
Maximum trimming error rate: 0.1 (default)
Minimum required adapter overlap (stringency): 1 bp
Minimum required sequence length for both reads before a sequence pair gets removed: 20 bp
Running FastQC on the data once trimming has completed
Output file will be GZIP compressed


This is cutadapt 3.4 with Python 3.9.2
Command line parameters: -j 1 -e 0.1 -q 20 -O 1 -a AGATCGGAAGAGC s014_R1_001.fastq.gz
Processing reads on 1 core in single-end mode ...
Finished in 1770.92 s (72 µs/read; 0.84 M reads/minute).

=== Summary ===

Total reads processed:              24,709,523
Reads with adapters:                 9,113,540 (36.9%)
Reads written (passing filters):    24,709,523 (100.0%)

Total basepairs processed: 3,706,428,450 bp
Quality-trimmed:               6,453,511 bp (0.2%)
Total written (filtered):  3,685,359,017 bp (99.4%)

=== Adapter 1 ===

Sequence: AGATCGGAAGAGC; Type: regular 3'; Length: 13; Trimmed: 9113540 times

No. of allowed errors:
1-9 bp: 0; 10-13 bp: 1

Bases preceding removed adapters:
  A: 36.2%
  C: 24.7%
  G: 16.2%
  T: 22.9%
  none/other: 0.0%

Overview of removed sequences
length	count	expect	max.err	error counts
1	6993807	6177380.8	0	6993807
2	1419683	1544345.2	0	1419683
3	463477	386086.3	0	463477
4	111431	96521.6	0	111431
5	23960	24130.4	0	23960
6	6280	6032.6	0	6280
7	3952	1508.1	0	3952
8	3839	377.0	0	3839
9	3747	94.3	0	3381 366
10	3683	23.6	1	2946 737
11	3585	5.9	1	3085 500
12	3396	1.5	1	3100 296
13	2830	0.4	1	2630 200
14	2989	0.4	1	2736 253
15	2760	0.4	1	2590 170
16	2805	0.4	1	2584 221
17	2853	0.4	1	2596 257
18	2474	0.4	1	2332 142
19	2316	0.4	1	2125 191
20	2386	0.4	1	2230 156
21	2329	0.4	1	2161 168
22	2159	0.4	1	2020 139
23	2197	0.4	1	2042 155
24	1916	0.4	1	1765 151
25	1827	0.4	1	1711 116
26	1815	0.4	1	1679 136
27	1801	0.4	1	1665 136
28	1723	0.4	1	1596 127
29	1684	0.4	1	1558 126
30	1649	0.4	1	1540 109
31	1413	0.4	1	1310 103
32	1439	0.4	1	1349 90
33	1404	0.4	1	1282 122
34	1314	0.4	1	1237 77
35	1341	0.4	1	1234 107
36	1345	0.4	1	1228 117
37	1060	0.4	1	1004 56
38	1033	0.4	1	959 74
39	1026	0.4	1	941 85
40	991	0.4	1	918 73
41	974	0.4	1	898 76
42	995	0.4	1	927 68
43	765	0.4	1	664 101
44	787	0.4	1	718 69
45	1199	0.4	1	1132 67
46	353	0.4	1	302 51
47	656	0.4	1	612 44
48	731	0.4	1	685 46
49	625	0.4	1	573 52
50	540	0.4	1	493 47
51	583	0.4	1	527 56
52	505	0.4	1	457 48
53	429	0.4	1	398 31
54	512	0.4	1	465 47
55	498	0.4	1	445 53
56	408	0.4	1	376 32
57	487	0.4	1	449 38
58	398	0.4	1	365 33
59	337	0.4	1	299 38
60	345	0.4	1	315 30
61	237	0.4	1	200 37
62	397	0.4	1	367 30
63	308	0.4	1	280 28
64	258	0.4	1	225 33
65	199	0.4	1	173 26
66	444	0.4	1	412 32
67	256	0.4	1	239 17
68	321	0.4	1	295 26
69	155	0.4	1	123 32
70	116	0.4	1	86 30
71	51	0.4	1	30 21
72	55	0.4	1	37 18
73	117	0.4	1	96 21
74	112	0.4	1	98 14
75	121	0.4	1	103 18
76	102	0.4	1	89 13
77	132	0.4	1	107 25
78	130	0.4	1	100 30
79	104	0.4	1	72 32
80	100	0.4	1	83 17
81	98	0.4	1	76 22
82	95	0.4	1	75 20
83	89	0.4	1	67 22
84	82	0.4	1	56 26
85	90	0.4	1	68 22
86	94	0.4	1	73 21
87	100	0.4	1	69 31
88	92	0.4	1	68 24
89	77	0.4	1	54 23
90	78	0.4	1	58 20
91	87	0.4	1	56 31
92	55	0.4	1	33 22
93	56	0.4	1	33 23
94	56	0.4	1	32 24
95	58	0.4	1	44 14
96	42	0.4	1	23 19
97	50	0.4	1	35 15
98	56	0.4	1	43 13
99	61	0.4	1	38 23
100	46	0.4	1	25 21
101	43	0.4	1	26 17
102	38	0.4	1	26 12
103	42	0.4	1	25 17
104	48	0.4	1	27 21
105	27	0.4	1	22 5
106	49	0.4	1	24 25
107	27	0.4	1	18 9
108	36	0.4	1	20 16
109	32	0.4	1	20 12
110	40	0.4	1	22 18
111	27	0.4	1	14 13
112	38	0.4	1	17 21
113	37	0.4	1	23 14
114	26	0.4	1	12 14
115	34	0.4	1	17 17
116	23	0.4	1	12 11
117	38	0.4	1	12 26
118	22	0.4	1	10 12
119	29	0.4	1	15 14
120	31	0.4	1	13 18
121	15	0.4	1	7 8
122	25	0.4	1	11 14
123	29	0.4	1	13 16
124	20	0.4	1	8 12
125	26	0.4	1	13 13
126	16	0.4	1	7 9
127	18	0.4	1	8 10
128	21	0.4	1	11 10
129	23	0.4	1	15 8
130	39	0.4	1	17 22
131	19	0.4	1	3 16
132	26	0.4	1	6 20
133	19	0.4	1	5 14
134	24	0.4	1	8 16
135	19	0.4	1	6 13
136	25	0.4	1	10 15
137	16	0.4	1	6 10
138	18	0.4	1	3 15
139	9	0.4	1	4 5
140	11	0.4	1	1 10
141	13	0.4	1	5 8
142	14	0.4	1	7 7
143	17	0.4	1	4 13
144	17	0.4	1	3 14
145	15	0.4	1	3 12
146	10	0.4	1	1 9
147	20	0.4	1	8 12
148	10	0.4	1	3 7
149	20	0.4	1	1 19
150	1276	0.4	1	3 1273

RUN STATISTICS FOR INPUT FILE: s014_R1_001.fastq.gz
=============================================
24709523 sequences processed in total

