
SUMMARISING RUN PARAMETERS
==========================
Input filename: s016_R1_001.fastq.gz
Trimming mode: paired-end
Trim Galore version: 0.6.10
Cutadapt version: 3.4
Number of cores used for trimming: 1
Quality Phred score cutoff: 20
Quality encoding type selected: ASCII+33
Using Illumina adapter for trimming (count: 1833). Second best hit was Nextera (count: 17)
Adapter sequence: 'AGATCGGAAGAGC' (Illumina TruSeq, Sanger iPCR; auto-detected)
Maximum trimming error rate: 0.1 (default)
Minimum required adapter overlap (stringency): 1 bp
Minimum required sequence length for both reads before a sequence pair gets removed: 20 bp
Running FastQC on the data once trimming has completed
Output file will be GZIP compressed


This is cutadapt 3.4 with Python 3.9.2
Command line parameters: -j 1 -e 0.1 -q 20 -O 1 -a AGATCGGAAGAGC s016_R1_001.fastq.gz
Processing reads on 1 core in single-end mode ...
Finished in 1917.05 s (74 µs/read; 0.81 M reads/minute).

=== Summary ===

Total reads processed:              26,026,614
Reads with adapters:                 9,606,983 (36.9%)
Reads written (passing filters):    26,026,614 (100.0%)

Total basepairs processed: 3,903,992,100 bp
Quality-trimmed:               7,733,972 bp (0.2%)
Total written (filtered):  3,881,011,774 bp (99.4%)

=== Adapter 1 ===

Sequence: AGATCGGAAGAGC; Type: regular 3'; Length: 13; Trimmed: 9606983 times

No. of allowed errors:
1-9 bp: 0; 10-13 bp: 1

Bases preceding removed adapters:
  A: 37.3%
  C: 23.9%
  G: 16.4%
  T: 22.3%
  none/other: 0.1%

Overview of removed sequences
length	count	expect	max.err	error counts
1	7415668	6506653.5	0	7415668
2	1480368	1626663.4	0	1480368
3	485877	406665.8	0	485877
4	112153	101666.5	0	112153
5	24157	25416.6	0	24157
6	6762	6354.2	0	6762
7	4066	1588.5	0	4066
8	3823	397.1	0	3823
9	3593	99.3	0	3236 357
10	3687	24.8	1	2940 747
11	3398	6.2	1	2903 495
12	3179	1.6	1	2886 293
13	2597	0.4	1	2431 166
14	2693	0.4	1	2467 226
15	2465	0.4	1	2297 168
16	2579	0.4	1	2346 233
17	2464	0.4	1	2258 206
18	2227	0.4	1	2086 141
19	1910	0.4	1	1799 111
20	2076	0.4	1	1911 165
21	1991	0.4	1	1832 159
22	1757	0.4	1	1641 116
23	1790	0.4	1	1661 129
24	1762	0.4	1	1631 131
25	1408	0.4	1	1296 112
26	1410	0.4	1	1309 101
27	1457	0.4	1	1355 102
28	1283	0.4	1	1192 91
29	1254	0.4	1	1153 101
30	1204	0.4	1	1126 78
31	1059	0.4	1	976 83
32	1013	0.4	1	943 70
33	1014	0.4	1	925 89
34	919	0.4	1	845 74
35	951	0.4	1	867 84
36	912	0.4	1	819 93
37	659	0.4	1	609 50
38	697	0.4	1	640 57
39	699	0.4	1	629 70
40	662	0.4	1	588 74
41	650	0.4	1	591 59
42	628	0.4	1	576 52
43	441	0.4	1	376 65
44	495	0.4	1	432 63
45	803	0.4	1	736 67
46	211	0.4	1	183 28
47	343	0.4	1	317 26
48	511	0.4	1	470 41
49	378	0.4	1	335 43
50	266	0.4	1	228 38
51	354	0.4	1	314 40
52	291	0.4	1	249 42
53	262	0.4	1	233 29
54	262	0.4	1	230 32
55	322	0.4	1	264 58
56	216	0.4	1	183 33
57	294	0.4	1	249 45
58	238	0.4	1	209 29
59	179	0.4	1	151 28
60	136	0.4	1	119 17
61	112	0.4	1	90 22
62	212	0.4	1	178 34
63	184	0.4	1	146 38
64	113	0.4	1	85 28
65	82	0.4	1	67 15
66	233	0.4	1	201 32
67	138	0.4	1	113 25
68	142	0.4	1	117 25
69	66	0.4	1	49 17
70	60	0.4	1	30 30
71	41	0.4	1	16 25
72	42	0.4	1	21 21
73	48	0.4	1	31 17
74	90	0.4	1	57 33
75	75	0.4	1	58 17
76	82	0.4	1	50 32
77	73	0.4	1	53 20
78	62	0.4	1	35 27
79	77	0.4	1	48 29
80	69	0.4	1	49 20
81	81	0.4	1	52 29
82	59	0.4	1	39 20
83	69	0.4	1	47 22
84	46	0.4	1	33 13
85	62	0.4	1	43 19
86	63	0.4	1	44 19
87	61	0.4	1	38 23
88	55	0.4	1	29 26
89	32	0.4	1	18 14
90	51	0.4	1	32 19
91	56	0.4	1	24 32
92	33	0.4	1	22 11
93	47	0.4	1	19 28
94	42	0.4	1	29 13
95	41	0.4	1	18 23
96	29	0.4	1	20 9
97	45	0.4	1	21 24
98	38	0.4	1	16 22
99	39	0.4	1	24 15
100	33	0.4	1	14 19
101	38	0.4	1	15 23
102	35	0.4	1	19 16
103	37	0.4	1	23 14
104	54	0.4	1	34 20
105	27	0.4	1	14 13
106	29	0.4	1	12 17
107	24	0.4	1	15 9
108	29	0.4	1	16 13
109	32	0.4	1	11 21
110	36	0.4	1	10 26
111	24	0.4	1	12 12
112	32	0.4	1	12 20
113	23	0.4	1	7 16
114	26	0.4	1	8 18
115	34	0.4	1	16 18
116	29	0.4	1	14 15
117	25	0.4	1	8 17
118	23	0.4	1	10 13
119	25	0.4	1	7 18
120	25	0.4	1	7 18
121	30	0.4	1	6 24
122	23	0.4	1	9 14
123	18	0.4	1	7 11
124	24	0.4	1	9 15
125	21	0.4	1	7 14
126	32	0.4	1	13 19
127	20	0.4	1	5 15
128	25	0.4	1	9 16
129	19	0.4	1	6 13
130	21	0.4	1	7 14
131	21	0.4	1	6 15
132	19	0.4	1	7 12
133	17	0.4	1	2 15
134	20	0.4	1	7 13
135	24	0.4	1	8 16
136	17	0.4	1	7 10
137	19	0.4	1	7 12
138	23	0.4	1	5 18
139	15	0.4	1	5 10
140	30	0.4	1	8 22
141	19	0.4	1	8 11
142	16	0.4	1	1 15
143	11	0.4	1	2 9
144	15	0.4	1	6 9
145	18	0.4	1	1 17
146	16	0.4	1	0 16
147	17	0.4	1	5 12
148	18	0.4	1	5 13
149	42	0.4	1	0 42
150	5860	0.4	1	5 5855

RUN STATISTICS FOR INPUT FILE: s016_R1_001.fastq.gz
=============================================
26026614 sequences processed in total

