
SUMMARISING RUN PARAMETERS
==========================
Input filename: s018_R1_001.fastq.gz
Trimming mode: paired-end
Trim Galore version: 0.6.10
Cutadapt version: 3.4
Number of cores used for trimming: 1
Quality Phred score cutoff: 20
Quality encoding type selected: ASCII+33
Using Illumina adapter for trimming (count: 2133). Second best hit was smallRNA (count: 5)
Adapter sequence: 'AGATCGGAAGAGC' (Illumina TruSeq, Sanger iPCR; auto-detected)
Maximum trimming error rate: 0.1 (default)
Minimum required adapter overlap (stringency): 1 bp
Minimum required sequence length for both reads before a sequence pair gets removed: 20 bp
Running FastQC on the data once trimming has completed
Output file will be GZIP compressed


This is cutadapt 3.4 with Python 3.9.2
Command line parameters: -j 1 -e 0.1 -q 20 -O 1 -a AGATCGGAAGAGC s018_R1_001.fastq.gz
Processing reads on 1 core in single-end mode ...
Finished in 1720.37 s (70 µs/read; 0.85 M reads/minute).

=== Summary ===

Total reads processed:              24,500,744
Reads with adapters:                 8,900,498 (36.3%)
Reads written (passing filters):    24,500,744 (100.0%)

Total basepairs processed: 3,675,111,600 bp
Quality-trimmed:               7,718,518 bp (0.2%)
Total written (filtered):  3,653,500,215 bp (99.4%)

=== Adapter 1 ===

Sequence: AGATCGGAAGAGC; Type: regular 3'; Length: 13; Trimmed: 8900498 times

No. of allowed errors:
1-9 bp: 0; 10-13 bp: 1

Bases preceding removed adapters:
  A: 36.8%
  C: 24.2%
  G: 16.8%
  T: 22.1%
  none/other: 0.0%

Overview of removed sequences
length	count	expect	max.err	error counts
1	6840303	6125186.0	0	6840303
2	1398307	1531296.5	0	1398307
3	450042	382824.1	0	450042
4	103310	95706.0	0	103310
5	22903	23926.5	0	22903
6	6323	5981.6	0	6323
7	3531	1495.4	0	3531
8	3452	373.9	0	3452
9	3284	93.5	0	2905 379
10	3139	23.4	1	2469 670
11	3282	5.8	1	2782 500
12	2961	1.5	1	2667 294
13	2472	0.4	1	2312 160
14	2465	0.4	1	2267 198
15	2466	0.4	1	2273 193
16	2290	0.4	1	2093 197
17	2369	0.4	1	2167 202
18	2115	0.4	1	1947 168
19	1887	0.4	1	1760 127
20	1981	0.4	1	1833 148
21	1943	0.4	1	1814 129
22	1811	0.4	1	1675 136
23	1751	0.4	1	1606 145
24	1695	0.4	1	1522 173
25	1651	0.4	1	1517 134
26	1555	0.4	1	1460 95
27	1516	0.4	1	1401 115
28	1395	0.4	1	1299 96
29	1367	0.4	1	1242 125
30	1192	0.4	1	1105 87
31	1120	0.4	1	1049 71
32	1162	0.4	1	1083 79
33	1116	0.4	1	1021 95
34	1030	0.4	1	962 68
35	1037	0.4	1	956 81
36	997	0.4	1	903 94
37	801	0.4	1	732 69
38	854	0.4	1	780 74
39	862	0.4	1	788 74
40	758	0.4	1	708 50
41	666	0.4	1	611 55
42	754	0.4	1	710 44
43	711	0.4	1	645 66
44	586	0.4	1	537 49
45	877	0.4	1	802 75
46	269	0.4	1	235 34
47	468	0.4	1	434 34
48	576	0.4	1	529 47
49	446	0.4	1	409 37
50	419	0.4	1	378 41
51	426	0.4	1	395 31
52	356	0.4	1	322 34
53	374	0.4	1	336 38
54	385	0.4	1	350 35
55	436	0.4	1	393 43
56	265	0.4	1	229 36
57	402	0.4	1	356 46
58	341	0.4	1	305 36
59	260	0.4	1	225 35
60	250	0.4	1	226 24
61	172	0.4	1	159 13
62	291	0.4	1	256 35
63	278	0.4	1	253 25
64	173	0.4	1	149 24
65	141	0.4	1	117 24
66	342	0.4	1	322 20
67	210	0.4	1	187 23
68	217	0.4	1	195 22
69	70	0.4	1	60 10
70	75	0.4	1	49 26
71	47	0.4	1	21 26
72	39	0.4	1	21 18
73	78	0.4	1	58 20
74	118	0.4	1	96 22
75	93	0.4	1	75 18
76	110	0.4	1	89 21
77	89	0.4	1	79 10
78	117	0.4	1	91 26
79	80	0.4	1	62 18
80	82	0.4	1	52 30
81	64	0.4	1	47 17
82	94	0.4	1	61 33
83	58	0.4	1	33 25
84	74	0.4	1	51 23
85	59	0.4	1	42 17
86	64	0.4	1	41 23
87	51	0.4	1	34 17
88	65	0.4	1	43 22
89	65	0.4	1	46 19
90	56	0.4	1	38 18
91	51	0.4	1	29 22
92	67	0.4	1	30 37
93	45	0.4	1	25 20
94	61	0.4	1	42 19
95	46	0.4	1	27 19
96	46	0.4	1	30 16
97	47	0.4	1	24 23
98	41	0.4	1	17 24
99	36	0.4	1	18 18
100	55	0.4	1	27 28
101	47	0.4	1	20 27
102	47	0.4	1	21 26
103	42	0.4	1	28 14
104	239	0.4	1	223 16
105	31	0.4	1	17 14
106	34	0.4	1	22 12
107	22	0.4	1	11 11
108	30	0.4	1	13 17
109	34	0.4	1	16 18
110	34	0.4	1	20 14
111	30	0.4	1	14 16
112	18	0.4	1	6 12
113	27	0.4	1	10 17
114	23	0.4	1	12 11
115	28	0.4	1	13 15
116	24	0.4	1	8 16
117	25	0.4	1	12 13
118	27	0.4	1	12 15
119	28	0.4	1	11 17
120	21	0.4	1	5 16
121	20	0.4	1	5 15
122	25	0.4	1	5 20
123	21	0.4	1	6 15
124	25	0.4	1	7 18
125	19	0.4	1	4 15
126	14	0.4	1	4 10
127	26	0.4	1	14 12
128	19	0.4	1	6 13
129	11	0.4	1	5 6
130	23	0.4	1	12 11
131	16	0.4	1	3 13
132	17	0.4	1	4 13
133	16	0.4	1	4 12
134	12	0.4	1	7 5
135	15	0.4	1	4 11
136	19	0.4	1	3 16
137	11	0.4	1	5 6
138	24	0.4	1	4 20
139	28	0.4	1	4 24
140	16	0.4	1	4 12
141	10	0.4	1	3 7
142	22	0.4	1	2 20
143	13	0.4	1	3 10
144	18	0.4	1	1 17
145	22	0.4	1	7 15
146	21	0.4	1	4 17
147	22	0.4	1	5 17
148	19	0.4	1	5 14
149	26	0.4	1	2 24
150	1408	0.4	1	5 1403

RUN STATISTICS FOR INPUT FILE: s018_R1_001.fastq.gz
=============================================
24500744 sequences processed in total

