
SUMMARISING RUN PARAMETERS
==========================
Input filename: s020_R1_001.fastq.gz
Trimming mode: paired-end
Trim Galore version: 0.6.10
Cutadapt version: 3.4
Number of cores used for trimming: 1
Quality Phred score cutoff: 20
Quality encoding type selected: ASCII+33
Using Illumina adapter for trimming (count: 3815). Second best hit was Nextera (count: 8)
Adapter sequence: 'AGATCGGAAGAGC' (Illumina TruSeq, Sanger iPCR; auto-detected)
Maximum trimming error rate: 0.1 (default)
Minimum required adapter overlap (stringency): 1 bp
Minimum required sequence length for both reads before a sequence pair gets removed: 20 bp
Running FastQC on the data once trimming has completed
Output file will be GZIP compressed


This is cutadapt 3.4 with Python 3.9.2
Command line parameters: -j 1 -e 0.1 -q 20 -O 1 -a AGATCGGAAGAGC s020_R1_001.fastq.gz
Processing reads on 1 core in single-end mode ...
Finished in 1708.25 s (68 µs/read; 0.88 M reads/minute).

=== Summary ===

Total reads processed:              25,065,122
Reads with adapters:                 8,378,298 (33.4%)
Reads written (passing filters):    25,065,122 (100.0%)

Total basepairs processed: 3,759,768,300 bp
Quality-trimmed:               7,658,213 bp (0.2%)
Total written (filtered):  3,736,872,661 bp (99.4%)

=== Adapter 1 ===

Sequence: AGATCGGAAGAGC; Type: regular 3'; Length: 13; Trimmed: 8378298 times

No. of allowed errors:
1-9 bp: 0; 10-13 bp: 1

Bases preceding removed adapters:
  A: 32.8%
  C: 26.6%
  G: 20.3%
  T: 20.3%
  none/other: 0.0%

Overview of removed sequences
length	count	expect	max.err	error counts
1	6228375	6266280.5	0	6228375
2	1427305	1566570.1	0	1427305
3	438247	391642.5	0	438247
4	104048	97910.6	0	104048
5	29646	24477.7	0	29646
6	11066	6119.4	0	11066
7	6276	1529.9	0	6276
8	5603	382.5	0	5603
9	4756	95.6	0	4286 470
10	5371	23.9	1	4424 947
11	5165	6.0	1	4437 728
12	4828	1.5	1	4393 435
13	4230	0.4	1	3909 321
14	4295	0.4	1	3948 347
15	4150	0.4	1	3849 301
16	3930	0.4	1	3573 357
17	4075	0.4	1	3709 366
18	3674	0.4	1	3406 268
19	3195	0.4	1	2943 252
20	3422	0.4	1	3123 299
21	3353	0.4	1	3110 243
22	3102	0.4	1	2860 242
23	3191	0.4	1	2954 237
24	2842	0.4	1	2560 282
25	2688	0.4	1	2460 228
26	2570	0.4	1	2391 179
27	2657	0.4	1	2463 194
28	2644	0.4	1	2442 202
29	2301	0.4	1	2095 206
30	2226	0.4	1	2069 157
31	2041	0.4	1	1918 123
32	2148	0.4	1	1994 154
33	1902	0.4	1	1767 135
34	1904	0.4	1	1777 127
35	2047	0.4	1	1860 187
36	1928	0.4	1	1709 219
37	1501	0.4	1	1389 112
38	1635	0.4	1	1505 130
39	1659	0.4	1	1528 131
40	1359	0.4	1	1265 94
41	1314	0.4	1	1213 101
42	1316	0.4	1	1209 107
43	1426	0.4	1	1290 136
44	1100	0.4	1	1016 84
45	1750	0.4	1	1635 115
46	508	0.4	1	438 70
47	862	0.4	1	780 82
48	1183	0.4	1	1100 83
49	851	0.4	1	787 64
50	726	0.4	1	658 68
51	868	0.4	1	772 96
52	785	0.4	1	709 76
53	686	0.4	1	615 71
54	726	0.4	1	655 71
55	841	0.4	1	752 89
56	595	0.4	1	546 49
57	769	0.4	1	711 58
58	727	0.4	1	680 47
59	544	0.4	1	494 50
60	403	0.4	1	357 46
61	344	0.4	1	299 45
62	646	0.4	1	604 42
63	564	0.4	1	515 49
64	365	0.4	1	330 35
65	297	0.4	1	258 39
66	812	0.4	1	750 62
67	409	0.4	1	369 40
68	485	0.4	1	449 36
69	170	0.4	1	136 34
70	135	0.4	1	98 37
71	82	0.4	1	55 27
72	110	0.4	1	77 33
73	180	0.4	1	145 35
74	218	0.4	1	188 30
75	244	0.4	1	214 30
76	213	0.4	1	175 38
77	236	0.4	1	190 46
78	231	0.4	1	193 38
79	214	0.4	1	180 34
80	209	0.4	1	172 37
81	189	0.4	1	147 42
82	153	0.4	1	129 24
83	207	0.4	1	174 33
84	229	0.4	1	180 49
85	162	0.4	1	133 29
86	154	0.4	1	126 28
87	150	0.4	1	116 34
88	158	0.4	1	110 48
89	137	0.4	1	103 34
90	147	0.4	1	109 38
91	133	0.4	1	97 36
92	105	0.4	1	72 33
93	106	0.4	1	76 30
94	108	0.4	1	71 37
95	124	0.4	1	77 47
96	137	0.4	1	87 50
97	99	0.4	1	73 26
98	78	0.4	1	41 37
99	85	0.4	1	57 28
100	113	0.4	1	82 31
101	84	0.4	1	54 30
102	89	0.4	1	58 31
103	88	0.4	1	56 32
104	257	0.4	1	234 23
105	84	0.4	1	52 32
106	63	0.4	1	44 19
107	66	0.4	1	45 21
108	57	0.4	1	36 21
109	56	0.4	1	35 21
110	79	0.4	1	52 27
111	65	0.4	1	33 32
112	66	0.4	1	29 37
113	56	0.4	1	24 32
114	48	0.4	1	26 22
115	50	0.4	1	19 31
116	55	0.4	1	25 30
117	71	0.4	1	26 45
118	45	0.4	1	30 15
119	47	0.4	1	21 26
120	43	0.4	1	14 29
121	62	0.4	1	24 38
122	42	0.4	1	22 20
123	40	0.4	1	13 27
124	37	0.4	1	17 20
125	43	0.4	1	21 22
126	45	0.4	1	17 28
127	41	0.4	1	18 23
128	35	0.4	1	17 18
129	43	0.4	1	16 27
130	50	0.4	1	24 26
131	28	0.4	1	10 18
132	49	0.4	1	25 24
133	42	0.4	1	14 28
134	34	0.4	1	15 19
135	36	0.4	1	9 27
136	43	0.4	1	19 24
137	43	0.4	1	11 32
138	39	0.4	1	16 23
139	31	0.4	1	10 21
140	42	0.4	1	11 31
141	37	0.4	1	23 14
142	31	0.4	1	8 23
143	29	0.4	1	13 16
144	26	0.4	1	8 18
145	32	0.4	1	5 27
146	32	0.4	1	8 24
147	24	0.4	1	13 11
148	26	0.4	1	8 18
149	34	0.4	1	0 34
150	1460	0.4	1	8 1452

RUN STATISTICS FOR INPUT FILE: s020_R1_001.fastq.gz
=============================================
25065122 sequences processed in total

