
SUMMARISING RUN PARAMETERS
==========================
Input filename: s022_R1_001.fastq.gz
Trimming mode: paired-end
Trim Galore version: 0.6.10
Cutadapt version: 3.4
Number of cores used for trimming: 1
Quality Phred score cutoff: 20
Quality encoding type selected: ASCII+33
Using Illumina adapter for trimming (count: 4166). Second best hit was smallRNA (count: 7)
Adapter sequence: 'AGATCGGAAGAGC' (Illumina TruSeq, Sanger iPCR; auto-detected)
Maximum trimming error rate: 0.1 (default)
Minimum required adapter overlap (stringency): 1 bp
Minimum required sequence length for both reads before a sequence pair gets removed: 20 bp
Running FastQC on the data once trimming has completed
Output file will be GZIP compressed


This is cutadapt 3.4 with Python 3.9.2
Command line parameters: -j 1 -e 0.1 -q 20 -O 1 -a AGATCGGAAGAGC s022_R1_001.fastq.gz
Processing reads on 1 core in single-end mode ...
Finished in 4368.31 s (174 µs/read; 0.35 M reads/minute).

=== Summary ===

Total reads processed:              25,174,675
Reads with adapters:                 9,177,753 (36.5%)
Reads written (passing filters):    25,174,675 (100.0%)

Total basepairs processed: 3,776,201,250 bp
Quality-trimmed:               7,789,564 bp (0.2%)
Total written (filtered):  3,752,064,006 bp (99.4%)

=== Adapter 1 ===

Sequence: AGATCGGAAGAGC; Type: regular 3'; Length: 13; Trimmed: 9177753 times

No. of allowed errors:
1-9 bp: 0; 10-13 bp: 1

Bases preceding removed adapters:
  A: 36.5%
  C: 24.2%
  G: 17.0%
  T: 22.2%
  none/other: 0.0%

Overview of removed sequences
length	count	expect	max.err	error counts
1	6996536	6293668.8	0	6996536
2	1428178	1573417.2	0	1428178
3	463345	393354.3	0	463345
4	109309	98338.6	0	109309
5	26344	24584.6	0	26344
6	8619	6146.2	0	8619
7	5530	1536.5	0	5530
8	5553	384.1	0	5553
9	4916	96.0	0	4529 387
10	5260	24.0	1	4397 863
11	5175	6.0	1	4503 672
12	4926	1.5	1	4486 440
13	4257	0.4	1	3965 292
14	4254	0.4	1	3929 325
15	4068	0.4	1	3773 295
16	4016	0.4	1	3650 366
17	4021	0.4	1	3671 350
18	3718	0.4	1	3470 248
19	3307	0.4	1	3100 207
20	3532	0.4	1	3259 273
21	3291	0.4	1	3050 241
22	3179	0.4	1	2970 209
23	3264	0.4	1	3047 217
24	3033	0.4	1	2778 255
25	2869	0.4	1	2698 171
26	2748	0.4	1	2568 180
27	2822	0.4	1	2654 168
28	2625	0.4	1	2443 182
29	2641	0.4	1	2421 220
30	2359	0.4	1	2213 146
31	2207	0.4	1	2059 148
32	2209	0.4	1	2055 154
33	2055	0.4	1	1905 150
34	2025	0.4	1	1879 146
35	2150	0.4	1	2000 150
36	2084	0.4	1	1900 184
37	1647	0.4	1	1554 93
38	1736	0.4	1	1619 117
39	1734	0.4	1	1628 106
40	1409	0.4	1	1314 95
41	1507	0.4	1	1382 125
42	1544	0.4	1	1433 111
43	1579	0.4	1	1453 126
44	1249	0.4	1	1147 102
45	2006	0.4	1	1877 129
46	508	0.4	1	453 55
47	961	0.4	1	905 56
48	1199	0.4	1	1107 92
49	1041	0.4	1	966 75
50	903	0.4	1	833 70
51	1068	0.4	1	986 82
52	909	0.4	1	836 73
53	806	0.4	1	742 64
54	803	0.4	1	752 51
55	1023	0.4	1	938 85
56	692	0.4	1	644 48
57	901	0.4	1	829 72
58	816	0.4	1	757 59
59	640	0.4	1	579 61
60	568	0.4	1	518 50
61	436	0.4	1	388 48
62	794	0.4	1	726 68
63	669	0.4	1	629 40
64	429	0.4	1	391 38
65	357	0.4	1	307 50
66	961	0.4	1	893 68
67	481	0.4	1	434 47
68	557	0.4	1	513 44
69	213	0.4	1	193 20
70	162	0.4	1	134 28
71	67	0.4	1	44 23
72	125	0.4	1	101 24
73	209	0.4	1	180 29
74	242	0.4	1	213 29
75	271	0.4	1	245 26
76	276	0.4	1	233 43
77	258	0.4	1	229 29
78	249	0.4	1	212 37
79	241	0.4	1	215 26
80	258	0.4	1	217 41
81	234	0.4	1	203 31
82	224	0.4	1	185 39
83	183	0.4	1	158 25
84	191	0.4	1	161 30
85	189	0.4	1	151 38
86	154	0.4	1	128 26
87	167	0.4	1	137 30
88	156	0.4	1	122 34
89	152	0.4	1	123 29
90	167	0.4	1	130 37
91	141	0.4	1	113 28
92	114	0.4	1	84 30
93	125	0.4	1	94 31
94	128	0.4	1	86 42
95	113	0.4	1	81 32
96	103	0.4	1	78 25
97	125	0.4	1	85 40
98	126	0.4	1	95 31
99	100	0.4	1	77 23
100	127	0.4	1	90 37
101	83	0.4	1	59 24
102	93	0.4	1	62 31
103	93	0.4	1	75 18
104	277	0.4	1	246 31
105	96	0.4	1	72 24
106	79	0.4	1	54 25
107	66	0.4	1	42 24
108	68	0.4	1	43 25
109	71	0.4	1	52 19
110	53	0.4	1	31 22
111	44	0.4	1	27 17
112	55	0.4	1	34 21
113	54	0.4	1	32 22
114	61	0.4	1	37 24
115	57	0.4	1	33 24
116	51	0.4	1	33 18
117	49	0.4	1	30 19
118	50	0.4	1	20 30
119	54	0.4	1	33 21
120	46	0.4	1	24 22
121	43	0.4	1	27 16
122	35	0.4	1	11 24
123	49	0.4	1	23 26
124	31	0.4	1	17 14
125	41	0.4	1	20 21
126	32	0.4	1	19 13
127	27	0.4	1	14 13
128	29	0.4	1	20 9
129	31	0.4	1	20 11
130	26	0.4	1	11 15
131	30	0.4	1	13 17
132	42	0.4	1	25 17
133	28	0.4	1	11 17
134	28	0.4	1	16 12
135	18	0.4	1	6 12
136	27	0.4	1	12 15
137	22	0.4	1	8 14
138	25	0.4	1	11 14
139	22	0.4	1	8 14
140	22	0.4	1	8 14
141	26	0.4	1	10 16
142	31	0.4	1	9 22
143	10	0.4	1	4 6
144	23	0.4	1	11 12
145	31	0.4	1	8 23
146	21	0.4	1	8 13
147	34	0.4	1	14 20
148	24	0.4	1	10 14
149	17	0.4	1	1 16
150	1480	0.4	1	2 1478

RUN STATISTICS FOR INPUT FILE: s022_R1_001.fastq.gz
=============================================
25174675 sequences processed in total

