
SUMMARISING RUN PARAMETERS
==========================
Input filename: s024_R1_001.fastq.gz
Trimming mode: paired-end
Trim Galore version: 0.6.10
Cutadapt version: 3.4
Number of cores used for trimming: 1
Quality Phred score cutoff: 20
Quality encoding type selected: ASCII+33
Using Illumina adapter for trimming (count: 2581). Second best hit was smallRNA (count: 8)
Adapter sequence: 'AGATCGGAAGAGC' (Illumina TruSeq, Sanger iPCR; auto-detected)
Maximum trimming error rate: 0.1 (default)
Minimum required adapter overlap (stringency): 1 bp
Minimum required sequence length for both reads before a sequence pair gets removed: 20 bp
Running FastQC on the data once trimming has completed
Output file will be GZIP compressed


This is cutadapt 3.4 with Python 3.9.2
Command line parameters: -j 1 -e 0.1 -q 20 -O 1 -a AGATCGGAAGAGC s024_R1_001.fastq.gz
Processing reads on 1 core in single-end mode ...
Finished in 1724.96 s (66 µs/read; 0.91 M reads/minute).

=== Summary ===

Total reads processed:              26,028,876
Reads with adapters:                 9,454,384 (36.3%)
Reads written (passing filters):    26,028,876 (100.0%)

Total basepairs processed: 3,904,331,400 bp
Quality-trimmed:               7,764,661 bp (0.2%)
Total written (filtered):  3,881,249,718 bp (99.4%)

=== Adapter 1 ===

Sequence: AGATCGGAAGAGC; Type: regular 3'; Length: 13; Trimmed: 9454384 times

No. of allowed errors:
1-9 bp: 0; 10-13 bp: 1

Bases preceding removed adapters:
  A: 36.5%
  C: 24.4%
  G: 17.0%
  T: 22.1%
  none/other: 0.0%

Overview of removed sequences
length	count	expect	max.err	error counts
1	7234494	6507219.0	0	7234494
2	1489518	1626804.8	0	1489518
3	481928	406701.2	0	481928
4	111594	101675.3	0	111594
5	25177	25418.8	0	25177
6	7586	6354.7	0	7586
7	4653	1588.7	0	4653
8	4539	397.2	0	4539
9	4027	99.3	0	3619 408
10	4204	24.8	1	3395 809
11	4058	6.2	1	3443 615
12	3665	1.6	1	3326 339
13	3240	0.4	1	2999 241
14	3366	0.4	1	3074 292
15	3028	0.4	1	2798 230
16	3176	0.4	1	2925 251
17	3170	0.4	1	2911 259
18	2726	0.4	1	2544 182
19	2465	0.4	1	2311 154
20	2592	0.4	1	2400 192
21	2531	0.4	1	2329 202
22	2254	0.4	1	2108 146
23	2399	0.4	1	2222 177
24	2210	0.4	1	2047 163
25	2120	0.4	1	1978 142
26	2021	0.4	1	1876 145
27	1963	0.4	1	1808 155
28	1749	0.4	1	1626 123
29	1734	0.4	1	1597 137
30	1548	0.4	1	1444 104
31	1551	0.4	1	1459 92
32	1495	0.4	1	1395 100
33	1472	0.4	1	1361 111
34	1399	0.4	1	1316 83
35	1398	0.4	1	1289 109
36	1441	0.4	1	1282 159
37	1089	0.4	1	1016 73
38	1158	0.4	1	1064 94
39	1183	0.4	1	1095 88
40	972	0.4	1	903 69
41	971	0.4	1	890 81
42	955	0.4	1	881 74
43	1012	0.4	1	922 90
44	831	0.4	1	752 79
45	1290	0.4	1	1206 84
46	362	0.4	1	311 51
47	605	0.4	1	557 48
48	758	0.4	1	695 63
49	734	0.4	1	673 61
50	555	0.4	1	506 49
51	667	0.4	1	608 59
52	627	0.4	1	582 45
53	500	0.4	1	443 57
54	493	0.4	1	440 53
55	567	0.4	1	521 46
56	419	0.4	1	381 38
57	522	0.4	1	482 40
58	458	0.4	1	417 41
59	387	0.4	1	340 47
60	341	0.4	1	315 26
61	236	0.4	1	201 35
62	420	0.4	1	378 42
63	391	0.4	1	357 34
64	260	0.4	1	233 27
65	214	0.4	1	183 31
66	486	0.4	1	453 33
67	233	0.4	1	206 27
68	280	0.4	1	254 26
69	141	0.4	1	112 29
70	96	0.4	1	70 26
71	44	0.4	1	21 23
72	72	0.4	1	41 31
73	128	0.4	1	92 36
74	133	0.4	1	104 29
75	139	0.4	1	114 25
76	126	0.4	1	107 19
77	128	0.4	1	103 25
78	149	0.4	1	124 25
79	117	0.4	1	96 21
80	102	0.4	1	78 24
81	106	0.4	1	77 29
82	127	0.4	1	89 38
83	90	0.4	1	68 22
84	102	0.4	1	76 26
85	88	0.4	1	61 27
86	79	0.4	1	52 27
87	99	0.4	1	70 29
88	93	0.4	1	60 33
89	87	0.4	1	50 37
90	84	0.4	1	58 26
91	75	0.4	1	56 19
92	73	0.4	1	52 21
93	55	0.4	1	31 24
94	58	0.4	1	38 20
95	66	0.4	1	45 21
96	63	0.4	1	46 17
97	73	0.4	1	44 29
98	65	0.4	1	43 22
99	46	0.4	1	31 15
100	53	0.4	1	29 24
101	50	0.4	1	27 23
102	54	0.4	1	26 28
103	53	0.4	1	37 16
104	197	0.4	1	169 28
105	44	0.4	1	27 17
106	42	0.4	1	15 27
107	34	0.4	1	19 15
108	36	0.4	1	23 13
109	48	0.4	1	21 27
110	38	0.4	1	21 17
111	31	0.4	1	14 17
112	36	0.4	1	16 20
113	37	0.4	1	16 21
114	38	0.4	1	16 22
115	34	0.4	1	10 24
116	24	0.4	1	13 11
117	30	0.4	1	13 17
118	24	0.4	1	7 17
119	30	0.4	1	11 19
120	37	0.4	1	14 23
121	27	0.4	1	7 20
122	29	0.4	1	4 25
123	36	0.4	1	15 21
124	21	0.4	1	7 14
125	26	0.4	1	6 20
126	28	0.4	1	17 11
127	21	0.4	1	11 10
128	26	0.4	1	9 17
129	29	0.4	1	13 16
130	21	0.4	1	10 11
131	13	0.4	1	7 6
132	17	0.4	1	6 11
133	19	0.4	1	4 15
134	13	0.4	1	5 8
135	15	0.4	1	6 9
136	26	0.4	1	6 20
137	22	0.4	1	2 20
138	27	0.4	1	6 21
139	17	0.4	1	3 14
140	15	0.4	1	5 10
141	18	0.4	1	11 7
142	17	0.4	1	3 14
143	18	0.4	1	4 14
144	14	0.4	1	4 10
145	19	0.4	1	3 16
146	20	0.4	1	3 17
147	8	0.4	1	3 5
148	16	0.4	1	3 13
149	25	0.4	1	1 24
150	1440	0.4	1	4 1436

RUN STATISTICS FOR INPUT FILE: s024_R1_001.fastq.gz
=============================================
26028876 sequences processed in total

