
SUMMARISING RUN PARAMETERS
==========================
Input filename: s025_R1_001.fastq.gz
Trimming mode: paired-end
Trim Galore version: 0.6.10
Cutadapt version: 3.4
Number of cores used for trimming: 1
Quality Phred score cutoff: 20
Quality encoding type selected: ASCII+33
Using Illumina adapter for trimming (count: 2650). Second best hit was Nextera (count: 5)
Adapter sequence: 'AGATCGGAAGAGC' (Illumina TruSeq, Sanger iPCR; auto-detected)
Maximum trimming error rate: 0.1 (default)
Minimum required adapter overlap (stringency): 1 bp
Minimum required sequence length for both reads before a sequence pair gets removed: 20 bp
Running FastQC on the data once trimming has completed
Output file will be GZIP compressed


This is cutadapt 3.4 with Python 3.9.2
Command line parameters: -j 1 -e 0.1 -q 20 -O 1 -a AGATCGGAAGAGC s025_R1_001.fastq.gz
Processing reads on 1 core in single-end mode ...
Finished in 5206.99 s (195 µs/read; 0.31 M reads/minute).

=== Summary ===

Total reads processed:              26,749,521
Reads with adapters:                 9,474,208 (35.4%)
Reads written (passing filters):    26,749,521 (100.0%)

Total basepairs processed: 4,012,428,150 bp
Quality-trimmed:               7,625,037 bp (0.2%)
Total written (filtered):  3,989,270,244 bp (99.4%)

=== Adapter 1 ===

Sequence: AGATCGGAAGAGC; Type: regular 3'; Length: 13; Trimmed: 9474208 times

No. of allowed errors:
1-9 bp: 0; 10-13 bp: 1

Bases preceding removed adapters:
  A: 36.1%
  C: 24.7%
  G: 17.8%
  T: 21.3%
  none/other: 0.0%

Overview of removed sequences
length	count	expect	max.err	error counts
1	7236503	6687380.2	0	7236503
2	1498559	1671845.1	0	1498559
3	477957	417961.3	0	477957
4	113095	104490.3	0	113095
5	27688	26122.6	0	27688
6	9201	6530.6	0	9201
7	5525	1632.7	0	5525
8	5093	408.2	0	5093
9	4605	102.0	0	4166 439
10	4675	25.5	1	3834 841
11	4582	6.4	1	3970 612
12	4191	1.6	1	3852 339
13	3485	0.4	1	3235 250
14	3519	0.4	1	3242 277
15	3307	0.4	1	3068 239
16	3354	0.4	1	3077 277
17	3373	0.4	1	3086 287
18	3016	0.4	1	2817 199
19	2536	0.4	1	2387 149
20	2672	0.4	1	2473 199
21	2636	0.4	1	2447 189
22	2495	0.4	1	2333 162
23	2534	0.4	1	2342 192
24	2387	0.4	1	2195 192
25	2145	0.4	1	1994 151
26	2048	0.4	1	1911 137
27	2106	0.4	1	1963 143
28	1937	0.4	1	1789 148
29	1875	0.4	1	1710 165
30	1658	0.4	1	1570 88
31	1536	0.4	1	1437 99
32	1505	0.4	1	1381 124
33	1470	0.4	1	1349 121
34	1349	0.4	1	1265 84
35	1435	0.4	1	1315 120
36	1454	0.4	1	1316 138
37	1177	0.4	1	1095 82
38	1018	0.4	1	945 73
39	1153	0.4	1	1038 115
40	1111	0.4	1	1028 83
41	1165	0.4	1	1078 87
42	941	0.4	1	863 78
43	826	0.4	1	739 87
44	869	0.4	1	788 81
45	1346	0.4	1	1254 92
46	399	0.4	1	334 65
47	714	0.4	1	653 61
48	1395	0.4	1	1314 81
49	626	0.4	1	578 48
50	398	0.4	1	335 63
51	824	0.4	1	746 78
52	569	0.4	1	514 55
53	302	0.4	1	265 37
54	647	0.4	1	593 54
55	981	0.4	1	931 50
56	382	0.4	1	335 47
57	407	0.4	1	369 38
58	264	0.4	1	210 54
59	390	0.4	1	357 33
60	160	0.4	1	129 31
61	132	0.4	1	112 20
62	456	0.4	1	425 31
63	242	0.4	1	218 24
64	128	0.4	1	102 26
65	197	0.4	1	150 47
66	424	0.4	1	393 31
67	113	0.4	1	89 24
68	182	0.4	1	149 33
69	116	0.4	1	97 19
70	114	0.4	1	77 37
71	44	0.4	1	20 24
72	74	0.4	1	41 33
73	112	0.4	1	93 19
74	134	0.4	1	110 24
75	153	0.4	1	124 29
76	145	0.4	1	113 32
77	147	0.4	1	124 23
78	162	0.4	1	121 41
79	125	0.4	1	92 33
80	120	0.4	1	92 28
81	124	0.4	1	91 33
82	122	0.4	1	85 37
83	129	0.4	1	99 30
84	120	0.4	1	82 38
85	122	0.4	1	92 30
86	101	0.4	1	71 30
87	107	0.4	1	70 37
88	92	0.4	1	54 38
89	84	0.4	1	60 24
90	113	0.4	1	77 36
91	78	0.4	1	52 26
92	77	0.4	1	50 27
93	91	0.4	1	53 38
94	70	0.4	1	51 19
95	67	0.4	1	43 24
96	76	0.4	1	53 23
97	67	0.4	1	44 23
98	90	0.4	1	62 28
99	66	0.4	1	34 32
100	64	0.4	1	38 26
101	60	0.4	1	33 27
102	52	0.4	1	30 22
103	64	0.4	1	43 21
104	60	0.4	1	32 28
105	45	0.4	1	26 19
106	50	0.4	1	24 26
107	39	0.4	1	23 16
108	37	0.4	1	22 15
109	55	0.4	1	32 23
110	42	0.4	1	19 23
111	44	0.4	1	26 18
112	37	0.4	1	18 19
113	35	0.4	1	15 20
114	32	0.4	1	13 19
115	41	0.4	1	17 24
116	47	0.4	1	12 35
117	36	0.4	1	16 20
118	24	0.4	1	8 16
119	37	0.4	1	13 24
120	24	0.4	1	11 13
121	25	0.4	1	8 17
122	27	0.4	1	12 15
123	31	0.4	1	9 22
124	33	0.4	1	10 23
125	32	0.4	1	7 25
126	45	0.4	1	17 28
127	31	0.4	1	10 21
128	27	0.4	1	11 16
129	27	0.4	1	9 18
130	31	0.4	1	14 17
131	12	0.4	1	3 9
132	13	0.4	1	4 9
133	18	0.4	1	4 14
134	25	0.4	1	5 20
135	21	0.4	1	6 15
136	22	0.4	1	7 15
137	20	0.4	1	5 15
138	24	0.4	1	4 20
139	21	0.4	1	1 20
140	12	0.4	1	3 9
141	19	0.4	1	7 12
142	20	0.4	1	4 16
143	16	0.4	1	2 14
144	19	0.4	1	2 17
145	20	0.4	1	4 16
146	22	0.4	1	6 16
147	20	0.4	1	5 15
148	20	0.4	1	2 18
149	21	0.4	1	1 20
150	1923	0.4	1	3 1920

RUN STATISTICS FOR INPUT FILE: s025_R1_001.fastq.gz
=============================================
26749521 sequences processed in total

