
SUMMARISING RUN PARAMETERS
==========================
Input filename: s026_R2_001.fastq.gz
Trimming mode: paired-end
Trim Galore version: 0.6.10
Cutadapt version: 3.4
Number of cores used for trimming: 1
Quality Phred score cutoff: 20
Quality encoding type selected: ASCII+33
Using Illumina adapter for trimming (count: 4689). Second best hit was smallRNA (count: 5)
Adapter sequence: 'AGATCGGAAGAGC' (Illumina TruSeq, Sanger iPCR; auto-detected)
Maximum trimming error rate: 0.1 (default)
Minimum required adapter overlap (stringency): 1 bp
Minimum required sequence length for both reads before a sequence pair gets removed: 20 bp
Running FastQC on the data once trimming has completed
Output file will be GZIP compressed


This is cutadapt 3.4 with Python 3.9.2
Command line parameters: -j 1 -e 0.1 -q 20 -O 1 -a AGATCGGAAGAGC s026_R2_001.fastq.gz
Processing reads on 1 core in single-end mode ...
Finished in 1757.60 s (72 µs/read; 0.83 M reads/minute).

=== Summary ===

Total reads processed:              24,362,732
Reads with adapters:                 8,114,710 (33.3%)
Reads written (passing filters):    24,362,732 (100.0%)

Total basepairs processed: 3,654,409,800 bp
Quality-trimmed:              10,676,578 bp (0.3%)
Total written (filtered):  3,628,002,548 bp (99.3%)

=== Adapter 1 ===

Sequence: AGATCGGAAGAGC; Type: regular 3'; Length: 13; Trimmed: 8114710 times

No. of allowed errors:
1-9 bp: 0; 10-13 bp: 1

Bases preceding removed adapters:
  A: 32.7%
  C: 26.7%
  G: 20.6%
  T: 20.0%
  none/other: 0.0%

Overview of removed sequences
length	count	expect	max.err	error counts
1	5994286	6090683.0	0	5994286
2	1392306	1522670.8	0	1392306
3	428074	380667.7	0	428074
4	97829	95166.9	0	97829
5	28930	23791.7	0	28930
6	11127	5947.9	0	11127
7	7373	1487.0	0	7373
8	6407	371.7	0	6407
9	4281	92.9	0	3851 430
10	6053	23.2	1	4614 1439
11	5211	5.8	1	4343 868
12	5192	1.5	1	4457 735
13	4704	0.4	1	4059 645
14	5103	0.4	1	4348 755
15	4116	0.4	1	3570 546
16	4185	0.4	1	3659 526
17	5367	0.4	1	4621 746
18	2791	0.4	1	2490 301
19	5619	0.4	1	4844 775
20	3236	0.4	1	2790 446
21	2730	0.4	1	2410 320
22	3486	0.4	1	3070 416
23	3346	0.4	1	2948 398
24	4918	0.4	1	4231 687
25	3458	0.4	1	3162 296
26	2170	0.4	1	1935 235
27	1901	0.4	1	1700 201
28	3070	0.4	1	2693 377
29	2400	0.4	1	2161 239
30	3295	0.4	1	2914 381
31	1828	0.4	1	1654 174
32	2983	0.4	1	2643 340
33	2153	0.4	1	1937 216
34	1712	0.4	1	1560 152
35	2166	0.4	1	1944 222
36	2915	0.4	1	2587 328
37	1904	0.4	1	1756 148
38	1450	0.4	1	1322 128
39	1415	0.4	1	1270 145
40	1703	0.4	1	1538 165
41	1615	0.4	1	1472 143
42	1843	0.4	1	1653 190
43	1321	0.4	1	1189 132
44	1556	0.4	1	1387 169
45	1458	0.4	1	1313 145
46	1322	0.4	1	1196 126
47	1347	0.4	1	1186 161
48	1165	0.4	1	1033 132
49	1206	0.4	1	1096 110
50	1116	0.4	1	1014 102
51	1051	0.4	1	949 102
52	1013	0.4	1	903 110
53	962	0.4	1	849 113
54	1105	0.4	1	971 134
55	779	0.4	1	699 80
56	990	0.4	1	901 89
57	1184	0.4	1	1056 128
58	660	0.4	1	583 77
59	714	0.4	1	616 98
60	978	0.4	1	856 122
61	654	0.4	1	572 82
62	513	0.4	1	450 63
63	1453	0.4	1	1318 135
64	591	0.4	1	511 80
65	367	0.4	1	315 52
66	492	0.4	1	421 71
67	625	0.4	1	559 66
68	513	0.4	1	463 50
69	443	0.4	1	390 53
70	615	0.4	1	542 73
71	502	0.4	1	453 49
72	427	0.4	1	386 41
73	596	0.4	1	542 54
74	409	0.4	1	365 44
75	341	0.4	1	294 47
76	230	0.4	1	194 36
77	208	0.4	1	167 41
78	277	0.4	1	239 38
79	300	0.4	1	265 35
80	296	0.4	1	254 42
81	304	0.4	1	259 45
82	264	0.4	1	218 46
83	308	0.4	1	259 49
84	264	0.4	1	215 49
85	258	0.4	1	215 43
86	258	0.4	1	214 44
87	266	0.4	1	219 47
88	225	0.4	1	188 37
89	235	0.4	1	193 42
90	235	0.4	1	201 34
91	205	0.4	1	168 37
92	203	0.4	1	165 38
93	169	0.4	1	132 37
94	197	0.4	1	163 34
95	176	0.4	1	141 35
96	192	0.4	1	161 31
97	190	0.4	1	156 34
98	194	0.4	1	158 36
99	178	0.4	1	132 46
100	153	0.4	1	126 27
101	174	0.4	1	131 43
102	140	0.4	1	104 36
103	140	0.4	1	106 34
104	142	0.4	1	110 32
105	136	0.4	1	103 33
106	121	0.4	1	101 20
107	127	0.4	1	94 33
108	121	0.4	1	97 24
109	118	0.4	1	86 32
110	123	0.4	1	80 43
111	95	0.4	1	71 24
112	105	0.4	1	70 35
113	92	0.4	1	70 22
114	100	0.4	1	69 31
115	87	0.4	1	64 23
116	84	0.4	1	53 31
117	99	0.4	1	64 35
118	96	0.4	1	60 36
119	88	0.4	1	52 36
120	85	0.4	1	52 33
121	79	0.4	1	50 29
122	72	0.4	1	36 36
123	71	0.4	1	42 29
124	73	0.4	1	43 30
125	73	0.4	1	48 25
126	54	0.4	1	28 26
127	60	0.4	1	37 23
128	86	0.4	1	50 36
129	46	0.4	1	32 14
130	63	0.4	1	45 18
131	47	0.4	1	27 20
132	54	0.4	1	37 17
133	63	0.4	1	35 28
134	46	0.4	1	26 20
135	54	0.4	1	36 18
136	46	0.4	1	26 20
137	43	0.4	1	25 18
138	37	0.4	1	19 18
139	43	0.4	1	21 22
140	42	0.4	1	20 22
141	49	0.4	1	25 24
142	33	0.4	1	17 16
143	25	0.4	1	9 16
144	54	0.4	1	18 36
145	42	0.4	1	16 26
146	46	0.4	1	22 24
147	44	0.4	1	15 29
148	36	0.4	1	19 17
149	22	0.4	1	8 14
150	30	0.4	1	11 19

RUN STATISTICS FOR INPUT FILE: s026_R2_001.fastq.gz
=============================================
24362732 sequences processed in total

Total number of sequences analysed for the sequence pair length validation: 24362732

Number of sequence pairs removed because at least one read was shorter than the length cutoff (20 bp): 7613 (0.03%)
