
SUMMARISING RUN PARAMETERS
==========================
Input filename: s026_R1_001.fastq.gz
Trimming mode: paired-end
Trim Galore version: 0.6.10
Cutadapt version: 3.4
Number of cores used for trimming: 1
Quality Phred score cutoff: 20
Quality encoding type selected: ASCII+33
Using Illumina adapter for trimming (count: 4689). Second best hit was smallRNA (count: 5)
Adapter sequence: 'AGATCGGAAGAGC' (Illumina TruSeq, Sanger iPCR; auto-detected)
Maximum trimming error rate: 0.1 (default)
Minimum required adapter overlap (stringency): 1 bp
Minimum required sequence length for both reads before a sequence pair gets removed: 20 bp
Running FastQC on the data once trimming has completed
Output file will be GZIP compressed


This is cutadapt 3.4 with Python 3.9.2
Command line parameters: -j 1 -e 0.1 -q 20 -O 1 -a AGATCGGAAGAGC s026_R1_001.fastq.gz
Processing reads on 1 core in single-end mode ...
Finished in 1684.88 s (69 µs/read; 0.87 M reads/minute).

=== Summary ===

Total reads processed:              24,362,732
Reads with adapters:                 8,227,793 (33.8%)
Reads written (passing filters):    24,362,732 (100.0%)

Total basepairs processed: 3,654,409,800 bp
Quality-trimmed:               7,757,846 bp (0.2%)
Total written (filtered):  3,630,726,121 bp (99.4%)

=== Adapter 1 ===

Sequence: AGATCGGAAGAGC; Type: regular 3'; Length: 13; Trimmed: 8227793 times

No. of allowed errors:
1-9 bp: 0; 10-13 bp: 1

Bases preceding removed adapters:
  A: 33.5%
  C: 26.1%
  G: 20.3%
  T: 20.1%
  none/other: 0.0%

Overview of removed sequences
length	count	expect	max.err	error counts
1	6109498	6090683.0	0	6109498
2	1387105	1522670.8	0	1387105
3	431194	380667.7	0	431194
4	98648	95166.9	0	98648
5	28136	23791.7	0	28136
6	11173	5947.9	0	11173
7	6875	1487.0	0	6875
8	6241	371.7	0	6241
9	5133	92.9	0	4728 405
10	5659	23.2	1	4747 912
11	5549	5.8	1	4793 756
12	5181	1.5	1	4705 476
13	4798	0.4	1	4434 364
14	4513	0.4	1	4130 383
15	4547	0.4	1	4176 371
16	4252	0.4	1	3912 340
17	4544	0.4	1	4101 443
18	4122	0.4	1	3803 319
19	3593	0.4	1	3360 233
20	3795	0.4	1	3490 305
21	3681	0.4	1	3429 252
22	3515	0.4	1	3246 269
23	3486	0.4	1	3228 258
24	3229	0.4	1	2927 302
25	3221	0.4	1	2947 274
26	2920	0.4	1	2695 225
27	2924	0.4	1	2658 266
28	2855	0.4	1	2645 210
29	2703	0.4	1	2451 252
30	2585	0.4	1	2416 169
31	2440	0.4	1	2291 149
32	2363	0.4	1	2167 196
33	2283	0.4	1	2092 191
34	2444	0.4	1	2219 225
35	2096	0.4	1	1945 151
36	1974	0.4	1	1820 154
37	1834	0.4	1	1694 140
38	1937	0.4	1	1794 143
39	1723	0.4	1	1628 95
40	1816	0.4	1	1657 159
41	1878	0.4	1	1737 141
42	1792	0.4	1	1677 115
43	1397	0.4	1	1271 126
44	1407	0.4	1	1289 118
45	2341	0.4	1	2171 170
46	549	0.4	1	475 74
47	1069	0.4	1	990 79
48	2034	0.4	1	1898 136
49	1149	0.4	1	1054 95
50	741	0.4	1	677 64
51	1277	0.4	1	1165 112
52	1159	0.4	1	1054 105
53	642	0.4	1	587 55
54	1015	0.4	1	939 76
55	1841	0.4	1	1715 126
56	871	0.4	1	792 79
57	1026	0.4	1	967 59
58	664	0.4	1	605 59
59	805	0.4	1	742 63
60	355	0.4	1	308 47
61	323	0.4	1	275 48
62	951	0.4	1	889 62
63	632	0.4	1	589 43
64	342	0.4	1	300 42
65	385	0.4	1	324 61
66	1159	0.4	1	1078 81
67	254	0.4	1	215 39
68	400	0.4	1	373 27
69	209	0.4	1	178 31
70	212	0.4	1	170 42
71	91	0.4	1	54 37
72	141	0.4	1	111 30
73	268	0.4	1	240 28
74	342	0.4	1	300 42
75	332	0.4	1	295 37
76	318	0.4	1	287 31
77	352	0.4	1	293 59
78	345	0.4	1	304 41
79	335	0.4	1	304 31
80	311	0.4	1	263 48
81	319	0.4	1	262 57
82	291	0.4	1	253 38
83	318	0.4	1	270 48
84	257	0.4	1	211 46
85	258	0.4	1	217 41
86	252	0.4	1	204 48
87	280	0.4	1	231 49
88	228	0.4	1	191 37
89	246	0.4	1	203 43
90	249	0.4	1	207 42
91	227	0.4	1	183 44
92	204	0.4	1	160 44
93	154	0.4	1	121 33
94	205	0.4	1	164 41
95	174	0.4	1	145 29
96	195	0.4	1	163 32
97	182	0.4	1	147 35
98	187	0.4	1	151 36
99	149	0.4	1	123 26
100	143	0.4	1	117 26
101	156	0.4	1	129 27
102	136	0.4	1	107 29
103	137	0.4	1	102 35
104	142	0.4	1	107 35
105	124	0.4	1	95 29
106	121	0.4	1	93 28
107	113	0.4	1	93 20
108	132	0.4	1	91 41
109	101	0.4	1	74 27
110	114	0.4	1	76 38
111	96	0.4	1	68 28
112	90	0.4	1	64 26
113	89	0.4	1	72 17
114	89	0.4	1	64 25
115	84	0.4	1	61 23
116	81	0.4	1	54 27
117	78	0.4	1	61 17
118	72	0.4	1	44 28
119	64	0.4	1	42 22
120	80	0.4	1	45 35
121	78	0.4	1	44 34
122	69	0.4	1	29 40
123	73	0.4	1	37 36
124	57	0.4	1	40 17
125	66	0.4	1	37 29
126	55	0.4	1	30 25
127	63	0.4	1	38 25
128	85	0.4	1	49 36
129	51	0.4	1	37 14
130	63	0.4	1	38 25
131	52	0.4	1	27 25
132	57	0.4	1	37 20
133	65	0.4	1	38 27
134	54	0.4	1	24 30
135	54	0.4	1	35 19
136	58	0.4	1	28 30
137	42	0.4	1	27 15
138	39	0.4	1	21 18
139	44	0.4	1	21 23
140	48	0.4	1	23 25
141	49	0.4	1	27 22
142	26	0.4	1	15 11
143	33	0.4	1	10 23
144	37	0.4	1	19 18
145	42	0.4	1	19 23
146	50	0.4	1	25 25
147	33	0.4	1	15 18
148	31	0.4	1	21 10
149	29	0.4	1	8 21
150	1374	0.4	1	11 1363

RUN STATISTICS FOR INPUT FILE: s026_R1_001.fastq.gz
=============================================
24362732 sequences processed in total

