
SUMMARISING RUN PARAMETERS
==========================
Input filename: s028_R1_001.fastq.gz
Trimming mode: paired-end
Trim Galore version: 0.6.10
Cutadapt version: 3.4
Number of cores used for trimming: 1
Quality Phred score cutoff: 20
Quality encoding type selected: ASCII+33
Using Illumina adapter for trimming (count: 4104). Second best hit was Nextera (count: 6)
Adapter sequence: 'AGATCGGAAGAGC' (Illumina TruSeq, Sanger iPCR; auto-detected)
Maximum trimming error rate: 0.1 (default)
Minimum required adapter overlap (stringency): 1 bp
Minimum required sequence length for both reads before a sequence pair gets removed: 20 bp
Running FastQC on the data once trimming has completed
Output file will be GZIP compressed


This is cutadapt 3.4 with Python 3.9.2
Command line parameters: -j 1 -e 0.1 -q 20 -O 1 -a AGATCGGAAGAGC s028_R1_001.fastq.gz
Processing reads on 1 core in single-end mode ...
Finished in 1317.31 s (68 µs/read; 0.88 M reads/minute).

=== Summary ===

Total reads processed:              19,399,521
Reads with adapters:                 6,701,050 (34.5%)
Reads written (passing filters):    19,399,521 (100.0%)

Total basepairs processed: 2,909,928,150 bp
Quality-trimmed:               6,275,014 bp (0.2%)
Total written (filtered):  2,891,457,228 bp (99.4%)

=== Adapter 1 ===

Sequence: AGATCGGAAGAGC; Type: regular 3'; Length: 13; Trimmed: 6701050 times

No. of allowed errors:
1-9 bp: 0; 10-13 bp: 1

Bases preceding removed adapters:
  A: 35.0%
  C: 25.6%
  G: 18.7%
  T: 20.7%
  none/other: 0.0%

Overview of removed sequences
length	count	expect	max.err	error counts
1	5038099	4849880.2	0	5038099
2	1104970	1212470.1	0	1104970
3	336772	303117.5	0	336772
4	79256	75779.4	0	79256
5	21465	18944.8	0	21465
6	7873	4736.2	0	7873
7	4779	1184.1	0	4779
8	4389	296.0	0	4389
9	3695	74.0	0	3350 345
10	4083	18.5	1	3419 664
11	4035	4.6	1	3507 528
12	3925	1.2	1	3573 352
13	3280	0.3	1	3071 209
14	3266	0.3	1	2992 274
15	3311	0.3	1	3072 239
16	3191	0.3	1	2905 286
17	3216	0.3	1	2912 304
18	2894	0.3	1	2712 182
19	2616	0.3	1	2447 169
20	2751	0.3	1	2535 216
21	2536	0.3	1	2331 205
22	2489	0.3	1	2314 175
23	2451	0.3	1	2285 166
24	2358	0.3	1	2161 197
25	2287	0.3	1	2116 171
26	2111	0.3	1	1970 141
27	2182	0.3	1	2019 163
28	2094	0.3	1	1935 159
29	1906	0.3	1	1747 159
30	1817	0.3	1	1701 116
31	1731	0.3	1	1581 150
32	1756	0.3	1	1636 120
33	1576	0.3	1	1461 115
34	1673	0.3	1	1555 118
35	1452	0.3	1	1366 86
36	1245	0.3	1	1138 107
37	1405	0.3	1	1312 93
38	1288	0.3	1	1184 104
39	1206	0.3	1	1136 70
40	1221	0.3	1	1122 99
41	1274	0.3	1	1173 101
42	1290	0.3	1	1206 84
43	1063	0.3	1	975 88
44	971	0.3	1	889 82
45	1592	0.3	1	1501 91
46	422	0.3	1	382 40
47	738	0.3	1	690 48
48	1402	0.3	1	1304 98
49	759	0.3	1	687 72
50	430	0.3	1	381 49
51	923	0.3	1	857 66
52	686	0.3	1	628 58
53	441	0.3	1	403 38
54	642	0.3	1	582 60
55	1110	0.3	1	1046 64
56	525	0.3	1	487 38
57	668	0.3	1	625 43
58	416	0.3	1	383 33
59	488	0.3	1	442 46
60	247	0.3	1	222 25
61	187	0.3	1	163 24
62	599	0.3	1	557 42
63	391	0.3	1	365 26
64	173	0.3	1	144 29
65	217	0.3	1	189 28
66	704	0.3	1	663 41
67	150	0.3	1	114 36
68	222	0.3	1	196 26
69	106	0.3	1	84 22
70	93	0.3	1	73 20
71	38	0.3	1	26 12
72	84	0.3	1	65 19
73	151	0.3	1	124 27
74	169	0.3	1	145 24
75	186	0.3	1	165 21
76	174	0.3	1	152 22
77	201	0.3	1	164 37
78	200	0.3	1	164 36
79	192	0.3	1	175 17
80	160	0.3	1	134 26
81	175	0.3	1	138 37
82	147	0.3	1	125 22
83	139	0.3	1	106 33
84	142	0.3	1	113 29
85	144	0.3	1	108 36
86	157	0.3	1	119 38
87	141	0.3	1	108 33
88	135	0.3	1	106 29
89	123	0.3	1	105 18
90	113	0.3	1	97 16
91	105	0.3	1	81 24
92	133	0.3	1	93 40
93	128	0.3	1	82 46
94	110	0.3	1	88 22
95	93	0.3	1	74 19
96	90	0.3	1	68 22
97	101	0.3	1	75 26
98	101	0.3	1	73 28
99	73	0.3	1	52 21
100	97	0.3	1	71 26
101	81	0.3	1	60 21
102	82	0.3	1	59 23
103	76	0.3	1	55 21
104	79	0.3	1	63 16
105	89	0.3	1	70 19
106	64	0.3	1	46 18
107	71	0.3	1	44 27
108	70	0.3	1	48 22
109	48	0.3	1	36 12
110	57	0.3	1	44 13
111	74	0.3	1	46 28
112	61	0.3	1	37 24
113	53	0.3	1	31 22
114	53	0.3	1	26 27
115	57	0.3	1	43 14
116	55	0.3	1	34 21
117	40	0.3	1	20 20
118	44	0.3	1	26 18
119	35	0.3	1	17 18
120	35	0.3	1	23 12
121	46	0.3	1	31 15
122	40	0.3	1	23 17
123	36	0.3	1	23 13
124	55	0.3	1	33 22
125	34	0.3	1	19 15
126	45	0.3	1	21 24
127	34	0.3	1	23 11
128	34	0.3	1	19 15
129	39	0.3	1	27 12
130	29	0.3	1	18 11
131	27	0.3	1	14 13
132	50	0.3	1	32 18
133	34	0.3	1	20 14
134	26	0.3	1	15 11
135	30	0.3	1	20 10
136	30	0.3	1	20 10
137	33	0.3	1	17 16
138	30	0.3	1	17 13
139	24	0.3	1	11 13
140	28	0.3	1	14 14
141	30	0.3	1	13 17
142	27	0.3	1	11 16
143	26	0.3	1	10 16
144	17	0.3	1	7 10
145	20	0.3	1	9 11
146	26	0.3	1	16 10
147	17	0.3	1	4 13
148	21	0.3	1	8 13
149	21	0.3	1	5 16
150	1336	0.3	1	11 1325

RUN STATISTICS FOR INPUT FILE: s028_R1_001.fastq.gz
=============================================
19399521 sequences processed in total

