
SUMMARISING RUN PARAMETERS
==========================
Input filename: s032_R2_001.fastq.gz
Trimming mode: paired-end
Trim Galore version: 0.6.10
Cutadapt version: 3.4
Number of cores used for trimming: 1
Quality Phred score cutoff: 20
Quality encoding type selected: ASCII+33
Using Illumina adapter for trimming (count: 6640). Second best hit was smallRNA (count: 7)
Adapter sequence: 'AGATCGGAAGAGC' (Illumina TruSeq, Sanger iPCR; auto-detected)
Maximum trimming error rate: 0.1 (default)
Minimum required adapter overlap (stringency): 1 bp
Minimum required sequence length for both reads before a sequence pair gets removed: 20 bp
Running FastQC on the data once trimming has completed
Output file will be GZIP compressed


This is cutadapt 3.4 with Python 3.9.2
Command line parameters: -j 1 -e 0.1 -q 20 -O 1 -a AGATCGGAAGAGC s032_R2_001.fastq.gz
Processing reads on 1 core in single-end mode ...
Finished in 2309.50 s (85 µs/read; 0.70 M reads/minute).

=== Summary ===

Total reads processed:              27,111,915
Reads with adapters:                 9,742,609 (35.9%)
Reads written (passing filters):    27,111,915 (100.0%)

Total basepairs processed: 4,066,787,250 bp
Quality-trimmed:              10,847,674 bp (0.3%)
Total written (filtered):  4,035,920,226 bp (99.2%)

=== Adapter 1 ===

Sequence: AGATCGGAAGAGC; Type: regular 3'; Length: 13; Trimmed: 9742609 times

No. of allowed errors:
1-9 bp: 0; 10-13 bp: 1

Bases preceding removed adapters:
  A: 35.5%
  C: 24.9%
  G: 17.9%
  T: 21.7%
  none/other: 0.0%

Overview of removed sequences
length	count	expect	max.err	error counts
1	7287460	6777978.8	0	7287460
2	1552235	1694494.7	0	1552235
3	497040	423623.7	0	497040
4	118124	105905.9	0	118124
5	31451	26476.5	0	31451
6	12404	6619.1	0	12404
7	8835	1654.8	0	8835
8	8960	413.7	0	8960
9	6995	103.4	0	6504 491
10	8290	25.9	1	6984 1306
11	7877	6.5	1	6870 1007
12	7882	1.6	1	7094 788
13	6760	0.4	1	6147 613
14	7325	0.4	1	6629 696
15	5953	0.4	1	5485 468
16	6306	0.4	1	5787 519
17	7095	0.4	1	6457 638
18	5264	0.4	1	4870 394
19	5923	0.4	1	5417 506
20	6334	0.4	1	5732 602
21	5137	0.4	1	4645 492
22	5317	0.4	1	4940 377
23	4981	0.4	1	4611 370
24	6327	0.4	1	5733 594
25	5555	0.4	1	5159 396
26	3990	0.4	1	3693 297
27	4177	0.4	1	3847 330
28	4615	0.4	1	4261 354
29	4148	0.4	1	3851 297
30	4209	0.4	1	3884 325
31	4000	0.4	1	3722 278
32	3961	0.4	1	3664 297
33	4118	0.4	1	3800 318
34	3661	0.4	1	3428 233
35	3351	0.4	1	3124 227
36	3429	0.4	1	3205 224
37	3011	0.4	1	2832 179
38	3158	0.4	1	2946 212
39	3029	0.4	1	2854 175
40	3131	0.4	1	2948 183
41	2130	0.4	1	1991 139
42	2903	0.4	1	2724 179
43	2261	0.4	1	2122 139
44	2508	0.4	1	2335 173
45	2423	0.4	1	2273 150
46	2239	0.4	1	2096 143
47	2231	0.4	1	2090 141
48	1989	0.4	1	1853 136
49	1993	0.4	1	1880 113
50	1842	0.4	1	1736 106
51	1822	0.4	1	1713 109
52	1699	0.4	1	1596 103
53	1551	0.4	1	1441 110
54	1837	0.4	1	1697 140
55	1250	0.4	1	1158 92
56	1494	0.4	1	1396 98
57	1638	0.4	1	1509 129
58	1252	0.4	1	1137 115
59	1129	0.4	1	1052 77
60	1525	0.4	1	1399 126
61	1054	0.4	1	975 79
62	917	0.4	1	839 78
63	2146	0.4	1	2000 146
64	910	0.4	1	810 100
65	658	0.4	1	606 52
66	712	0.4	1	652 60
67	984	0.4	1	917 67
68	812	0.4	1	757 55
69	736	0.4	1	681 55
70	905	0.4	1	853 52
71	710	0.4	1	651 59
72	622	0.4	1	575 47
73	885	0.4	1	826 59
74	547	0.4	1	505 42
75	512	0.4	1	467 45
76	322	0.4	1	292 30
77	309	0.4	1	274 35
78	343	0.4	1	306 37
79	388	0.4	1	355 33
80	374	0.4	1	335 39
81	393	0.4	1	353 40
82	332	0.4	1	287 45
83	350	0.4	1	317 33
84	364	0.4	1	327 37
85	368	0.4	1	319 49
86	305	0.4	1	260 45
87	337	0.4	1	282 55
88	258	0.4	1	226 32
89	272	0.4	1	225 47
90	265	0.4	1	224 41
91	242	0.4	1	208 34
92	241	0.4	1	210 31
93	224	0.4	1	187 37
94	210	0.4	1	176 34
95	204	0.4	1	175 29
96	178	0.4	1	147 31
97	190	0.4	1	146 44
98	189	0.4	1	157 32
99	187	0.4	1	157 30
100	163	0.4	1	134 29
101	175	0.4	1	144 31
102	132	0.4	1	97 35
103	140	0.4	1	115 25
104	142	0.4	1	113 29
105	134	0.4	1	107 27
106	110	0.4	1	88 22
107	102	0.4	1	90 12
108	95	0.4	1	61 34
109	83	0.4	1	65 18
110	116	0.4	1	79 37
111	81	0.4	1	59 22
112	83	0.4	1	65 18
113	74	0.4	1	53 21
114	77	0.4	1	47 30
115	75	0.4	1	55 20
116	71	0.4	1	55 16
117	76	0.4	1	45 31
118	73	0.4	1	41 32
119	79	0.4	1	50 29
120	57	0.4	1	36 21
121	40	0.4	1	19 21
122	55	0.4	1	26 29
123	47	0.4	1	21 26
124	53	0.4	1	31 22
125	37	0.4	1	20 17
126	37	0.4	1	17 20
127	48	0.4	1	25 23
128	41	0.4	1	25 16
129	47	0.4	1	23 24
130	41	0.4	1	16 25
131	31	0.4	1	13 18
132	20	0.4	1	9 11
133	37	0.4	1	18 19
134	33	0.4	1	14 19
135	27	0.4	1	11 16
136	38	0.4	1	16 22
137	32	0.4	1	13 19
138	24	0.4	1	13 11
139	27	0.4	1	11 16
140	29	0.4	1	11 18
141	32	0.4	1	13 19
142	15	0.4	1	6 9
143	26	0.4	1	8 18
144	21	0.4	1	5 16
145	20	0.4	1	9 11
146	38	0.4	1	15 23
147	30	0.4	1	11 19
148	21	0.4	1	8 13
149	17	0.4	1	1 16
150	18	0.4	1	8 10

RUN STATISTICS FOR INPUT FILE: s032_R2_001.fastq.gz
=============================================
27111915 sequences processed in total

Total number of sequences analysed for the sequence pair length validation: 27111915

Number of sequence pairs removed because at least one read was shorter than the length cutoff (20 bp): 8171 (0.03%)
