
SUMMARISING RUN PARAMETERS
==========================
Input filename: s037_R1_001.fastq.gz
Trimming mode: paired-end
Trim Galore version: 0.6.10
Cutadapt version: 3.4
Number of cores used for trimming: 1
Quality Phred score cutoff: 20
Quality encoding type selected: ASCII+33
Using Illumina adapter for trimming (count: 4194). Second best hit was Nextera (count: 5)
Adapter sequence: 'AGATCGGAAGAGC' (Illumina TruSeq, Sanger iPCR; auto-detected)
Maximum trimming error rate: 0.1 (default)
Minimum required adapter overlap (stringency): 1 bp
Minimum required sequence length for both reads before a sequence pair gets removed: 20 bp
Running FastQC on the data once trimming has completed
Output file will be GZIP compressed


This is cutadapt 3.4 with Python 3.9.2
Command line parameters: -j 1 -e 0.1 -q 20 -O 1 -a AGATCGGAAGAGC s037_R1_001.fastq.gz
Processing reads on 1 core in single-end mode ...
Finished in 1997.67 s (81 µs/read; 0.74 M reads/minute).

=== Summary ===

Total reads processed:              24,785,352
Reads with adapters:                 9,187,954 (37.1%)
Reads written (passing filters):    24,785,352 (100.0%)

Total basepairs processed: 3,717,802,800 bp
Quality-trimmed:               6,916,398 bp (0.2%)
Total written (filtered):  3,694,750,990 bp (99.4%)

=== Adapter 1 ===

Sequence: AGATCGGAAGAGC; Type: regular 3'; Length: 13; Trimmed: 9187954 times

No. of allowed errors:
1-9 bp: 0; 10-13 bp: 1

Bases preceding removed adapters:
  A: 36.8%
  C: 24.4%
  G: 16.2%
  T: 22.7%
  none/other: 0.0%

Overview of removed sequences
length	count	expect	max.err	error counts
1	7040028	6196338.0	0	7040028
2	1392425	1549084.5	0	1392425
3	460185	387271.1	0	460185
4	112669	96817.8	0	112669
5	26540	24204.4	0	26540
6	8554	6051.1	0	8554
7	5709	1512.8	0	5709
8	5801	378.2	0	5801
9	5442	94.5	0	5069 373
10	5386	23.6	1	4685 701
11	5388	5.9	1	4782 606
12	5211	1.5	1	4868 343
13	4496	0.4	1	4248 248
14	4632	0.4	1	4303 329
15	4350	0.4	1	4106 244
16	4280	0.4	1	3969 311
17	4353	0.4	1	4039 314
18	3912	0.4	1	3674 238
19	3553	0.4	1	3360 193
20	3727	0.4	1	3494 233
21	3575	0.4	1	3349 226
22	3407	0.4	1	3233 174
23	3342	0.4	1	3133 209
24	3290	0.4	1	3055 235
25	3040	0.4	1	2854 186
26	2879	0.4	1	2712 167
27	2878	0.4	1	2706 172
28	2698	0.4	1	2524 174
29	2583	0.4	1	2394 189
30	2480	0.4	1	2337 143
31	2352	0.4	1	2224 128
32	2213	0.4	1	2081 132
33	2110	0.4	1	1979 131
34	2168	0.4	1	2041 127
35	2088	0.4	1	1924 164
36	1975	0.4	1	1877 98
37	2263	0.4	1	2139 124
38	2421	0.4	1	2319 102
39	662	0.4	1	602 60
40	1560	0.4	1	1496 64
41	1565	0.4	1	1479 86
42	1514	0.4	1	1440 74
43	1595	0.4	1	1494 101
44	1251	0.4	1	1161 90
45	2005	0.4	1	1925 80
46	794	0.4	1	715 79
47	777	0.4	1	721 56
48	1449	0.4	1	1385 64
49	830	0.4	1	774 56
50	736	0.4	1	701 35
51	1135	0.4	1	1064 71
52	906	0.4	1	853 53
53	675	0.4	1	623 52
54	833	0.4	1	785 48
55	1159	0.4	1	1091 68
56	662	0.4	1	629 33
57	787	0.4	1	747 40
58	664	0.4	1	606 58
59	680	0.4	1	646 34
60	330	0.4	1	293 37
61	284	0.4	1	250 34
62	720	0.4	1	686 34
63	536	0.4	1	505 31
64	299	0.4	1	265 34
65	305	0.4	1	280 25
66	850	0.4	1	808 42
67	223	0.4	1	203 20
68	418	0.4	1	395 23
69	225	0.4	1	200 25
70	151	0.4	1	132 19
71	44	0.4	1	28 16
72	83	0.4	1	74 9
73	181	0.4	1	165 16
74	203	0.4	1	190 13
75	224	0.4	1	201 23
76	192	0.4	1	170 22
77	211	0.4	1	182 29
78	215	0.4	1	194 21
79	188	0.4	1	163 25
80	179	0.4	1	158 21
81	189	0.4	1	160 29
82	195	0.4	1	161 34
83	151	0.4	1	135 16
84	157	0.4	1	139 18
85	158	0.4	1	138 20
86	133	0.4	1	117 16
87	122	0.4	1	96 26
88	118	0.4	1	105 13
89	112	0.4	1	94 18
90	94	0.4	1	76 18
91	120	0.4	1	101 19
92	98	0.4	1	77 21
93	100	0.4	1	82 18
94	79	0.4	1	59 20
95	72	0.4	1	56 16
96	55	0.4	1	42 13
97	82	0.4	1	59 23
98	80	0.4	1	61 19
99	76	0.4	1	46 30
100	76	0.4	1	58 18
101	62	0.4	1	42 20
102	55	0.4	1	39 16
103	49	0.4	1	32 17
104	53	0.4	1	42 11
105	59	0.4	1	40 19
106	42	0.4	1	31 11
107	69	0.4	1	45 24
108	40	0.4	1	25 15
109	45	0.4	1	28 17
110	48	0.4	1	26 22
111	35	0.4	1	24 11
112	39	0.4	1	21 18
113	44	0.4	1	27 17
114	31	0.4	1	20 11
115	34	0.4	1	16 18
116	30	0.4	1	18 12
117	24	0.4	1	15 9
118	33	0.4	1	20 13
119	31	0.4	1	13 18
120	30	0.4	1	13 17
121	29	0.4	1	16 13
122	33	0.4	1	14 19
123	25	0.4	1	13 12
124	20	0.4	1	12 8
125	27	0.4	1	11 16
126	31	0.4	1	19 12
127	24	0.4	1	13 11
128	25	0.4	1	14 11
129	17	0.4	1	8 9
130	25	0.4	1	7 18
131	29	0.4	1	11 18
132	30	0.4	1	18 12
133	19	0.4	1	10 9
134	22	0.4	1	9 13
135	33	0.4	1	21 12
136	11	0.4	1	3 8
137	11	0.4	1	6 5
138	14	0.4	1	9 5
139	15	0.4	1	5 10
140	24	0.4	1	8 16
141	17	0.4	1	8 9
142	11	0.4	1	5 6
143	12	0.4	1	3 9
144	18	0.4	1	9 9
145	14	0.4	1	6 8
146	16	0.4	1	5 11
147	19	0.4	1	9 10
148	21	0.4	1	5 16
149	21	0.4	1	2 19
150	1518	0.4	1	14 1504

RUN STATISTICS FOR INPUT FILE: s037_R1_001.fastq.gz
=============================================
24785352 sequences processed in total

