
SUMMARISING RUN PARAMETERS
==========================
Input filename: s039_R1_001.fastq.gz
Trimming mode: paired-end
Trim Galore version: 0.6.10
Cutadapt version: 3.4
Number of cores used for trimming: 1
Quality Phred score cutoff: 20
Quality encoding type selected: ASCII+33
Using Illumina adapter for trimming (count: 2357). Second best hit was Nextera (count: 8)
Adapter sequence: 'AGATCGGAAGAGC' (Illumina TruSeq, Sanger iPCR; auto-detected)
Maximum trimming error rate: 0.1 (default)
Minimum required adapter overlap (stringency): 1 bp
Minimum required sequence length for both reads before a sequence pair gets removed: 20 bp
Running FastQC on the data once trimming has completed
Output file will be GZIP compressed


This is cutadapt 3.4 with Python 3.9.2
Command line parameters: -j 1 -e 0.1 -q 20 -O 1 -a AGATCGGAAGAGC s039_R1_001.fastq.gz
Processing reads on 1 core in single-end mode ...
Finished in 2009.80 s (81 µs/read; 0.74 M reads/minute).

=== Summary ===

Total reads processed:              24,702,523
Reads with adapters:                 8,945,915 (36.2%)
Reads written (passing filters):    24,702,523 (100.0%)

Total basepairs processed: 3,705,378,450 bp
Quality-trimmed:               7,837,074 bp (0.2%)
Total written (filtered):  3,683,157,746 bp (99.4%)

=== Adapter 1 ===

Sequence: AGATCGGAAGAGC; Type: regular 3'; Length: 13; Trimmed: 8945915 times

No. of allowed errors:
1-9 bp: 0; 10-13 bp: 1

Bases preceding removed adapters:
  A: 36.7%
  C: 24.4%
  G: 17.1%
  T: 21.8%
  none/other: 0.0%

Overview of removed sequences
length	count	expect	max.err	error counts
1	6857450	6175630.8	0	6857450
2	1410769	1543907.7	0	1410769
3	453517	385976.9	0	453517
4	103805	96494.2	0	103805
5	23412	24123.6	0	23412
6	7231	6030.9	0	7231
7	4147	1507.7	0	4147
8	4163	376.9	0	4163
9	3454	94.2	0	3060 394
10	3882	23.6	1	3109 773
11	3578	5.9	1	2991 587
12	3151	1.5	1	2863 288
13	2759	0.4	1	2515 244
14	2818	0.4	1	2579 239
15	2702	0.4	1	2467 235
16	2698	0.4	1	2459 239
17	2591	0.4	1	2359 232
18	2274	0.4	1	2121 153
19	2002	0.4	1	1865 137
20	2066	0.4	1	1907 159
21	2069	0.4	1	1911 158
22	1911	0.4	1	1755 156
23	1918	0.4	1	1767 151
24	1804	0.4	1	1634 170
25	1640	0.4	1	1506 134
26	1608	0.4	1	1459 149
27	1664	0.4	1	1527 137
28	1543	0.4	1	1417 126
29	1420	0.4	1	1298 122
30	1416	0.4	1	1309 107
31	1274	0.4	1	1171 103
32	1287	0.4	1	1185 102
33	1215	0.4	1	1107 108
34	1179	0.4	1	1102 77
35	1033	0.4	1	955 78
36	981	0.4	1	902 79
37	968	0.4	1	869 99
38	931	0.4	1	848 83
39	864	0.4	1	792 72
40	907	0.4	1	834 73
41	918	0.4	1	829 89
42	872	0.4	1	806 66
43	682	0.4	1	598 84
44	652	0.4	1	578 74
45	1025	0.4	1	939 86
46	282	0.4	1	236 46
47	537	0.4	1	468 69
48	904	0.4	1	822 82
49	513	0.4	1	448 65
50	351	0.4	1	299 52
51	620	0.4	1	572 48
52	483	0.4	1	429 54
53	282	0.4	1	245 37
54	420	0.4	1	387 33
55	655	0.4	1	606 49
56	326	0.4	1	280 46
57	395	0.4	1	364 31
58	303	0.4	1	273 30
59	340	0.4	1	314 26
60	172	0.4	1	144 28
61	134	0.4	1	116 18
62	428	0.4	1	375 53
63	250	0.4	1	221 29
64	138	0.4	1	117 21
65	181	0.4	1	143 38
66	477	0.4	1	433 44
67	133	0.4	1	104 29
68	184	0.4	1	161 23
69	103	0.4	1	84 19
70	84	0.4	1	54 30
71	30	0.4	1	13 17
72	61	0.4	1	41 20
73	122	0.4	1	106 16
74	158	0.4	1	123 35
75	147	0.4	1	124 23
76	169	0.4	1	129 40
77	117	0.4	1	81 36
78	141	0.4	1	104 37
79	130	0.4	1	109 21
80	137	0.4	1	106 31
81	123	0.4	1	99 24
82	128	0.4	1	89 39
83	126	0.4	1	106 20
84	113	0.4	1	89 24
85	127	0.4	1	94 33
86	114	0.4	1	86 28
87	98	0.4	1	67 31
88	96	0.4	1	69 27
89	103	0.4	1	74 29
90	92	0.4	1	69 23
91	84	0.4	1	58 26
92	95	0.4	1	66 29
93	100	0.4	1	71 29
94	114	0.4	1	67 47
95	68	0.4	1	50 18
96	87	0.4	1	56 31
97	71	0.4	1	46 25
98	85	0.4	1	57 28
99	66	0.4	1	47 19
100	71	0.4	1	51 20
101	69	0.4	1	50 19
102	80	0.4	1	60 20
103	76	0.4	1	53 23
104	79	0.4	1	56 23
105	65	0.4	1	42 23
106	70	0.4	1	48 22
107	60	0.4	1	33 27
108	64	0.4	1	36 28
109	64	0.4	1	39 25
110	50	0.4	1	35 15
111	63	0.4	1	38 25
112	44	0.4	1	29 15
113	43	0.4	1	24 19
114	51	0.4	1	28 23
115	37	0.4	1	21 16
116	46	0.4	1	24 22
117	38	0.4	1	28 10
118	57	0.4	1	38 19
119	56	0.4	1	35 21
120	41	0.4	1	19 22
121	49	0.4	1	23 26
122	25	0.4	1	14 11
123	35	0.4	1	23 12
124	48	0.4	1	23 25
125	40	0.4	1	23 17
126	43	0.4	1	23 20
127	39	0.4	1	21 18
128	36	0.4	1	26 10
129	28	0.4	1	10 18
130	34	0.4	1	25 9
131	33	0.4	1	20 13
132	38	0.4	1	22 16
133	36	0.4	1	20 16
134	29	0.4	1	15 14
135	21	0.4	1	4 17
136	35	0.4	1	16 19
137	29	0.4	1	9 20
138	23	0.4	1	13 10
139	21	0.4	1	5 16
140	25	0.4	1	11 14
141	13	0.4	1	8 5
142	20	0.4	1	8 12
143	19	0.4	1	8 11
144	31	0.4	1	14 17
145	25	0.4	1	4 21
146	27	0.4	1	17 10
147	22	0.4	1	7 15
148	17	0.4	1	5 12
149	18	0.4	1	5 13
150	1785	0.4	1	17 1768

RUN STATISTICS FOR INPUT FILE: s039_R1_001.fastq.gz
=============================================
24702523 sequences processed in total

