
SUMMARISING RUN PARAMETERS
==========================
Input filename: s041_R1_001.fastq.gz
Trimming mode: paired-end
Trim Galore version: 0.6.10
Cutadapt version: 3.4
Number of cores used for trimming: 1
Quality Phred score cutoff: 20
Quality encoding type selected: ASCII+33
Using Illumina adapter for trimming (count: 2246). Second best hit was Nextera (count: 8)
Adapter sequence: 'AGATCGGAAGAGC' (Illumina TruSeq, Sanger iPCR; auto-detected)
Maximum trimming error rate: 0.1 (default)
Minimum required adapter overlap (stringency): 1 bp
Minimum required sequence length for both reads before a sequence pair gets removed: 20 bp
Running FastQC on the data once trimming has completed
Output file will be GZIP compressed


This is cutadapt 3.4 with Python 3.9.2
Command line parameters: -j 1 -e 0.1 -q 20 -O 1 -a AGATCGGAAGAGC s041_R1_001.fastq.gz
Processing reads on 1 core in single-end mode ...
Finished in 2339.46 s (81 µs/read; 0.74 M reads/minute).

=== Summary ===

Total reads processed:              28,713,380
Reads with adapters:                10,458,408 (36.4%)
Reads written (passing filters):    28,713,380 (100.0%)

Total basepairs processed: 4,307,007,000 bp
Quality-trimmed:               8,274,797 bp (0.2%)
Total written (filtered):  4,282,315,678 bp (99.4%)

=== Adapter 1 ===

Sequence: AGATCGGAAGAGC; Type: regular 3'; Length: 13; Trimmed: 10458408 times

No. of allowed errors:
1-9 bp: 0; 10-13 bp: 1

Bases preceding removed adapters:
  A: 37.0%
  C: 24.2%
  G: 16.9%
  T: 21.8%
  none/other: 0.0%

Overview of removed sequences
length	count	expect	max.err	error counts
1	8051324	7178345.0	0	8051324
2	1618030	1794586.2	0	1618030
3	528020	448646.6	0	528020
4	124179	112161.6	0	124179
5	27982	28040.4	0	27982
6	8233	7010.1	0	8233
7	4709	1752.5	0	4709
8	4368	438.1	0	4368
9	4390	109.5	0	3916 474
10	4269	27.4	1	3417 852
11	4108	6.8	1	3485 623
12	3768	1.7	1	3428 340
13	3121	0.4	1	2903 218
14	3329	0.4	1	3054 275
15	2966	0.4	1	2768 198
16	3043	0.4	1	2751 292
17	3075	0.4	1	2824 251
18	2724	0.4	1	2572 152
19	2520	0.4	1	2363 157
20	2456	0.4	1	2295 161
21	2480	0.4	1	2321 159
22	2161	0.4	1	2023 138
23	2349	0.4	1	2208 141
24	2181	0.4	1	2005 176
25	1995	0.4	1	1859 136
26	1951	0.4	1	1824 127
27	1876	0.4	1	1765 111
28	1643	0.4	1	1528 115
29	1743	0.4	1	1591 152
30	1538	0.4	1	1431 107
31	1527	0.4	1	1438 89
32	1477	0.4	1	1385 92
33	1366	0.4	1	1263 103
34	1446	0.4	1	1310 136
35	1302	0.4	1	1190 112
36	1166	0.4	1	1096 70
37	1349	0.4	1	1275 74
38	1498	0.4	1	1414 84
39	413	0.4	1	360 53
40	919	0.4	1	865 54
41	918	0.4	1	847 71
42	908	0.4	1	836 72
43	944	0.4	1	871 73
44	804	0.4	1	738 66
45	1230	0.4	1	1152 78
46	461	0.4	1	413 48
47	455	0.4	1	400 55
48	854	0.4	1	799 55
49	559	0.4	1	503 56
50	506	0.4	1	467 39
51	645	0.4	1	583 62
52	485	0.4	1	441 44
53	404	0.4	1	347 57
54	449	0.4	1	407 42
55	637	0.4	1	582 55
56	359	0.4	1	307 52
57	429	0.4	1	390 39
58	353	0.4	1	315 38
59	425	0.4	1	382 43
60	200	0.4	1	169 31
61	176	0.4	1	151 25
62	400	0.4	1	359 41
63	288	0.4	1	255 33
64	148	0.4	1	115 33
65	196	0.4	1	168 28
66	428	0.4	1	391 37
67	160	0.4	1	134 26
68	219	0.4	1	185 34
69	142	0.4	1	110 32
70	112	0.4	1	90 22
71	31	0.4	1	21 10
72	75	0.4	1	45 30
73	90	0.4	1	71 19
74	115	0.4	1	93 22
75	113	0.4	1	90 23
76	114	0.4	1	90 24
77	104	0.4	1	74 30
78	114	0.4	1	81 33
79	105	0.4	1	77 28
80	107	0.4	1	78 29
81	98	0.4	1	76 22
82	86	0.4	1	63 23
83	82	0.4	1	60 22
84	81	0.4	1	58 23
85	83	0.4	1	65 18
86	75	0.4	1	56 19
87	87	0.4	1	57 30
88	82	0.4	1	46 36
89	70	0.4	1	39 31
90	70	0.4	1	42 28
91	63	0.4	1	37 26
92	74	0.4	1	52 22
93	44	0.4	1	28 16
94	59	0.4	1	35 24
95	57	0.4	1	32 25
96	46	0.4	1	27 19
97	51	0.4	1	29 22
98	71	0.4	1	47 24
99	48	0.4	1	30 18
100	51	0.4	1	24 27
101	40	0.4	1	19 21
102	40	0.4	1	20 20
103	45	0.4	1	28 17
104	44	0.4	1	26 18
105	38	0.4	1	17 21
106	39	0.4	1	16 23
107	38	0.4	1	19 19
108	40	0.4	1	17 23
109	32	0.4	1	19 13
110	42	0.4	1	18 24
111	42	0.4	1	20 22
112	24	0.4	1	4 20
113	31	0.4	1	14 17
114	30	0.4	1	12 18
115	34	0.4	1	12 22
116	41	0.4	1	19 22
117	25	0.4	1	10 15
118	50	0.4	1	12 38
119	39	0.4	1	12 27
120	36	0.4	1	13 23
121	26	0.4	1	5 21
122	20	0.4	1	11 9
123	24	0.4	1	7 17
124	31	0.4	1	8 23
125	25	0.4	1	11 14
126	28	0.4	1	8 20
127	28	0.4	1	6 22
128	35	0.4	1	12 23
129	30	0.4	1	7 23
130	25	0.4	1	6 19
131	25	0.4	1	11 14
132	28	0.4	1	8 20
133	16	0.4	1	6 10
134	23	0.4	1	8 15
135	24	0.4	1	6 18
136	31	0.4	1	8 23
137	23	0.4	1	9 14
138	22	0.4	1	5 17
139	19	0.4	1	4 15
140	24	0.4	1	8 16
141	13	0.4	1	4 9
142	14	0.4	1	3 11
143	23	0.4	1	4 19
144	14	0.4	1	2 12
145	22	0.4	1	5 17
146	28	0.4	1	8 20
147	26	0.4	1	9 17
148	15	0.4	1	2 13
149	16	0.4	1	0 16
150	1346	0.4	1	1 1345

RUN STATISTICS FOR INPUT FILE: s041_R1_001.fastq.gz
=============================================
28713380 sequences processed in total

