
SUMMARISING RUN PARAMETERS
==========================
Input filename: s043_R1_001.fastq.gz
Trimming mode: paired-end
Trim Galore version: 0.6.10
Cutadapt version: 3.4
Number of cores used for trimming: 1
Quality Phred score cutoff: 20
Quality encoding type selected: ASCII+33
Using Illumina adapter for trimming (count: 1975). Second best hit was Nextera (count: 23)
Adapter sequence: 'AGATCGGAAGAGC' (Illumina TruSeq, Sanger iPCR; auto-detected)
Maximum trimming error rate: 0.1 (default)
Minimum required adapter overlap (stringency): 1 bp
Minimum required sequence length for both reads before a sequence pair gets removed: 20 bp
Running FastQC on the data once trimming has completed
Output file will be GZIP compressed


This is cutadapt 3.4 with Python 3.9.2
Command line parameters: -j 1 -e 0.1 -q 20 -O 1 -a AGATCGGAAGAGC s043_R1_001.fastq.gz
Processing reads on 1 core in single-end mode ...
Finished in 1432.78 s (55 µs/read; 1.08 M reads/minute).

=== Summary ===

Total reads processed:              25,857,916
Reads with adapters:                 9,705,822 (37.5%)
Reads written (passing filters):    25,857,916 (100.0%)

Total basepairs processed: 3,878,687,400 bp
Quality-trimmed:               6,687,512 bp (0.2%)
Total written (filtered):  3,857,290,188 bp (99.4%)

=== Adapter 1 ===

Sequence: AGATCGGAAGAGC; Type: regular 3'; Length: 13; Trimmed: 9705822 times

No. of allowed errors:
1-9 bp: 0; 10-13 bp: 1

Bases preceding removed adapters:
  A: 35.7%
  C: 25.1%
  G: 15.0%
  T: 24.1%
  none/other: 0.0%

Overview of removed sequences
length	count	expect	max.err	error counts
1	7512179	6464479.0	0	7512179
2	1467424	1616119.8	0	1467424
3	490470	404029.9	0	490470
4	126587	101007.5	0	126587
5	25652	25251.9	0	25652
6	5409	6313.0	0	5409
7	3628	1578.2	0	3628
8	3433	394.6	0	3433
9	3317	98.6	0	3007 310
10	3451	24.7	1	2834 617
11	3362	6.2	1	2924 438
12	2944	1.5	1	2685 259
13	2553	0.4	1	2402 151
14	2636	0.4	1	2453 183
15	2462	0.4	1	2296 166
16	2480	0.4	1	2264 216
17	2511	0.4	1	2320 191
18	2212	0.4	1	2081 131
19	1947	0.4	1	1826 121
20	2023	0.4	1	1900 123
21	2045	0.4	1	1915 130
22	1804	0.4	1	1714 90
23	1840	0.4	1	1703 137
24	1699	0.4	1	1566 133
25	1559	0.4	1	1459 100
26	1542	0.4	1	1447 95
27	1534	0.4	1	1447 87
28	1383	0.4	1	1307 76
29	1424	0.4	1	1318 106
30	1271	0.4	1	1197 74
31	1184	0.4	1	1113 71
32	1164	0.4	1	1087 77
33	1119	0.4	1	1043 76
34	1060	0.4	1	970 90
35	1021	0.4	1	946 75
36	923	0.4	1	855 68
37	1019	0.4	1	953 66
38	1237	0.4	1	1151 86
39	313	0.4	1	273 40
40	638	0.4	1	597 41
41	740	0.4	1	673 67
42	704	0.4	1	661 43
43	692	0.4	1	638 54
44	655	0.4	1	600 55
45	967	0.4	1	909 58
46	329	0.4	1	301 28
47	288	0.4	1	257 31
48	603	0.4	1	560 43
49	374	0.4	1	350 24
50	297	0.4	1	273 24
51	454	0.4	1	414 40
52	349	0.4	1	318 31
53	235	0.4	1	210 25
54	339	0.4	1	307 32
55	424	0.4	1	394 30
56	271	0.4	1	248 23
57	316	0.4	1	288 28
58	242	0.4	1	217 25
59	267	0.4	1	248 19
60	120	0.4	1	104 16
61	129	0.4	1	110 19
62	259	0.4	1	232 27
63	200	0.4	1	183 17
64	113	0.4	1	97 16
65	112	0.4	1	99 13
66	303	0.4	1	278 25
67	87	0.4	1	71 16
68	135	0.4	1	116 19
69	81	0.4	1	64 17
70	52	0.4	1	40 12
71	22	0.4	1	14 8
72	42	0.4	1	24 18
73	54	0.4	1	44 10
74	81	0.4	1	66 15
75	64	0.4	1	55 9
76	62	0.4	1	54 8
77	76	0.4	1	63 13
78	70	0.4	1	62 8
79	63	0.4	1	44 19
80	59	0.4	1	45 14
81	53	0.4	1	43 10
82	57	0.4	1	47 10
83	50	0.4	1	35 15
84	46	0.4	1	34 12
85	47	0.4	1	33 14
86	37	0.4	1	25 12
87	49	0.4	1	28 21
88	40	0.4	1	21 19
89	40	0.4	1	24 16
90	39	0.4	1	29 10
91	34	0.4	1	20 14
92	33	0.4	1	22 11
93	26	0.4	1	19 7
94	30	0.4	1	25 5
95	23	0.4	1	16 7
96	34	0.4	1	20 14
97	26	0.4	1	20 6
98	32	0.4	1	18 14
99	28	0.4	1	13 15
100	32	0.4	1	19 13
101	28	0.4	1	18 10
102	25	0.4	1	14 11
103	24	0.4	1	16 8
104	16	0.4	1	5 11
105	32	0.4	1	21 11
106	16	0.4	1	9 7
107	14	0.4	1	3 11
108	21	0.4	1	10 11
109	19	0.4	1	15 4
110	21	0.4	1	11 10
111	13	0.4	1	9 4
112	21	0.4	1	10 11
113	21	0.4	1	8 13
114	18	0.4	1	9 9
115	14	0.4	1	7 7
116	17	0.4	1	8 9
117	23	0.4	1	15 8
118	22	0.4	1	8 14
119	13	0.4	1	6 7
120	10	0.4	1	6 4
121	19	0.4	1	13 6
122	11	0.4	1	6 5
123	18	0.4	1	10 8
124	27	0.4	1	17 10
125	19	0.4	1	8 11
126	18	0.4	1	8 10
127	19	0.4	1	10 9
128	11	0.4	1	6 5
129	13	0.4	1	7 6
130	17	0.4	1	8 9
131	14	0.4	1	9 5
132	16	0.4	1	7 9
133	12	0.4	1	5 7
134	17	0.4	1	5 12
135	13	0.4	1	6 7
136	11	0.4	1	4 7
137	17	0.4	1	11 6
138	9	0.4	1	4 5
139	8	0.4	1	2 6
140	13	0.4	1	8 5
141	20	0.4	1	14 6
142	9	0.4	1	3 6
143	6	0.4	1	3 3
144	9	0.4	1	5 4
145	11	0.4	1	1 10
146	16	0.4	1	11 5
147	10	0.4	1	7 3
148	10	0.4	1	1 9
149	12	0.4	1	0 12
150	1084	0.4	1	3 1081

RUN STATISTICS FOR INPUT FILE: s043_R1_001.fastq.gz
=============================================
25857916 sequences processed in total

