
SUMMARISING RUN PARAMETERS
==========================
Input filename: s045_R1_001.fastq.gz
Trimming mode: paired-end
Trim Galore version: 0.6.10
Cutadapt version: 3.4
Number of cores used for trimming: 1
Quality Phred score cutoff: 20
Quality encoding type selected: ASCII+33
Using Illumina adapter for trimming (count: 4497). Second best hit was Nextera (count: 15)
Adapter sequence: 'AGATCGGAAGAGC' (Illumina TruSeq, Sanger iPCR; auto-detected)
Maximum trimming error rate: 0.1 (default)
Minimum required adapter overlap (stringency): 1 bp
Minimum required sequence length for both reads before a sequence pair gets removed: 20 bp
Running FastQC on the data once trimming has completed
Output file will be GZIP compressed


This is cutadapt 3.4 with Python 3.9.2
Command line parameters: -j 1 -e 0.1 -q 20 -O 1 -a AGATCGGAAGAGC s045_R1_001.fastq.gz
Processing reads on 1 core in single-end mode ...
Finished in 2330.28 s (84 µs/read; 0.72 M reads/minute).

=== Summary ===

Total reads processed:              27,815,296
Reads with adapters:                 9,955,028 (35.8%)
Reads written (passing filters):    27,815,296 (100.0%)

Total basepairs processed: 4,172,294,400 bp
Quality-trimmed:               6,279,865 bp (0.2%)
Total written (filtered):  4,148,213,251 bp (99.4%)

=== Adapter 1 ===

Sequence: AGATCGGAAGAGC; Type: regular 3'; Length: 13; Trimmed: 9955028 times

No. of allowed errors:
1-9 bp: 0; 10-13 bp: 1

Bases preceding removed adapters:
  A: 33.9%
  C: 26.5%
  G: 16.9%
  T: 22.8%
  none/other: 0.0%

Overview of removed sequences
length	count	expect	max.err	error counts
1	7512502	6953824.0	0	7512502
2	1589650	1738456.0	0	1589650
3	505547	434614.0	0	505547
4	132393	108653.5	0	132393
5	32284	27163.4	0	32284
6	10180	6790.8	0	10180
7	7244	1697.7	0	7244
8	7247	424.4	0	7247
9	5883	106.1	0	5460 423
10	6488	26.5	1	5604 884
11	6323	6.6	1	5576 747
12	6166	1.7	1	5687 479
13	5401	0.4	1	5029 372
14	5368	0.4	1	4962 406
15	5250	0.4	1	4899 351
16	5013	0.4	1	4626 387
17	5303	0.4	1	4874 429
18	4726	0.4	1	4401 325
19	4014	0.4	1	3766 248
20	4468	0.4	1	4180 288
21	4335	0.4	1	4039 296
22	4162	0.4	1	3872 290
23	4151	0.4	1	3897 254
24	3419	0.4	1	3164 255
25	3591	0.4	1	3393 198
26	3348	0.4	1	3151 197
27	3516	0.4	1	3300 216
28	3220	0.4	1	3026 194
29	3209	0.4	1	2986 223
30	2877	0.4	1	2693 184
31	2700	0.4	1	2549 151
32	2585	0.4	1	2425 160
33	2685	0.4	1	2506 179
34	2537	0.4	1	2381 156
35	2262	0.4	1	2151 111
36	2317	0.4	1	2177 140
37	2186	0.4	1	2040 146
38	1887	0.4	1	1794 93
39	2208	0.4	1	2059 149
40	1791	0.4	1	1660 131
41	1719	0.4	1	1606 113
42	2048	0.4	1	1914 134
43	1514	0.4	1	1370 144
44	1590	0.4	1	1478 112
45	2614	0.4	1	2477 137
46	623	0.4	1	563 60
47	1345	0.4	1	1230 115
48	6584	0.4	1	6354 230
49	3454	0.4	1	3330 124
50	277	0.4	1	229 48
51	939	0.4	1	890 49
52	934	0.4	1	876 58
53	224	0.4	1	190 34
54	296	0.4	1	270 26
55	569	0.4	1	527 42
56	393	0.4	1	367 26
57	146	0.4	1	112 34
58	112	0.4	1	97 15
59	206	0.4	1	178 28
60	100	0.4	1	63 37
61	111	0.4	1	75 36
62	423	0.4	1	395 28
63	129	0.4	1	102 27
64	128	0.4	1	111 17
65	133	0.4	1	110 23
66	351	0.4	1	326 25
67	67	0.4	1	50 17
68	71	0.4	1	45 26
69	73	0.4	1	48 25
70	99	0.4	1	82 17
71	45	0.4	1	19 26
72	44	0.4	1	26 18
73	89	0.4	1	73 16
74	140	0.4	1	127 13
75	196	0.4	1	173 23
76	192	0.4	1	170 22
77	219	0.4	1	186 33
78	218	0.4	1	191 27
79	190	0.4	1	170 20
80	181	0.4	1	146 35
81	202	0.4	1	178 24
82	171	0.4	1	150 21
83	163	0.4	1	138 25
84	145	0.4	1	123 22
85	109	0.4	1	95 14
86	151	0.4	1	122 29
87	150	0.4	1	126 24
88	110	0.4	1	84 26
89	125	0.4	1	92 33
90	110	0.4	1	91 19
91	113	0.4	1	85 28
92	81	0.4	1	66 15
93	74	0.4	1	59 15
94	88	0.4	1	70 18
95	86	0.4	1	64 22
96	77	0.4	1	56 21
97	90	0.4	1	62 28
98	72	0.4	1	52 20
99	67	0.4	1	44 23
100	83	0.4	1	58 25
101	54	0.4	1	39 15
102	63	0.4	1	45 18
103	60	0.4	1	41 19
104	73	0.4	1	54 19
105	80	0.4	1	56 24
106	55	0.4	1	34 21
107	50	0.4	1	37 13
108	50	0.4	1	32 18
109	42	0.4	1	31 11
110	42	0.4	1	30 12
111	49	0.4	1	25 24
112	35	0.4	1	18 17
113	32	0.4	1	13 19
114	45	0.4	1	24 21
115	36	0.4	1	23 13
116	38	0.4	1	16 22
117	40	0.4	1	20 20
118	37	0.4	1	18 19
119	38	0.4	1	22 16
120	44	0.4	1	30 14
121	18	0.4	1	12 6
122	27	0.4	1	11 16
123	26	0.4	1	13 13
124	42	0.4	1	30 12
125	38	0.4	1	13 25
126	38	0.4	1	24 14
127	37	0.4	1	18 19
128	39	0.4	1	15 24
129	26	0.4	1	18 8
130	41	0.4	1	20 21
131	26	0.4	1	12 14
132	34	0.4	1	23 11
133	19	0.4	1	6 13
134	30	0.4	1	16 14
135	22	0.4	1	5 17
136	20	0.4	1	10 10
137	11	0.4	1	7 4
138	21	0.4	1	9 12
139	24	0.4	1	10 14
140	15	0.4	1	11 4
141	21	0.4	1	9 12
142	12	0.4	1	3 9
143	14	0.4	1	2 12
144	21	0.4	1	7 14
145	21	0.4	1	4 17
146	18	0.4	1	5 13
147	15	0.4	1	8 7
148	23	0.4	1	5 18
149	16	0.4	1	3 13
150	1861	0.4	1	8 1853

RUN STATISTICS FOR INPUT FILE: s045_R1_001.fastq.gz
=============================================
27815296 sequences processed in total

