
SUMMARISING RUN PARAMETERS
==========================
Input filename: s046_R1_001.fastq.gz
Trimming mode: paired-end
Trim Galore version: 0.6.10
Cutadapt version: 3.4
Number of cores used for trimming: 1
Quality Phred score cutoff: 20
Quality encoding type selected: ASCII+33
Using Illumina adapter for trimming (count: 5133). Second best hit was Nextera (count: 5)
Adapter sequence: 'AGATCGGAAGAGC' (Illumina TruSeq, Sanger iPCR; auto-detected)
Maximum trimming error rate: 0.1 (default)
Minimum required adapter overlap (stringency): 1 bp
Minimum required sequence length for both reads before a sequence pair gets removed: 20 bp
Running FastQC on the data once trimming has completed
Output file will be GZIP compressed


This is cutadapt 3.4 with Python 3.9.2
Command line parameters: -j 1 -e 0.1 -q 20 -O 1 -a AGATCGGAAGAGC s046_R1_001.fastq.gz
Processing reads on 1 core in single-end mode ...
Finished in 1729.33 s (85 µs/read; 0.71 M reads/minute).

=== Summary ===

Total reads processed:              20,448,667
Reads with adapters:                 7,519,094 (36.8%)
Reads written (passing filters):    20,448,667 (100.0%)

Total basepairs processed: 3,067,300,050 bp
Quality-trimmed:               6,265,885 bp (0.2%)
Total written (filtered):  3,047,331,726 bp (99.3%)

=== Adapter 1 ===

Sequence: AGATCGGAAGAGC; Type: regular 3'; Length: 13; Trimmed: 7519094 times

No. of allowed errors:
1-9 bp: 0; 10-13 bp: 1

Bases preceding removed adapters:
  A: 37.3%
  C: 23.8%
  G: 16.8%
  T: 22.1%
  none/other: 0.0%

Overview of removed sequences
length	count	expect	max.err	error counts
1	5727356	5112166.8	0	5727356
2	1159171	1278041.7	0	1159171
3	375983	319510.4	0	375983
4	87183	79877.6	0	87183
5	21106	19969.4	0	21106
6	7759	4992.4	0	7759
7	5399	1248.1	0	5399
8	5666	312.0	0	5666
9	4567	78.0	0	4252 315
10	5034	19.5	1	4312 722
11	5009	4.9	1	4437 572
12	4737	1.2	1	4344 393
13	4289	0.3	1	4001 288
14	4147	0.3	1	3868 279
15	4152	0.3	1	3873 279
16	3995	0.3	1	3700 295
17	4167	0.3	1	3826 341
18	3823	0.3	1	3603 220
19	3261	0.3	1	3061 200
20	3496	0.3	1	3262 234
21	3399	0.3	1	3162 237
22	3304	0.3	1	3105 199
23	3377	0.3	1	3153 224
24	2853	0.3	1	2631 222
25	2874	0.3	1	2701 173
26	2619	0.3	1	2480 139
27	2806	0.3	1	2626 180
28	2623	0.3	1	2458 165
29	2674	0.3	1	2478 196
30	2437	0.3	1	2300 137
31	2325	0.3	1	2193 132
32	2253	0.3	1	2132 121
33	2230	0.3	1	2074 156
34	2173	0.3	1	2033 140
35	1826	0.3	1	1737 89
36	1860	0.3	1	1737 123
37	1743	0.3	1	1626 117
38	1629	0.3	1	1535 94
39	1833	0.3	1	1708 125
40	1577	0.3	1	1461 116
41	1445	0.3	1	1370 75
42	1745	0.3	1	1623 122
43	1323	0.3	1	1197 126
44	1300	0.3	1	1212 88
45	2190	0.3	1	2084 106
46	592	0.3	1	530 62
47	1193	0.3	1	1100 93
48	5301	0.3	1	5118 183
49	4078	0.3	1	3927 151
50	289	0.3	1	235 54
51	879	0.3	1	833 46
52	785	0.3	1	739 46
53	199	0.3	1	167 32
54	296	0.3	1	257 39
55	539	0.3	1	518 21
56	289	0.3	1	257 32
57	113	0.3	1	98 15
58	116	0.3	1	99 17
59	150	0.3	1	121 29
60	61	0.3	1	44 17
61	99	0.3	1	65 34
62	344	0.3	1	313 31
63	148	0.3	1	119 29
64	111	0.3	1	91 20
65	140	0.3	1	120 20
66	313	0.3	1	284 29
67	60	0.3	1	37 23
68	48	0.3	1	29 19
69	60	0.3	1	42 18
70	55	0.3	1	39 16
71	29	0.3	1	17 12
72	26	0.3	1	14 12
73	59	0.3	1	43 16
74	122	0.3	1	106 16
75	147	0.3	1	130 17
76	179	0.3	1	156 23
77	216	0.3	1	193 23
78	179	0.3	1	168 11
79	179	0.3	1	156 23
80	170	0.3	1	154 16
81	173	0.3	1	157 16
82	158	0.3	1	133 25
83	141	0.3	1	124 17
84	147	0.3	1	121 26
85	136	0.3	1	108 28
86	127	0.3	1	100 27
87	126	0.3	1	104 22
88	121	0.3	1	97 24
89	97	0.3	1	85 12
90	121	0.3	1	102 19
91	79	0.3	1	59 20
92	84	0.3	1	60 24
93	99	0.3	1	76 23
94	93	0.3	1	71 22
95	91	0.3	1	69 22
96	93	0.3	1	65 28
97	88	0.3	1	68 20
98	82	0.3	1	65 17
99	76	0.3	1	59 17
100	56	0.3	1	36 20
101	70	0.3	1	51 19
102	62	0.3	1	43 19
103	51	0.3	1	37 14
104	54	0.3	1	38 16
105	50	0.3	1	39 11
106	56	0.3	1	39 17
107	41	0.3	1	30 11
108	38	0.3	1	25 13
109	42	0.3	1	25 17
110	41	0.3	1	30 11
111	40	0.3	1	19 21
112	31	0.3	1	22 9
113	20	0.3	1	11 9
114	37	0.3	1	16 21
115	29	0.3	1	18 11
116	32	0.3	1	16 16
117	26	0.3	1	17 9
118	25	0.3	1	9 16
119	19	0.3	1	7 12
120	26	0.3	1	16 10
121	27	0.3	1	11 16
122	24	0.3	1	9 15
123	24	0.3	1	9 15
124	33	0.3	1	11 22
125	27	0.3	1	17 10
126	29	0.3	1	13 16
127	25	0.3	1	16 9
128	21	0.3	1	10 11
129	23	0.3	1	8 15
130	23	0.3	1	9 14
131	18	0.3	1	9 9
132	19	0.3	1	9 10
133	14	0.3	1	5 9
134	21	0.3	1	9 12
135	12	0.3	1	3 9
136	16	0.3	1	7 9
137	18	0.3	1	8 10
138	15	0.3	1	6 9
139	14	0.3	1	2 12
140	17	0.3	1	6 11
141	11	0.3	1	3 8
142	12	0.3	1	2 10
143	9	0.3	1	2 7
144	9	0.3	1	2 7
145	14	0.3	1	3 11
146	17	0.3	1	4 13
147	9	0.3	1	1 8
148	10	0.3	1	3 7
149	8	0.3	1	0 8
150	1315	0.3	1	0 1315

RUN STATISTICS FOR INPUT FILE: s046_R1_001.fastq.gz
=============================================
20448667 sequences processed in total

