
SUMMARISING RUN PARAMETERS
==========================
Input filename: s047_R1_001.fastq.gz
Trimming mode: paired-end
Trim Galore version: 0.6.10
Cutadapt version: 3.4
Number of cores used for trimming: 1
Quality Phred score cutoff: 20
Quality encoding type selected: ASCII+33
Using Illumina adapter for trimming (count: 1786). Second best hit was Nextera (count: 7)
Adapter sequence: 'AGATCGGAAGAGC' (Illumina TruSeq, Sanger iPCR; auto-detected)
Maximum trimming error rate: 0.1 (default)
Minimum required adapter overlap (stringency): 1 bp
Minimum required sequence length for both reads before a sequence pair gets removed: 20 bp
Running FastQC on the data once trimming has completed
Output file will be GZIP compressed


This is cutadapt 3.4 with Python 3.9.2
Command line parameters: -j 1 -e 0.1 -q 20 -O 1 -a AGATCGGAAGAGC s047_R1_001.fastq.gz
Processing reads on 1 core in single-end mode ...
Finished in 1875.48 s (84 µs/read; 0.71 M reads/minute).

=== Summary ===

Total reads processed:              22,329,350
Reads with adapters:                 7,994,785 (35.8%)
Reads written (passing filters):    22,329,350 (100.0%)

Total basepairs processed: 3,349,402,500 bp
Quality-trimmed:               6,366,094 bp (0.2%)
Total written (filtered):  3,330,606,669 bp (99.4%)

=== Adapter 1 ===

Sequence: AGATCGGAAGAGC; Type: regular 3'; Length: 13; Trimmed: 7994785 times

No. of allowed errors:
1-9 bp: 0; 10-13 bp: 1

Bases preceding removed adapters:
  A: 36.4%
  C: 24.5%
  G: 17.2%
  T: 21.9%
  none/other: 0.0%

Overview of removed sequences
length	count	expect	max.err	error counts
1	6136501	5582337.5	0	6136501
2	1273178	1395584.4	0	1273178
3	402603	348896.1	0	402603
4	93449	87224.0	0	93449
5	21196	21806.0	0	21196
6	5965	5451.5	0	5965
7	3008	1362.9	0	3008
8	2646	340.7	0	2646
9	2478	85.2	0	2125 353
10	2674	21.3	1	2014 660
11	2331	5.3	1	1920 411
12	2114	1.3	1	1872 242
13	1952	0.3	1	1772 180
14	1882	0.3	1	1713 169
15	1745	0.3	1	1607 138
16	1779	0.3	1	1595 184
17	1878	0.3	1	1658 220
18	1627	0.3	1	1490 137
19	1363	0.3	1	1261 102
20	1498	0.3	1	1349 149
21	1419	0.3	1	1291 128
22	1325	0.3	1	1207 118
23	1401	0.3	1	1299 102
24	1128	0.3	1	1035 93
25	1179	0.3	1	1106 73
26	1002	0.3	1	922 80
27	1099	0.3	1	1018 81
28	1026	0.3	1	954 72
29	1042	0.3	1	957 85
30	960	0.3	1	901 59
31	874	0.3	1	807 67
32	845	0.3	1	775 70
33	805	0.3	1	729 76
34	817	0.3	1	747 70
35	665	0.3	1	612 53
36	705	0.3	1	646 59
37	697	0.3	1	638 59
38	602	0.3	1	553 49
39	698	0.3	1	617 81
40	617	0.3	1	548 69
41	546	0.3	1	494 52
42	643	0.3	1	588 55
43	456	0.3	1	393 63
44	420	0.3	1	379 41
45	822	0.3	1	766 56
46	233	0.3	1	193 40
47	419	0.3	1	365 54
48	1778	0.3	1	1694 84
49	1140	0.3	1	1086 54
50	102	0.3	1	76 26
51	279	0.3	1	259 20
52	321	0.3	1	290 31
53	106	0.3	1	71 35
54	117	0.3	1	88 29
55	179	0.3	1	159 20
56	104	0.3	1	77 27
57	59	0.3	1	31 28
58	58	0.3	1	33 25
59	78	0.3	1	48 30
60	49	0.3	1	24 25
61	45	0.3	1	23 22
62	161	0.3	1	129 32
63	66	0.3	1	46 20
64	45	0.3	1	29 16
65	49	0.3	1	34 15
66	94	0.3	1	76 18
67	34	0.3	1	14 20
68	19	0.3	1	8 11
69	27	0.3	1	13 14
70	27	0.3	1	12 15
71	17	0.3	1	2 15
72	24	0.3	1	4 20
73	46	0.3	1	24 22
74	40	0.3	1	23 17
75	54	0.3	1	41 13
76	65	0.3	1	51 14
77	69	0.3	1	53 16
78	61	0.3	1	48 13
79	46	0.3	1	38 8
80	84	0.3	1	52 32
81	57	0.3	1	36 21
82	62	0.3	1	41 21
83	61	0.3	1	46 15
84	56	0.3	1	44 12
85	60	0.3	1	35 25
86	57	0.3	1	36 21
87	53	0.3	1	29 24
88	51	0.3	1	38 13
89	55	0.3	1	30 25
90	39	0.3	1	19 20
91	56	0.3	1	26 30
92	48	0.3	1	23 25
93	52	0.3	1	32 20
94	39	0.3	1	22 17
95	39	0.3	1	17 22
96	40	0.3	1	21 19
97	43	0.3	1	22 21
98	47	0.3	1	25 22
99	51	0.3	1	19 32
100	38	0.3	1	27 11
101	43	0.3	1	16 27
102	42	0.3	1	13 29
103	50	0.3	1	19 31
104	36	0.3	1	19 17
105	34	0.3	1	14 20
106	28	0.3	1	14 14
107	34	0.3	1	16 18
108	33	0.3	1	17 16
109	28	0.3	1	16 12
110	32	0.3	1	13 19
111	30	0.3	1	10 20
112	22	0.3	1	9 13
113	30	0.3	1	11 19
114	30	0.3	1	8 22
115	30	0.3	1	16 14
116	34	0.3	1	13 21
117	24	0.3	1	10 14
118	25	0.3	1	11 14
119	27	0.3	1	10 17
120	26	0.3	1	9 17
121	26	0.3	1	12 14
122	21	0.3	1	9 12
123	16	0.3	1	4 12
124	21	0.3	1	6 15
125	20	0.3	1	7 13
126	20	0.3	1	4 16
127	26	0.3	1	7 19
128	34	0.3	1	13 21
129	15	0.3	1	6 9
130	19	0.3	1	6 13
131	21	0.3	1	6 15
132	18	0.3	1	5 13
133	15	0.3	1	4 11
134	12	0.3	1	3 9
135	19	0.3	1	7 12
136	22	0.3	1	5 17
137	17	0.3	1	2 15
138	17	0.3	1	1 16
139	12	0.3	1	0 12
140	17	0.3	1	0 17
141	11	0.3	1	1 10
142	9	0.3	1	2 7
143	15	0.3	1	1 14
144	21	0.3	1	7 14
145	12	0.3	1	5 7
146	23	0.3	1	5 18
147	18	0.3	1	6 12
148	16	0.3	1	2 14
149	26	0.3	1	2 24
150	2849	0.3	1	8 2841

RUN STATISTICS FOR INPUT FILE: s047_R1_001.fastq.gz
=============================================
22329350 sequences processed in total

