
SUMMARISING RUN PARAMETERS
==========================
Input filename: s048_R1_001.fastq.gz
Trimming mode: paired-end
Trim Galore version: 0.6.10
Cutadapt version: 3.4
Number of cores used for trimming: 1
Quality Phred score cutoff: 20
Quality encoding type selected: ASCII+33
Using Illumina adapter for trimming (count: 5411). Second best hit was Nextera (count: 9)
Adapter sequence: 'AGATCGGAAGAGC' (Illumina TruSeq, Sanger iPCR; auto-detected)
Maximum trimming error rate: 0.1 (default)
Minimum required adapter overlap (stringency): 1 bp
Minimum required sequence length for both reads before a sequence pair gets removed: 20 bp
Running FastQC on the data once trimming has completed
Output file will be GZIP compressed


This is cutadapt 3.4 with Python 3.9.2
Command line parameters: -j 1 -e 0.1 -q 20 -O 1 -a AGATCGGAAGAGC s048_R1_001.fastq.gz
Processing reads on 1 core in single-end mode ...
Finished in 1619.14 s (83 µs/read; 0.72 M reads/minute).

=== Summary ===

Total reads processed:              19,510,706
Reads with adapters:                 7,077,435 (36.3%)
Reads written (passing filters):    19,510,706 (100.0%)

Total basepairs processed: 2,926,605,900 bp
Quality-trimmed:               5,411,685 bp (0.2%)
Total written (filtered):  2,908,063,539 bp (99.4%)

=== Adapter 1 ===

Sequence: AGATCGGAAGAGC; Type: regular 3'; Length: 13; Trimmed: 7077435 times

No. of allowed errors:
1-9 bp: 0; 10-13 bp: 1

Bases preceding removed adapters:
  A: 36.5%
  C: 24.4%
  G: 17.3%
  T: 21.7%
  none/other: 0.0%

Overview of removed sequences
length	count	expect	max.err	error counts
1	5353578	4877676.5	0	5353578
2	1114579	1219419.1	0	1114579
3	355686	304854.8	0	355686
4	84233	76213.7	0	84233
5	21141	19053.4	0	21141
6	7869	4763.4	0	7869
7	5423	1190.8	0	5423
8	5521	297.7	0	5521
9	4598	74.4	0	4287 311
10	5166	18.6	1	4433 733
11	4948	4.7	1	4350 598
12	4612	1.2	1	4285 327
13	4225	0.3	1	3946 279
14	4098	0.3	1	3798 300
15	4050	0.3	1	3777 273
16	3929	0.3	1	3587 342
17	4193	0.3	1	3862 331
18	3647	0.3	1	3431 216
19	3266	0.3	1	3088 178
20	3407	0.3	1	3181 226
21	3322	0.3	1	3100 222
22	3363	0.3	1	3125 238
23	3271	0.3	1	3058 213
24	2932	0.3	1	2689 243
25	2956	0.3	1	2770 186
26	2656	0.3	1	2499 157
27	2893	0.3	1	2687 206
28	2650	0.3	1	2475 175
29	2573	0.3	1	2382 191
30	2408	0.3	1	2255 153
31	2208	0.3	1	2094 114
32	2166	0.3	1	2032 134
33	2282	0.3	1	2111 171
34	2171	0.3	1	2013 158
35	1893	0.3	1	1808 85
36	1939	0.3	1	1788 151
37	1834	0.3	1	1707 127
38	1755	0.3	1	1671 84
39	1828	0.3	1	1719 109
40	1519	0.3	1	1398 121
41	1459	0.3	1	1385 74
42	1789	0.3	1	1656 133
43	1433	0.3	1	1294 139
44	1410	0.3	1	1309 101
45	2273	0.3	1	2141 132
46	623	0.3	1	546 77
47	1234	0.3	1	1153 81
48	5814	0.3	1	5611 203
49	3516	0.3	1	3408 108
50	275	0.3	1	224 51
51	1134	0.3	1	1081 53
52	849	0.3	1	796 53
53	199	0.3	1	159 40
54	280	0.3	1	255 25
55	598	0.3	1	570 28
56	314	0.3	1	277 37
57	125	0.3	1	104 21
58	112	0.3	1	85 27
59	200	0.3	1	166 34
60	72	0.3	1	50 22
61	93	0.3	1	69 24
62	386	0.3	1	356 30
63	158	0.3	1	133 25
64	138	0.3	1	111 27
65	128	0.3	1	115 13
66	331	0.3	1	303 28
67	63	0.3	1	48 15
68	50	0.3	1	35 15
69	42	0.3	1	22 20
70	52	0.3	1	41 11
71	29	0.3	1	14 15
72	29	0.3	1	19 10
73	63	0.3	1	54 9
74	92	0.3	1	79 13
75	152	0.3	1	139 13
76	169	0.3	1	155 14
77	183	0.3	1	158 25
78	173	0.3	1	154 19
79	190	0.3	1	176 14
80	141	0.3	1	127 14
81	157	0.3	1	138 19
82	147	0.3	1	122 25
83	163	0.3	1	149 14
84	127	0.3	1	104 23
85	129	0.3	1	101 28
86	127	0.3	1	102 25
87	104	0.3	1	84 20
88	124	0.3	1	97 27
89	115	0.3	1	101 14
90	99	0.3	1	81 18
91	88	0.3	1	73 15
92	74	0.3	1	57 17
93	86	0.3	1	64 22
94	75	0.3	1	59 16
95	91	0.3	1	64 27
96	76	0.3	1	51 25
97	77	0.3	1	61 16
98	74	0.3	1	47 27
99	53	0.3	1	36 17
100	78	0.3	1	54 24
101	53	0.3	1	33 20
102	69	0.3	1	48 21
103	50	0.3	1	33 17
104	50	0.3	1	34 16
105	46	0.3	1	32 14
106	53	0.3	1	31 22
107	45	0.3	1	30 15
108	41	0.3	1	22 19
109	34	0.3	1	19 15
110	39	0.3	1	22 17
111	27	0.3	1	12 15
112	39	0.3	1	15 24
113	40	0.3	1	20 20
114	32	0.3	1	17 15
115	33	0.3	1	19 14
116	34	0.3	1	18 16
117	31	0.3	1	14 17
118	31	0.3	1	17 14
119	26	0.3	1	11 15
120	27	0.3	1	14 13
121	21	0.3	1	7 14
122	13	0.3	1	7 6
123	22	0.3	1	4 18
124	28	0.3	1	14 14
125	22	0.3	1	10 12
126	14	0.3	1	5 9
127	16	0.3	1	8 8
128	25	0.3	1	8 17
129	22	0.3	1	5 17
130	18	0.3	1	7 11
131	19	0.3	1	5 14
132	9	0.3	1	3 6
133	18	0.3	1	4 14
134	15	0.3	1	2 13
135	10	0.3	1	3 7
136	19	0.3	1	4 15
137	14	0.3	1	4 10
138	12	0.3	1	4 8
139	11	0.3	1	2 9
140	10	0.3	1	0 10
141	9	0.3	1	0 9
142	8	0.3	1	2 6
143	23	0.3	1	6 17
144	17	0.3	1	2 15
145	6	0.3	1	3 3
146	14	0.3	1	3 11
147	11	0.3	1	2 9
148	14	0.3	1	4 10
149	16	0.3	1	0 16
150	956	0.3	1	2 954

RUN STATISTICS FOR INPUT FILE: s048_R1_001.fastq.gz
=============================================
19510706 sequences processed in total

