
SUMMARISING RUN PARAMETERS
==========================
Input filename: s049_R1_001.fastq.gz
Trimming mode: paired-end
Trim Galore version: 0.6.10
Cutadapt version: 3.4
Number of cores used for trimming: 1
Quality Phred score cutoff: 20
Quality encoding type selected: ASCII+33
Using Illumina adapter for trimming (count: 7761). Second best hit was smallRNA (count: 7)
Adapter sequence: 'AGATCGGAAGAGC' (Illumina TruSeq, Sanger iPCR; auto-detected)
Maximum trimming error rate: 0.1 (default)
Minimum required adapter overlap (stringency): 1 bp
Minimum required sequence length for both reads before a sequence pair gets removed: 20 bp
Running FastQC on the data once trimming has completed
Output file will be GZIP compressed


This is cutadapt 3.4 with Python 3.9.2
Command line parameters: -j 1 -e 0.1 -q 20 -O 1 -a AGATCGGAAGAGC s049_R1_001.fastq.gz
Processing reads on 1 core in single-end mode ...
Finished in 2201.55 s (84 µs/read; 0.71 M reads/minute).

=== Summary ===

Total reads processed:              26,113,998
Reads with adapters:                 9,296,775 (35.6%)
Reads written (passing filters):    26,113,998 (100.0%)

Total basepairs processed: 3,917,099,700 bp
Quality-trimmed:               6,729,113 bp (0.2%)
Total written (filtered):  3,890,367,594 bp (99.3%)

=== Adapter 1 ===

Sequence: AGATCGGAAGAGC; Type: regular 3'; Length: 13; Trimmed: 9296775 times

No. of allowed errors:
1-9 bp: 0; 10-13 bp: 1

Bases preceding removed adapters:
  A: 36.0%
  C: 24.6%
  G: 18.3%
  T: 21.0%
  none/other: 0.0%

Overview of removed sequences
length	count	expect	max.err	error counts
1	6952351	6528499.5	0	6952351
2	1450153	1632124.9	0	1450153
3	463103	408031.2	0	463103
4	113269	102007.8	0	113269
5	32262	25502.0	0	32262
6	14132	6375.5	0	14132
7	9704	1593.9	0	9704
8	10049	398.5	0	10049
9	8086	99.6	0	7601 485
10	8976	24.9	1	7787 1189
11	9039	6.2	1	8111 928
12	8732	1.6	1	8078 654
13	7756	0.4	1	7209 547
14	7682	0.4	1	7134 548
15	7446	0.4	1	6959 487
16	7233	0.4	1	6648 585
17	7566	0.4	1	6923 643
18	6793	0.4	1	6350 443
19	6278	0.4	1	5860 418
20	6393	0.4	1	5970 423
21	6203	0.4	1	5751 452
22	6300	0.4	1	5877 423
23	6448	0.4	1	6033 415
24	5387	0.4	1	4980 407
25	5667	0.4	1	5300 367
26	5217	0.4	1	4938 279
27	5123	0.4	1	4827 296
28	4890	0.4	1	4593 297
29	5070	0.4	1	4661 409
30	4445	0.4	1	4206 239
31	4458	0.4	1	4210 248
32	4202	0.4	1	3987 215
33	4374	0.4	1	4062 312
34	4213	0.4	1	3965 248
35	3760	0.4	1	3572 188
36	3860	0.4	1	3632 228
37	3662	0.4	1	3458 204
38	3241	0.4	1	3071 170
39	3871	0.4	1	3656 215
40	3045	0.4	1	2830 215
41	3011	0.4	1	2827 184
42	3726	0.4	1	3515 211
43	2793	0.4	1	2540 253
44	2828	0.4	1	2622 206
45	4896	0.4	1	4658 238
46	1185	0.4	1	1082 103
47	2538	0.4	1	2343 195
48	12767	0.4	1	12416 351
49	8069	0.4	1	7803 266
50	566	0.4	1	482 84
51	1978	0.4	1	1891 87
52	1890	0.4	1	1790 100
53	412	0.4	1	354 58
54	723	0.4	1	679 44
55	1258	0.4	1	1194 64
56	721	0.4	1	677 44
57	266	0.4	1	235 31
58	254	0.4	1	200 54
59	386	0.4	1	349 37
60	164	0.4	1	122 42
61	214	0.4	1	167 47
62	810	0.4	1	765 45
63	264	0.4	1	239 25
64	284	0.4	1	251 33
65	278	0.4	1	247 31
66	823	0.4	1	775 48
67	126	0.4	1	106 20
68	98	0.4	1	75 23
69	130	0.4	1	96 34
70	196	0.4	1	171 25
71	57	0.4	1	35 22
72	91	0.4	1	56 35
73	169	0.4	1	134 35
74	256	0.4	1	220 36
75	397	0.4	1	357 40
76	461	0.4	1	428 33
77	462	0.4	1	413 49
78	442	0.4	1	395 47
79	440	0.4	1	399 41
80	385	0.4	1	344 41
81	428	0.4	1	382 46
82	364	0.4	1	331 33
83	342	0.4	1	296 46
84	352	0.4	1	320 32
85	304	0.4	1	265 39
86	278	0.4	1	240 38
87	324	0.4	1	276 48
88	321	0.4	1	283 38
89	246	0.4	1	206 40
90	232	0.4	1	189 43
91	204	0.4	1	175 29
92	204	0.4	1	180 24
93	211	0.4	1	176 35
94	204	0.4	1	175 29
95	190	0.4	1	160 30
96	195	0.4	1	149 46
97	160	0.4	1	128 32
98	155	0.4	1	126 29
99	132	0.4	1	103 29
100	140	0.4	1	113 27
101	131	0.4	1	110 21
102	142	0.4	1	114 28
103	140	0.4	1	103 37
104	106	0.4	1	85 21
105	103	0.4	1	73 30
106	105	0.4	1	70 35
107	108	0.4	1	83 25
108	95	0.4	1	65 30
109	123	0.4	1	88 35
110	77	0.4	1	51 26
111	70	0.4	1	44 26
112	58	0.4	1	43 15
113	76	0.4	1	52 24
114	69	0.4	1	44 25
115	87	0.4	1	40 47
116	74	0.4	1	50 24
117	69	0.4	1	41 28
118	63	0.4	1	37 26
119	55	0.4	1	35 20
120	47	0.4	1	20 27
121	42	0.4	1	19 23
122	43	0.4	1	23 20
123	44	0.4	1	21 23
124	42	0.4	1	22 20
125	38	0.4	1	11 27
126	44	0.4	1	16 28
127	36	0.4	1	18 18
128	36	0.4	1	12 24
129	29	0.4	1	14 15
130	31	0.4	1	17 14
131	32	0.4	1	18 14
132	45	0.4	1	25 20
133	34	0.4	1	14 20
134	35	0.4	1	10 25
135	31	0.4	1	9 22
136	35	0.4	1	11 24
137	22	0.4	1	8 14
138	16	0.4	1	5 11
139	20	0.4	1	7 13
140	26	0.4	1	11 15
141	14	0.4	1	4 10
142	20	0.4	1	2 18
143	20	0.4	1	3 17
144	31	0.4	1	5 26
145	25	0.4	1	6 19
146	28	0.4	1	9 19
147	36	0.4	1	11 25
148	14	0.4	1	5 9
149	28	0.4	1	6 22
150	1841	0.4	1	10 1831

RUN STATISTICS FOR INPUT FILE: s049_R1_001.fastq.gz
=============================================
26113998 sequences processed in total

