
SUMMARISING RUN PARAMETERS
==========================
Input filename: s049_R2_001.fastq.gz
Trimming mode: paired-end
Trim Galore version: 0.6.10
Cutadapt version: 3.4
Number of cores used for trimming: 1
Quality Phred score cutoff: 20
Quality encoding type selected: ASCII+33
Using Illumina adapter for trimming (count: 7761). Second best hit was smallRNA (count: 7)
Adapter sequence: 'AGATCGGAAGAGC' (Illumina TruSeq, Sanger iPCR; auto-detected)
Maximum trimming error rate: 0.1 (default)
Minimum required adapter overlap (stringency): 1 bp
Minimum required sequence length for both reads before a sequence pair gets removed: 20 bp
Running FastQC on the data once trimming has completed
Output file will be GZIP compressed


This is cutadapt 3.4 with Python 3.9.2
Command line parameters: -j 1 -e 0.1 -q 20 -O 1 -a AGATCGGAAGAGC s049_R2_001.fastq.gz
Processing reads on 1 core in single-end mode ...
Finished in 2339.04 s (90 µs/read; 0.67 M reads/minute).

=== Summary ===

Total reads processed:              26,113,998
Reads with adapters:                 9,113,309 (34.9%)
Reads written (passing filters):    26,113,998 (100.0%)

Total basepairs processed: 3,917,099,700 bp
Quality-trimmed:              10,676,777 bp (0.3%)
Total written (filtered):  3,886,545,338 bp (99.2%)

=== Adapter 1 ===

Sequence: AGATCGGAAGAGC; Type: regular 3'; Length: 13; Trimmed: 9113309 times

No. of allowed errors:
1-9 bp: 0; 10-13 bp: 1

Bases preceding removed adapters:
  A: 34.7%
  C: 25.4%
  G: 18.9%
  T: 20.9%
  none/other: 0.0%

Overview of removed sequences
length	count	expect	max.err	error counts
1	6749649	6528499.5	0	6749649
2	1467794	1632124.9	0	1467794
3	466541	408031.2	0	466541
4	112414	102007.8	0	112414
5	32487	25502.0	0	32487
6	13665	6375.5	0	13665
7	10126	1593.9	0	10126
8	10170	398.5	0	10170
9	7284	99.6	0	6830 454
10	9381	24.9	1	7866 1515
11	8688	6.2	1	7613 1075
12	8856	1.6	1	7863 993
13	7563	0.4	1	6830 733
14	8618	0.4	1	7684 934
15	6632	0.4	1	6022 610
16	7106	0.4	1	6494 612
17	7974	0.4	1	7208 766
18	5617	0.4	1	5168 449
19	6938	0.4	1	6335 603
20	7176	0.4	1	6530 646
21	5615	0.4	1	5105 510
22	6047	0.4	1	5545 502
23	5960	0.4	1	5409 551
24	7476	0.4	1	6770 706
25	6305	0.4	1	5839 466
26	4213	0.4	1	3892 321
27	4183	0.4	1	3890 293
28	5170	0.4	1	4751 419
29	4615	0.4	1	4281 334
30	4674	0.4	1	4336 338
31	4426	0.4	1	4074 352
32	4543	0.4	1	4204 339
33	4640	0.4	1	4294 346
34	3995	0.4	1	3736 259
35	3859	0.4	1	3591 268
36	3739	0.4	1	3500 239
37	3358	0.4	1	3168 190
38	3676	0.4	1	3442 234
39	3478	0.4	1	3283 195
40	3515	0.4	1	3320 195
41	2327	0.4	1	2195 132
42	3251	0.4	1	3062 189
43	2511	0.4	1	2356 155
44	2832	0.4	1	2641 191
45	2713	0.4	1	2534 179
46	2449	0.4	1	2291 158
47	2425	0.4	1	2266 159
48	2278	0.4	1	2144 134
49	2206	0.4	1	2070 136
50	2047	0.4	1	1929 118
51	2111	0.4	1	1975 136
52	1906	0.4	1	1789 117
53	1781	0.4	1	1670 111
54	1890	0.4	1	1766 124
55	1450	0.4	1	1361 89
56	1675	0.4	1	1565 110
57	2048	0.4	1	1924 124
58	1202	0.4	1	1118 84
59	1141	0.4	1	1069 72
60	1663	0.4	1	1536 127
61	1149	0.4	1	1066 83
62	943	0.4	1	870 73
63	2247	0.4	1	2130 117
64	973	0.4	1	901 72
65	684	0.4	1	633 51
66	714	0.4	1	660 54
67	1009	0.4	1	955 54
68	845	0.4	1	802 43
69	789	0.4	1	730 59
70	918	0.4	1	847 71
71	743	0.4	1	695 48
72	669	0.4	1	626 43
73	883	0.4	1	845 38
74	544	0.4	1	517 27
75	507	0.4	1	479 28
76	353	0.4	1	311 42
77	363	0.4	1	307 56
78	338	0.4	1	302 36
79	384	0.4	1	350 34
80	333	0.4	1	301 32
81	409	0.4	1	375 34
82	361	0.4	1	327 34
83	362	0.4	1	323 39
84	333	0.4	1	296 37
85	309	0.4	1	272 37
86	292	0.4	1	251 41
87	301	0.4	1	256 45
88	296	0.4	1	259 37
89	221	0.4	1	193 28
90	228	0.4	1	194 34
91	200	0.4	1	169 31
92	214	0.4	1	177 37
93	208	0.4	1	173 35
94	197	0.4	1	156 41
95	177	0.4	1	142 35
96	186	0.4	1	153 33
97	169	0.4	1	130 39
98	169	0.4	1	141 28
99	146	0.4	1	120 26
100	159	0.4	1	129 30
101	145	0.4	1	114 31
102	148	0.4	1	115 33
103	147	0.4	1	110 37
104	102	0.4	1	83 19
105	92	0.4	1	75 17
106	101	0.4	1	72 29
107	120	0.4	1	85 35
108	103	0.4	1	73 30
109	127	0.4	1	98 29
110	80	0.4	1	52 28
111	84	0.4	1	56 28
112	64	0.4	1	35 29
113	81	0.4	1	55 26
114	83	0.4	1	49 34
115	71	0.4	1	45 26
116	74	0.4	1	51 23
117	72	0.4	1	43 29
118	68	0.4	1	45 23
119	71	0.4	1	37 34
120	51	0.4	1	25 26
121	50	0.4	1	26 24
122	53	0.4	1	25 28
123	59	0.4	1	22 37
124	61	0.4	1	23 38
125	50	0.4	1	17 33
126	40	0.4	1	17 23
127	54	0.4	1	27 27
128	32	0.4	1	12 20
129	40	0.4	1	19 21
130	33	0.4	1	15 18
131	43	0.4	1	20 23
132	49	0.4	1	25 24
133	37	0.4	1	14 23
134	26	0.4	1	8 18
135	19	0.4	1	9 10
136	33	0.4	1	11 22
137	26	0.4	1	7 19
138	17	0.4	1	4 13
139	17	0.4	1	6 11
140	33	0.4	1	10 23
141	26	0.4	1	4 22
142	16	0.4	1	1 15
143	16	0.4	1	3 13
144	25	0.4	1	6 19
145	27	0.4	1	4 23
146	30	0.4	1	8 22
147	43	0.4	1	8 35
148	26	0.4	1	4 22
149	18	0.4	1	6 12
150	29	0.4	1	10 19

RUN STATISTICS FOR INPUT FILE: s049_R2_001.fastq.gz
=============================================
26113998 sequences processed in total

Total number of sequences analysed for the sequence pair length validation: 26113998

Number of sequence pairs removed because at least one read was shorter than the length cutoff (20 bp): 9054 (0.03%)
