
SUMMARISING RUN PARAMETERS
==========================
Input filename: s051_R1_001.fastq.gz
Trimming mode: paired-end
Trim Galore version: 0.6.10
Cutadapt version: 3.4
Number of cores used for trimming: 1
Quality Phred score cutoff: 20
Quality encoding type selected: ASCII+33
Using Illumina adapter for trimming (count: 7336). Second best hit was Nextera (count: 10)
Adapter sequence: 'AGATCGGAAGAGC' (Illumina TruSeq, Sanger iPCR; auto-detected)
Maximum trimming error rate: 0.1 (default)
Minimum required adapter overlap (stringency): 1 bp
Minimum required sequence length for both reads before a sequence pair gets removed: 20 bp
Running FastQC on the data once trimming has completed
Output file will be GZIP compressed


This is cutadapt 3.4 with Python 3.9.2
Command line parameters: -j 1 -e 0.1 -q 20 -O 1 -a AGATCGGAAGAGC s051_R1_001.fastq.gz
Processing reads on 1 core in single-end mode ...
Finished in 2213.10 s (84 µs/read; 0.71 M reads/minute).

=== Summary ===

Total reads processed:              26,254,692
Reads with adapters:                 9,559,957 (36.4%)
Reads written (passing filters):    26,254,692 (100.0%)

Total basepairs processed: 3,938,203,800 bp
Quality-trimmed:               5,883,970 bp (0.1%)
Total written (filtered):  3,912,607,590 bp (99.4%)

=== Adapter 1 ===

Sequence: AGATCGGAAGAGC; Type: regular 3'; Length: 13; Trimmed: 9559957 times

No. of allowed errors:
1-9 bp: 0; 10-13 bp: 1

Bases preceding removed adapters:
  A: 34.5%
  C: 25.4%
  G: 17.1%
  T: 23.0%
  none/other: 0.0%

Overview of removed sequences
length	count	expect	max.err	error counts
1	7183416	6563673.0	0	7183416
2	1469764	1640918.2	0	1469764
3	480374	410229.6	0	480374
4	121019	102557.4	0	121019
5	31913	25639.3	0	31913
6	12567	6409.8	0	12567
7	9744	1602.5	0	9744
8	10037	400.6	0	10037
9	8237	100.2	0	7859 378
10	8943	25.0	1	7927 1016
11	9007	6.3	1	8102 905
12	8594	1.6	1	7966 628
13	7843	0.4	1	7319 524
14	7596	0.4	1	7045 551
15	7568	0.4	1	7046 522
16	7479	0.4	1	6948 531
17	7629	0.4	1	7035 594
18	6762	0.4	1	6344 418
19	6253	0.4	1	5820 433
20	6494	0.4	1	6071 423
21	6224	0.4	1	5817 407
22	6130	0.4	1	5733 397
23	6298	0.4	1	5901 397
24	5316	0.4	1	4893 423
25	5477	0.4	1	5152 325
26	5275	0.4	1	4956 319
27	5241	0.4	1	4924 317
28	4874	0.4	1	4583 291
29	4916	0.4	1	4576 340
30	4476	0.4	1	4267 209
31	4378	0.4	1	4120 258
32	4127	0.4	1	3908 219
33	4300	0.4	1	4028 272
34	4178	0.4	1	3929 249
35	3698	0.4	1	3513 185
36	3680	0.4	1	3438 242
37	3388	0.4	1	3191 197
38	3169	0.4	1	2997 172
39	3635	0.4	1	3421 214
40	2934	0.4	1	2713 221
41	2752	0.4	1	2629 123
42	3441	0.4	1	3243 198
43	2594	0.4	1	2376 218
44	2554	0.4	1	2382 172
45	4515	0.4	1	4309 206
46	1116	0.4	1	1029 87
47	2358	0.4	1	2196 162
48	11649	0.4	1	11305 344
49	6124	0.4	1	5928 196
50	432	0.4	1	368 64
51	1815	0.4	1	1737 78
52	1571	0.4	1	1496 75
53	379	0.4	1	330 49
54	568	0.4	1	527 41
55	1080	0.4	1	1025 55
56	575	0.4	1	536 39
57	213	0.4	1	173 40
58	204	0.4	1	175 29
59	334	0.4	1	289 45
60	120	0.4	1	86 34
61	144	0.4	1	112 32
62	700	0.4	1	660 40
63	235	0.4	1	201 34
64	227	0.4	1	196 31
65	181	0.4	1	159 22
66	624	0.4	1	584 40
67	88	0.4	1	77 11
68	101	0.4	1	71 30
69	141	0.4	1	107 34
70	139	0.4	1	114 25
71	46	0.4	1	32 14
72	71	0.4	1	44 27
73	128	0.4	1	102 26
74	227	0.4	1	190 37
75	346	0.4	1	308 38
76	378	0.4	1	346 32
77	333	0.4	1	308 25
78	395	0.4	1	364 31
79	327	0.4	1	286 41
80	317	0.4	1	288 29
81	270	0.4	1	251 19
82	302	0.4	1	274 28
83	290	0.4	1	255 35
84	255	0.4	1	234 21
85	219	0.4	1	197 22
86	216	0.4	1	194 22
87	218	0.4	1	189 29
88	203	0.4	1	171 32
89	198	0.4	1	173 25
90	193	0.4	1	168 25
91	160	0.4	1	130 30
92	147	0.4	1	122 25
93	144	0.4	1	125 19
94	131	0.4	1	110 21
95	138	0.4	1	114 24
96	129	0.4	1	103 26
97	121	0.4	1	102 19
98	116	0.4	1	96 20
99	107	0.4	1	83 24
100	101	0.4	1	83 18
101	103	0.4	1	83 20
102	104	0.4	1	80 24
103	95	0.4	1	72 23
104	90	0.4	1	59 31
105	74	0.4	1	58 16
106	77	0.4	1	53 24
107	78	0.4	1	55 23
108	65	0.4	1	41 24
109	68	0.4	1	50 18
110	74	0.4	1	49 25
111	54	0.4	1	42 12
112	60	0.4	1	34 26
113	48	0.4	1	32 16
114	50	0.4	1	31 19
115	56	0.4	1	36 20
116	46	0.4	1	28 18
117	36	0.4	1	24 12
118	50	0.4	1	27 23
119	30	0.4	1	19 11
120	31	0.4	1	13 18
121	39	0.4	1	26 13
122	30	0.4	1	14 16
123	31	0.4	1	15 16
124	38	0.4	1	21 17
125	39	0.4	1	16 23
126	23	0.4	1	14 9
127	32	0.4	1	19 13
128	31	0.4	1	13 18
129	32	0.4	1	13 19
130	36	0.4	1	19 17
131	22	0.4	1	8 14
132	24	0.4	1	17 7
133	19	0.4	1	8 11
134	30	0.4	1	16 14
135	15	0.4	1	5 10
136	27	0.4	1	8 19
137	25	0.4	1	9 16
138	17	0.4	1	10 7
139	18	0.4	1	6 12
140	19	0.4	1	8 11
141	22	0.4	1	9 13
142	16	0.4	1	1 15
143	19	0.4	1	6 13
144	18	0.4	1	6 12
145	9	0.4	1	4 5
146	25	0.4	1	13 12
147	17	0.4	1	7 10
148	18	0.4	1	7 11
149	20	0.4	1	5 15
150	1804	0.4	1	6 1798

RUN STATISTICS FOR INPUT FILE: s051_R1_001.fastq.gz
=============================================
26254692 sequences processed in total

