
SUMMARISING RUN PARAMETERS
==========================
Input filename: s054_R1_001.fastq.gz
Trimming mode: paired-end
Trim Galore version: 0.6.10
Cutadapt version: 3.4
Number of cores used for trimming: 1
Quality Phred score cutoff: 20
Quality encoding type selected: ASCII+33
Using Illumina adapter for trimming (count: 4307). Second best hit was smallRNA (count: 6)
Adapter sequence: 'AGATCGGAAGAGC' (Illumina TruSeq, Sanger iPCR; auto-detected)
Maximum trimming error rate: 0.1 (default)
Minimum required adapter overlap (stringency): 1 bp
Minimum required sequence length for both reads before a sequence pair gets removed: 20 bp
Running FastQC on the data once trimming has completed
Output file will be GZIP compressed


This is cutadapt 3.4 with Python 3.9.2
Command line parameters: -j 1 -e 0.1 -q 20 -O 1 -a AGATCGGAAGAGC s054_R1_001.fastq.gz
Processing reads on 1 core in single-end mode ...
Finished in 1656.45 s (84 µs/read; 0.71 M reads/minute).

=== Summary ===

Total reads processed:              19,635,726
Reads with adapters:                 7,161,561 (36.5%)
Reads written (passing filters):    19,635,726 (100.0%)

Total basepairs processed: 2,945,358,900 bp
Quality-trimmed:               5,619,757 bp (0.2%)
Total written (filtered):  2,927,265,474 bp (99.4%)

=== Adapter 1 ===

Sequence: AGATCGGAAGAGC; Type: regular 3'; Length: 13; Trimmed: 7161561 times

No. of allowed errors:
1-9 bp: 0; 10-13 bp: 1

Bases preceding removed adapters:
  A: 36.9%
  C: 24.1%
  G: 17.0%
  T: 22.0%
  none/other: 0.0%

Overview of removed sequences
length	count	expect	max.err	error counts
1	5460347	4908931.5	0	5460347
2	1113325	1227232.9	0	1113325
3	358219	306808.2	0	358219
4	84140	76702.1	0	84140
5	20922	19175.5	0	20922
6	7442	4793.9	0	7442
7	4990	1198.5	0	4990
8	5127	299.6	0	5127
9	4329	74.9	0	4037 292
10	4604	18.7	1	3922 682
11	4577	4.7	1	4039 538
12	4274	1.2	1	3937 337
13	3799	0.3	1	3510 289
14	3784	0.3	1	3502 282
15	3536	0.3	1	3294 242
16	3670	0.3	1	3344 326
17	3600	0.3	1	3301 299
18	3206	0.3	1	2982 224
19	2823	0.3	1	2638 185
20	2853	0.3	1	2645 208
21	2970	0.3	1	2732 238
22	2766	0.3	1	2572 194
23	2950	0.3	1	2738 212
24	2377	0.3	1	2204 173
25	2504	0.3	1	2319 185
26	2274	0.3	1	2125 149
27	2295	0.3	1	2123 172
28	2052	0.3	1	1913 139
29	2239	0.3	1	2069 170
30	1970	0.3	1	1837 133
31	1817	0.3	1	1717 100
32	1833	0.3	1	1743 90
33	1794	0.3	1	1674 120
34	1668	0.3	1	1555 113
35	1462	0.3	1	1392 70
36	1548	0.3	1	1441 107
37	1423	0.3	1	1328 95
38	1265	0.3	1	1199 66
39	1402	0.3	1	1304 98
40	1174	0.3	1	1072 102
41	1081	0.3	1	1005 76
42	1363	0.3	1	1284 79
43	1018	0.3	1	913 105
44	988	0.3	1	899 89
45	1711	0.3	1	1617 94
46	476	0.3	1	419 57
47	817	0.3	1	748 69
48	3584	0.3	1	3433 151
49	2628	0.3	1	2531 97
50	227	0.3	1	198 29
51	551	0.3	1	506 45
52	626	0.3	1	601 25
53	149	0.3	1	128 21
54	232	0.3	1	204 28
55	340	0.3	1	312 28
56	220	0.3	1	192 28
57	102	0.3	1	84 18
58	93	0.3	1	73 20
59	148	0.3	1	122 26
60	63	0.3	1	39 24
61	71	0.3	1	48 23
62	238	0.3	1	212 26
63	89	0.3	1	70 19
64	90	0.3	1	67 23
65	70	0.3	1	49 21
66	218	0.3	1	199 19
67	46	0.3	1	25 21
68	28	0.3	1	12 16
69	53	0.3	1	28 25
70	32	0.3	1	18 14
71	27	0.3	1	11 16
72	27	0.3	1	17 10
73	61	0.3	1	46 15
74	88	0.3	1	69 19
75	114	0.3	1	97 17
76	138	0.3	1	127 11
77	127	0.3	1	105 22
78	139	0.3	1	119 20
79	117	0.3	1	107 10
80	97	0.3	1	78 19
81	126	0.3	1	95 31
82	109	0.3	1	87 22
83	105	0.3	1	81 24
84	96	0.3	1	75 21
85	97	0.3	1	82 15
86	90	0.3	1	68 22
87	78	0.3	1	65 13
88	78	0.3	1	66 12
89	81	0.3	1	62 19
90	61	0.3	1	50 11
91	65	0.3	1	46 19
92	73	0.3	1	55 18
93	63	0.3	1	47 16
94	62	0.3	1	37 25
95	60	0.3	1	39 21
96	50	0.3	1	36 14
97	66	0.3	1	38 28
98	52	0.3	1	34 18
99	65	0.3	1	41 24
100	38	0.3	1	24 14
101	43	0.3	1	28 15
102	48	0.3	1	36 12
103	35	0.3	1	26 9
104	52	0.3	1	33 19
105	35	0.3	1	23 12
106	50	0.3	1	30 20
107	38	0.3	1	26 12
108	33	0.3	1	25 8
109	33	0.3	1	20 13
110	39	0.3	1	18 21
111	38	0.3	1	19 19
112	36	0.3	1	18 18
113	22	0.3	1	7 15
114	28	0.3	1	15 13
115	27	0.3	1	14 13
116	28	0.3	1	12 16
117	27	0.3	1	13 14
118	22	0.3	1	9 13
119	24	0.3	1	11 13
120	24	0.3	1	16 8
121	20	0.3	1	9 11
122	23	0.3	1	15 8
123	22	0.3	1	12 10
124	27	0.3	1	9 18
125	20	0.3	1	6 14
126	10	0.3	1	3 7
127	25	0.3	1	10 15
128	29	0.3	1	14 15
129	24	0.3	1	10 14
130	16	0.3	1	8 8
131	12	0.3	1	3 9
132	11	0.3	1	5 6
133	16	0.3	1	3 13
134	17	0.3	1	8 9
135	9	0.3	1	3 6
136	15	0.3	1	4 11
137	11	0.3	1	4 7
138	9	0.3	1	3 6
139	12	0.3	1	3 9
140	17	0.3	1	4 13
141	14	0.3	1	3 11
142	10	0.3	1	0 10
143	16	0.3	1	4 12
144	11	0.3	1	2 9
145	16	0.3	1	5 11
146	16	0.3	1	4 12
147	13	0.3	1	4 9
148	14	0.3	1	3 11
149	19	0.3	1	2 17
150	1253	0.3	1	4 1249

RUN STATISTICS FOR INPUT FILE: s054_R1_001.fastq.gz
=============================================
19635726 sequences processed in total

