
SUMMARISING RUN PARAMETERS
==========================
Input filename: s056_R1_001.fastq.gz
Trimming mode: paired-end
Trim Galore version: 0.6.10
Cutadapt version: 3.4
Number of cores used for trimming: 1
Quality Phred score cutoff: 20
Quality encoding type selected: ASCII+33
Using Illumina adapter for trimming (count: 1461). Second best hit was Nextera (count: 9)
Adapter sequence: 'AGATCGGAAGAGC' (Illumina TruSeq, Sanger iPCR; auto-detected)
Maximum trimming error rate: 0.1 (default)
Minimum required adapter overlap (stringency): 1 bp
Minimum required sequence length for both reads before a sequence pair gets removed: 20 bp
Running FastQC on the data once trimming has completed
Output file will be GZIP compressed


This is cutadapt 3.4 with Python 3.9.2
Command line parameters: -j 1 -e 0.1 -q 20 -O 1 -a AGATCGGAAGAGC s056_R1_001.fastq.gz
Processing reads on 1 core in single-end mode ...
Finished in 2054.97 s (84 µs/read; 0.72 M reads/minute).

=== Summary ===

Total reads processed:              24,515,031
Reads with adapters:                 8,787,635 (35.8%)
Reads written (passing filters):    24,515,031 (100.0%)

Total basepairs processed: 3,677,254,650 bp
Quality-trimmed:               7,019,288 bp (0.2%)
Total written (filtered):  3,656,893,490 bp (99.4%)

=== Adapter 1 ===

Sequence: AGATCGGAAGAGC; Type: regular 3'; Length: 13; Trimmed: 8787635 times

No. of allowed errors:
1-9 bp: 0; 10-13 bp: 1

Bases preceding removed adapters:
  A: 36.5%
  C: 24.5%
  G: 17.3%
  T: 21.7%
  none/other: 0.0%

Overview of removed sequences
length	count	expect	max.err	error counts
1	6752384	6128757.8	0	6752384
2	1398141	1532189.4	0	1398141
3	446421	383047.4	0	446421
4	101395	95761.8	0	101395
5	22883	23940.5	0	22883
6	5934	5985.1	0	5934
7	2874	1496.3	0	2874
8	2446	374.1	0	2446
9	2468	93.5	0	2059 409
10	2529	23.4	1	1846 683
11	2336	5.8	1	1882 454
12	2118	1.5	1	1849 269
13	1822	0.4	1	1688 134
14	1731	0.4	1	1587 144
15	1719	0.4	1	1587 132
16	1621	0.4	1	1444 177
17	1797	0.4	1	1628 169
18	1639	0.4	1	1508 131
19	1267	0.4	1	1152 115
20	1463	0.4	1	1325 138
21	1347	0.4	1	1227 120
22	1343	0.4	1	1205 138
23	1313	0.4	1	1193 120
24	1251	0.4	1	1122 129
25	1134	0.4	1	1037 97
26	1080	0.4	1	978 102
27	1070	0.4	1	966 104
28	1031	0.4	1	935 96
29	1003	0.4	1	887 116
30	922	0.4	1	843 79
31	848	0.4	1	769 79
32	791	0.4	1	722 69
33	783	0.4	1	680 103
34	750	0.4	1	675 75
35	847	0.4	1	759 88
36	731	0.4	1	633 98
37	660	0.4	1	576 84
38	661	0.4	1	588 73
39	566	0.4	1	498 68
40	617	0.4	1	535 82
41	563	0.4	1	475 88
42	595	0.4	1	515 80
43	642	0.4	1	542 100
44	458	0.4	1	393 65
45	838	0.4	1	724 114
46	211	0.4	1	140 71
47	450	0.4	1	375 75
48	1074	0.4	1	964 110
49	332	0.4	1	295 37
50	192	0.4	1	137 55
51	424	0.4	1	359 65
52	314	0.4	1	268 46
53	130	0.4	1	104 26
54	327	0.4	1	278 49
55	554	0.4	1	505 49
56	172	0.4	1	146 26
57	184	0.4	1	151 33
58	103	0.4	1	76 27
59	178	0.4	1	148 30
60	79	0.4	1	53 26
61	74	0.4	1	48 26
62	182	0.4	1	152 30
63	113	0.4	1	75 38
64	68	0.4	1	36 32
65	88	0.4	1	56 32
66	230	0.4	1	193 37
67	51	0.4	1	26 25
68	88	0.4	1	63 25
69	67	0.4	1	47 20
70	64	0.4	1	40 24
71	27	0.4	1	11 16
72	42	0.4	1	19 23
73	68	0.4	1	43 25
74	85	0.4	1	57 28
75	95	0.4	1	60 35
76	104	0.4	1	63 41
77	89	0.4	1	67 22
78	98	0.4	1	73 25
79	90	0.4	1	62 28
80	96	0.4	1	62 34
81	102	0.4	1	64 38
82	90	0.4	1	63 27
83	90	0.4	1	64 26
84	97	0.4	1	62 35
85	79	0.4	1	48 31
86	92	0.4	1	62 30
87	95	0.4	1	48 47
88	72	0.4	1	50 22
89	86	0.4	1	55 31
90	91	0.4	1	49 42
91	62	0.4	1	32 30
92	71	0.4	1	49 22
93	67	0.4	1	33 34
94	70	0.4	1	46 24
95	77	0.4	1	47 30
96	66	0.4	1	33 33
97	67	0.4	1	39 28
98	65	0.4	1	33 32
99	52	0.4	1	25 27
100	55	0.4	1	25 30
101	62	0.4	1	34 28
102	42	0.4	1	24 18
103	45	0.4	1	18 27
104	53	0.4	1	32 21
105	53	0.4	1	22 31
106	49	0.4	1	30 19
107	49	0.4	1	22 27
108	51	0.4	1	25 26
109	38	0.4	1	17 21
110	45	0.4	1	25 20
111	51	0.4	1	19 32
112	45	0.4	1	23 22
113	34	0.4	1	13 21
114	42	0.4	1	25 17
115	34	0.4	1	18 16
116	37	0.4	1	14 23
117	35	0.4	1	13 22
118	30	0.4	1	16 14
119	20	0.4	1	9 11
120	26	0.4	1	12 14
121	31	0.4	1	14 17
122	38	0.4	1	15 23
123	26	0.4	1	8 18
124	41	0.4	1	18 23
125	44	0.4	1	13 31
126	36	0.4	1	15 21
127	38	0.4	1	15 23
128	24	0.4	1	15 9
129	17	0.4	1	5 12
130	31	0.4	1	11 20
131	24	0.4	1	8 16
132	21	0.4	1	6 15
133	14	0.4	1	4 10
134	23	0.4	1	6 17
135	20	0.4	1	6 14
136	19	0.4	1	5 14
137	11	0.4	1	5 6
138	26	0.4	1	13 13
139	25	0.4	1	7 18
140	27	0.4	1	7 20
141	13	0.4	1	4 9
142	17	0.4	1	3 14
143	21	0.4	1	7 14
144	18	0.4	1	5 13
145	15	0.4	1	3 12
146	13	0.4	1	6 7
147	28	0.4	1	10 18
148	23	0.4	1	1 22
149	24	0.4	1	0 24
150	1165	0.4	1	6 1159

RUN STATISTICS FOR INPUT FILE: s056_R1_001.fastq.gz
=============================================
24515031 sequences processed in total

