
SUMMARISING RUN PARAMETERS
==========================
Input filename: s057_R1_001.fastq.gz
Trimming mode: paired-end
Trim Galore version: 0.6.10
Cutadapt version: 3.4
Number of cores used for trimming: 1
Quality Phred score cutoff: 20
Quality encoding type selected: ASCII+33
Using Illumina adapter for trimming (count: 4599). Second best hit was Nextera (count: 6)
Adapter sequence: 'AGATCGGAAGAGC' (Illumina TruSeq, Sanger iPCR; auto-detected)
Maximum trimming error rate: 0.1 (default)
Minimum required adapter overlap (stringency): 1 bp
Minimum required sequence length for both reads before a sequence pair gets removed: 20 bp
Running FastQC on the data once trimming has completed
Output file will be GZIP compressed


This is cutadapt 3.4 with Python 3.9.2
Command line parameters: -j 1 -e 0.1 -q 20 -O 1 -a AGATCGGAAGAGC s057_R1_001.fastq.gz
Processing reads on 1 core in single-end mode ...
Finished in 1395.32 s (57 µs/read; 1.06 M reads/minute).

=== Summary ===

Total reads processed:              24,553,096
Reads with adapters:                 8,674,584 (35.3%)
Reads written (passing filters):    24,553,096 (100.0%)

Total basepairs processed: 3,682,964,400 bp
Quality-trimmed:               7,759,765 bp (0.2%)
Total written (filtered):  3,658,996,152 bp (99.3%)

=== Adapter 1 ===

Sequence: AGATCGGAAGAGC; Type: regular 3'; Length: 13; Trimmed: 8674584 times

No. of allowed errors:
1-9 bp: 0; 10-13 bp: 1

Bases preceding removed adapters:
  A: 35.6%
  C: 24.9%
  G: 18.3%
  T: 21.2%
  none/other: 0.0%

Overview of removed sequences
length	count	expect	max.err	error counts
1	6549038	6138274.0	0	6549038
2	1386214	1534568.5	0	1386214
3	441717	383642.1	0	441717
4	101409	95910.5	0	101409
5	26133	23977.6	0	26133
6	9842	5994.4	0	9842
7	6228	1498.6	0	6228
8	5871	374.7	0	5871
9	5408	93.7	0	5019 389
10	5590	23.4	1	4786 804
11	5716	5.9	1	5015 701
12	5502	1.5	1	5067 435
13	4622	0.4	1	4330 292
14	4591	0.4	1	4196 395
15	4366	0.4	1	4071 295
16	4338	0.4	1	4005 333
17	4590	0.4	1	4224 366
18	4002	0.4	1	3733 269
19	3526	0.4	1	3298 228
20	3801	0.4	1	3536 265
21	3767	0.4	1	3511 256
22	3589	0.4	1	3358 231
23	3372	0.4	1	3131 241
24	3358	0.4	1	3128 230
25	3155	0.4	1	2959 196
26	2953	0.4	1	2754 199
27	2966	0.4	1	2757 209
28	2912	0.4	1	2722 190
29	2782	0.4	1	2557 225
30	2560	0.4	1	2429 131
31	2467	0.4	1	2314 153
32	2565	0.4	1	2416 149
33	2318	0.4	1	2147 171
34	2322	0.4	1	2160 162
35	2223	0.4	1	2054 169
36	2047	0.4	1	1904 143
37	2072	0.4	1	1916 156
38	1822	0.4	1	1714 108
39	1825	0.4	1	1694 131
40	1834	0.4	1	1711 123
41	1717	0.4	1	1631 86
42	1927	0.4	1	1793 134
43	1339	0.4	1	1220 119
44	1458	0.4	1	1329 129
45	2155	0.4	1	2041 114
46	661	0.4	1	584 77
47	1174	0.4	1	1102 72
48	1852	0.4	1	1716 136
49	1007	0.4	1	926 81
50	832	0.4	1	770 62
51	1395	0.4	1	1295 100
52	1045	0.4	1	968 77
53	740	0.4	1	683 57
54	989	0.4	1	916 73
55	1521	0.4	1	1424 97
56	785	0.4	1	716 69
57	1026	0.4	1	975 51
58	758	0.4	1	708 50
59	839	0.4	1	783 56
60	479	0.4	1	435 44
61	376	0.4	1	320 56
62	877	0.4	1	828 49
63	690	0.4	1	635 55
64	357	0.4	1	317 40
65	361	0.4	1	302 59
66	1167	0.4	1	1093 74
67	333	0.4	1	299 34
68	458	0.4	1	425 33
69	264	0.4	1	234 30
70	187	0.4	1	156 31
71	74	0.4	1	50 24
72	138	0.4	1	112 26
73	252	0.4	1	213 39
74	283	0.4	1	257 26
75	335	0.4	1	295 40
76	335	0.4	1	303 32
77	294	0.4	1	261 33
78	337	0.4	1	303 34
79	289	0.4	1	254 35
80	273	0.4	1	248 25
81	298	0.4	1	260 38
82	253	0.4	1	219 34
83	239	0.4	1	201 38
84	214	0.4	1	187 27
85	251	0.4	1	209 42
86	228	0.4	1	194 34
87	210	0.4	1	170 40
88	183	0.4	1	152 31
89	245	0.4	1	219 26
90	193	0.4	1	164 29
91	186	0.4	1	157 29
92	153	0.4	1	123 30
93	172	0.4	1	132 40
94	177	0.4	1	143 34
95	146	0.4	1	128 18
96	146	0.4	1	119 27
97	131	0.4	1	98 33
98	154	0.4	1	126 28
99	124	0.4	1	93 31
100	120	0.4	1	94 26
101	120	0.4	1	86 34
102	106	0.4	1	80 26
103	118	0.4	1	84 34
104	108	0.4	1	86 22
105	92	0.4	1	69 23
106	92	0.4	1	65 27
107	79	0.4	1	48 31
108	79	0.4	1	59 20
109	83	0.4	1	65 18
110	80	0.4	1	52 28
111	61	0.4	1	46 15
112	66	0.4	1	45 21
113	82	0.4	1	61 21
114	85	0.4	1	62 23
115	80	0.4	1	42 38
116	53	0.4	1	32 21
117	68	0.4	1	49 19
118	46	0.4	1	29 17
119	62	0.4	1	33 29
120	49	0.4	1	27 22
121	63	0.4	1	39 24
122	31	0.4	1	16 15
123	52	0.4	1	37 15
124	48	0.4	1	29 19
125	55	0.4	1	28 27
126	53	0.4	1	31 22
127	43	0.4	1	25 18
128	41	0.4	1	20 21
129	34	0.4	1	21 13
130	36	0.4	1	17 19
131	48	0.4	1	25 23
132	43	0.4	1	27 16
133	28	0.4	1	13 15
134	27	0.4	1	16 11
135	24	0.4	1	14 10
136	30	0.4	1	12 18
137	25	0.4	1	17 8
138	18	0.4	1	9 9
139	21	0.4	1	10 11
140	26	0.4	1	8 18
141	22	0.4	1	13 9
142	22	0.4	1	6 16
143	19	0.4	1	8 11
144	12	0.4	1	4 8
145	19	0.4	1	11 8
146	32	0.4	1	17 15
147	24	0.4	1	9 15
148	17	0.4	1	8 9
149	33	0.4	1	7 26
150	1414	0.4	1	6 1408

RUN STATISTICS FOR INPUT FILE: s057_R1_001.fastq.gz
=============================================
24553096 sequences processed in total

