
SUMMARISING RUN PARAMETERS
==========================
Input filename: s060_R1_001.fastq.gz
Trimming mode: paired-end
Trim Galore version: 0.6.10
Cutadapt version: 3.4
Number of cores used for trimming: 1
Quality Phred score cutoff: 20
Quality encoding type selected: ASCII+33
Using Illumina adapter for trimming (count: 2342). Second best hit was Nextera (count: 11)
Adapter sequence: 'AGATCGGAAGAGC' (Illumina TruSeq, Sanger iPCR; auto-detected)
Maximum trimming error rate: 0.1 (default)
Minimum required adapter overlap (stringency): 1 bp
Minimum required sequence length for both reads before a sequence pair gets removed: 20 bp
Running FastQC on the data once trimming has completed
Output file will be GZIP compressed


This is cutadapt 3.4 with Python 3.9.2
Command line parameters: -j 1 -e 0.1 -q 20 -O 1 -a AGATCGGAAGAGC s060_R1_001.fastq.gz
Processing reads on 1 core in single-end mode ...
Finished in 1994.62 s (81 µs/read; 0.74 M reads/minute).

=== Summary ===

Total reads processed:              24,545,365
Reads with adapters:                 8,986,141 (36.6%)
Reads written (passing filters):    24,545,365 (100.0%)

Total basepairs processed: 3,681,804,750 bp
Quality-trimmed:               6,281,375 bp (0.2%)
Total written (filtered):  3,661,538,224 bp (99.4%)

=== Adapter 1 ===

Sequence: AGATCGGAAGAGC; Type: regular 3'; Length: 13; Trimmed: 8986141 times

No. of allowed errors:
1-9 bp: 0; 10-13 bp: 1

Bases preceding removed adapters:
  A: 35.6%
  C: 25.1%
  G: 16.0%
  T: 23.3%
  none/other: 0.0%

Overview of removed sequences
length	count	expect	max.err	error counts
1	6907174	6136341.2	0	6907174
2	1396857	1534085.3	0	1396857
3	455229	383521.3	0	455229
4	113691	95880.3	0	113691
5	24319	23970.1	0	24319
6	6285	5992.5	0	6285
7	3817	1498.1	0	3817
8	3505	374.5	0	3505
9	3434	93.6	0	3062 372
10	3514	23.4	1	2852 662
11	3433	5.9	1	2948 485
12	3219	1.5	1	2907 312
13	2852	0.4	1	2669 183
14	2734	0.4	1	2525 209
15	2589	0.4	1	2427 162
16	2484	0.4	1	2282 202
17	2577	0.4	1	2362 215
18	2291	0.4	1	2155 136
19	1993	0.4	1	1881 112
20	2142	0.4	1	1986 156
21	2018	0.4	1	1884 134
22	1966	0.4	1	1851 115
23	1873	0.4	1	1745 128
24	1768	0.4	1	1630 138
25	1656	0.4	1	1537 119
26	1694	0.4	1	1577 117
27	1539	0.4	1	1444 95
28	1440	0.4	1	1352 88
29	1443	0.4	1	1313 130
30	1338	0.4	1	1249 89
31	1232	0.4	1	1166 66
32	1228	0.4	1	1138 90
33	1127	0.4	1	1038 89
34	1113	0.4	1	1039 74
35	1104	0.4	1	1010 94
36	1018	0.4	1	927 91
37	970	0.4	1	899 71
38	939	0.4	1	881 58
39	767	0.4	1	712 55
40	861	0.4	1	783 78
41	767	0.4	1	694 73
42	788	0.4	1	730 58
43	801	0.4	1	713 88
44	577	0.4	1	536 41
45	1031	0.4	1	962 69
46	255	0.4	1	215 40
47	533	0.4	1	484 49
48	1307	0.4	1	1225 82
49	454	0.4	1	403 51
50	230	0.4	1	200 30
51	617	0.4	1	570 47
52	386	0.4	1	351 35
53	167	0.4	1	143 24
54	430	0.4	1	401 29
55	633	0.4	1	600 33
56	212	0.4	1	172 40
57	228	0.4	1	205 23
58	121	0.4	1	96 25
59	221	0.4	1	204 17
60	72	0.4	1	51 21
61	82	0.4	1	72 10
62	238	0.4	1	208 30
63	114	0.4	1	97 17
64	52	0.4	1	40 12
65	90	0.4	1	64 26
66	251	0.4	1	223 28
67	47	0.4	1	29 18
68	90	0.4	1	70 20
69	70	0.4	1	55 15
70	53	0.4	1	40 13
71	17	0.4	1	8 9
72	29	0.4	1	17 12
73	54	0.4	1	36 18
74	73	0.4	1	51 22
75	77	0.4	1	59 18
76	69	0.4	1	57 12
77	71	0.4	1	50 21
78	72	0.4	1	57 15
79	84	0.4	1	63 21
80	71	0.4	1	54 17
81	73	0.4	1	51 22
82	47	0.4	1	33 14
83	62	0.4	1	42 20
84	74	0.4	1	48 26
85	55	0.4	1	41 14
86	55	0.4	1	44 11
87	79	0.4	1	50 29
88	53	0.4	1	38 15
89	35	0.4	1	25 10
90	48	0.4	1	35 13
91	49	0.4	1	29 20
92	43	0.4	1	24 19
93	67	0.4	1	40 27
94	50	0.4	1	29 21
95	39	0.4	1	18 21
96	39	0.4	1	23 16
97	40	0.4	1	20 20
98	32	0.4	1	17 15
99	29	0.4	1	17 12
100	36	0.4	1	16 20
101	35	0.4	1	25 10
102	34	0.4	1	22 12
103	31	0.4	1	10 21
104	30	0.4	1	23 7
105	30	0.4	1	15 15
106	22	0.4	1	14 8
107	31	0.4	1	17 14
108	23	0.4	1	16 7
109	30	0.4	1	12 18
110	26	0.4	1	11 15
111	40	0.4	1	16 24
112	27	0.4	1	17 10
113	28	0.4	1	14 14
114	30	0.4	1	10 20
115	27	0.4	1	9 18
116	38	0.4	1	15 23
117	14	0.4	1	11 3
118	23	0.4	1	11 12
119	21	0.4	1	9 12
120	18	0.4	1	7 11
121	26	0.4	1	11 15
122	19	0.4	1	8 11
123	22	0.4	1	8 14
124	24	0.4	1	12 12
125	26	0.4	1	10 16
126	25	0.4	1	7 18
127	23	0.4	1	10 13
128	12	0.4	1	3 9
129	18	0.4	1	7 11
130	20	0.4	1	12 8
131	22	0.4	1	9 13
132	16	0.4	1	8 8
133	16	0.4	1	5 11
134	24	0.4	1	17 7
135	18	0.4	1	12 6
136	14	0.4	1	4 10
137	13	0.4	1	4 9
138	14	0.4	1	4 10
139	14	0.4	1	4 10
140	14	0.4	1	4 10
141	9	0.4	1	5 4
142	21	0.4	1	7 14
143	16	0.4	1	4 12
144	16	0.4	1	2 14
145	20	0.4	1	9 11
146	29	0.4	1	9 20
147	17	0.4	1	4 13
148	9	0.4	1	3 6
149	18	0.4	1	2 16
150	1276	0.4	1	2 1274

RUN STATISTICS FOR INPUT FILE: s060_R1_001.fastq.gz
=============================================
24545365 sequences processed in total

