
SUMMARISING RUN PARAMETERS
==========================
Input filename: s064_R1_001.fastq.gz
Trimming mode: paired-end
Trim Galore version: 0.6.10
Cutadapt version: 3.4
Number of cores used for trimming: 1
Quality Phred score cutoff: 20
Quality encoding type selected: ASCII+33
Using Illumina adapter for trimming (count: 3504). Second best hit was Nextera (count: 15)
Adapter sequence: 'AGATCGGAAGAGC' (Illumina TruSeq, Sanger iPCR; auto-detected)
Maximum trimming error rate: 0.1 (default)
Minimum required adapter overlap (stringency): 1 bp
Minimum required sequence length for both reads before a sequence pair gets removed: 20 bp
Running FastQC on the data once trimming has completed
Output file will be GZIP compressed


This is cutadapt 3.4 with Python 3.9.2
Command line parameters: -j 1 -e 0.1 -q 20 -O 1 -a AGATCGGAAGAGC s064_R1_001.fastq.gz
Processing reads on 1 core in single-end mode ...
Finished in 2083.25 s (78 µs/read; 0.77 M reads/minute).

=== Summary ===

Total reads processed:              26,633,402
Reads with adapters:                 9,919,282 (37.2%)
Reads written (passing filters):    26,633,402 (100.0%)

Total basepairs processed: 3,995,010,300 bp
Quality-trimmed:               5,904,245 bp (0.1%)
Total written (filtered):  3,972,544,709 bp (99.4%)

=== Adapter 1 ===

Sequence: AGATCGGAAGAGC; Type: regular 3'; Length: 13; Trimmed: 9919282 times

No. of allowed errors:
1-9 bp: 0; 10-13 bp: 1

Bases preceding removed adapters:
  A: 35.5%
  C: 25.2%
  G: 15.7%
  T: 23.6%
  none/other: 0.0%

Overview of removed sequences
length	count	expect	max.err	error counts
1	7595977	6658350.5	0	7595977
2	1524210	1664587.6	0	1524210
3	501472	416146.9	0	501472
4	128801	104036.7	0	128801
5	27915	26009.2	0	27915
6	7700	6502.3	0	7700
7	5509	1625.6	0	5509
8	5543	406.4	0	5543
9	5030	101.6	0	4626 404
10	5129	25.4	1	4403 726
11	5127	6.3	1	4565 562
12	4791	1.6	1	4429 362
13	4221	0.4	1	3951 270
14	4140	0.4	1	3821 319
15	4157	0.4	1	3909 248
16	3847	0.4	1	3541 306
17	4043	0.4	1	3732 311
18	3790	0.4	1	3563 227
19	3123	0.4	1	2947 176
20	3565	0.4	1	3330 235
21	3320	0.4	1	3097 223
22	3158	0.4	1	2967 191
23	3063	0.4	1	2847 216
24	2881	0.4	1	2685 196
25	2716	0.4	1	2556 160
26	2655	0.4	1	2504 151
27	2575	0.4	1	2412 163
28	2324	0.4	1	2184 140
29	2532	0.4	1	2351 181
30	2280	0.4	1	2170 110
31	1992	0.4	1	1894 98
32	2013	0.4	1	1901 112
33	2019	0.4	1	1883 136
34	2021	0.4	1	1919 102
35	1969	0.4	1	1862 107
36	1733	0.4	1	1586 147
37	1654	0.4	1	1545 109
38	1641	0.4	1	1528 113
39	1396	0.4	1	1318 78
40	1456	0.4	1	1315 141
41	1328	0.4	1	1244 84
42	1364	0.4	1	1270 94
43	1377	0.4	1	1267 110
44	1068	0.4	1	1000 68
45	1900	0.4	1	1794 106
46	441	0.4	1	392 49
47	993	0.4	1	928 65
48	2661	0.4	1	2543 118
49	821	0.4	1	763 58
50	420	0.4	1	372 48
51	1140	0.4	1	1081 59
52	704	0.4	1	667 37
53	338	0.4	1	302 36
54	842	0.4	1	799 43
55	1254	0.4	1	1205 49
56	408	0.4	1	369 39
57	476	0.4	1	458 18
58	259	0.4	1	229 30
59	458	0.4	1	434 24
60	154	0.4	1	134 20
61	120	0.4	1	104 16
62	511	0.4	1	485 26
63	267	0.4	1	243 24
64	107	0.4	1	90 17
65	171	0.4	1	145 26
66	455	0.4	1	437 18
67	78	0.4	1	50 28
68	163	0.4	1	148 15
69	116	0.4	1	94 22
70	116	0.4	1	99 17
71	39	0.4	1	13 26
72	42	0.4	1	29 13
73	94	0.4	1	79 15
74	122	0.4	1	108 14
75	171	0.4	1	157 14
76	183	0.4	1	161 22
77	173	0.4	1	148 25
78	138	0.4	1	110 28
79	109	0.4	1	86 23
80	132	0.4	1	114 18
81	112	0.4	1	96 16
82	106	0.4	1	80 26
83	112	0.4	1	93 19
84	117	0.4	1	88 29
85	119	0.4	1	94 25
86	86	0.4	1	72 14
87	96	0.4	1	78 18
88	95	0.4	1	77 18
89	89	0.4	1	62 27
90	76	0.4	1	60 16
91	80	0.4	1	68 12
92	62	0.4	1	44 18
93	63	0.4	1	41 22
94	58	0.4	1	44 14
95	65	0.4	1	54 11
96	64	0.4	1	46 18
97	44	0.4	1	35 9
98	45	0.4	1	30 15
99	57	0.4	1	33 24
100	39	0.4	1	26 13
101	47	0.4	1	35 12
102	43	0.4	1	24 19
103	39	0.4	1	27 12
104	45	0.4	1	29 16
105	47	0.4	1	29 18
106	44	0.4	1	27 17
107	43	0.4	1	28 15
108	43	0.4	1	27 16
109	33	0.4	1	24 9
110	45	0.4	1	25 20
111	27	0.4	1	15 12
112	34	0.4	1	19 15
113	35	0.4	1	18 17
114	31	0.4	1	13 18
115	26	0.4	1	13 13
116	34	0.4	1	19 15
117	30	0.4	1	17 13
118	31	0.4	1	15 16
119	22	0.4	1	10 12
120	28	0.4	1	10 18
121	21	0.4	1	11 10
122	14	0.4	1	4 10
123	17	0.4	1	7 10
124	25	0.4	1	8 17
125	24	0.4	1	12 12
126	29	0.4	1	15 14
127	23	0.4	1	5 18
128	27	0.4	1	13 14
129	18	0.4	1	7 11
130	25	0.4	1	11 14
131	16	0.4	1	10 6
132	19	0.4	1	10 9
133	16	0.4	1	7 9
134	21	0.4	1	12 9
135	17	0.4	1	2 15
136	17	0.4	1	8 9
137	15	0.4	1	5 10
138	15	0.4	1	6 9
139	12	0.4	1	2 10
140	17	0.4	1	5 12
141	17	0.4	1	9 8
142	22	0.4	1	9 13
143	14	0.4	1	3 11
144	12	0.4	1	4 8
145	18	0.4	1	8 10
146	21	0.4	1	5 16
147	20	0.4	1	10 10
148	14	0.4	1	2 12
149	25	0.4	1	2 23
150	1218	0.4	1	7 1211

RUN STATISTICS FOR INPUT FILE: s064_R1_001.fastq.gz
=============================================
26633402 sequences processed in total

