
SUMMARISING RUN PARAMETERS
==========================
Input filename: s069_R1_001.fastq.gz
Trimming mode: paired-end
Trim Galore version: 0.6.10
Cutadapt version: 3.4
Number of cores used for trimming: 1
Quality Phred score cutoff: 20
Quality encoding type selected: ASCII+33
Using Illumina adapter for trimming (count: 5059). Second best hit was Nextera (count: 10)
Adapter sequence: 'AGATCGGAAGAGC' (Illumina TruSeq, Sanger iPCR; auto-detected)
Maximum trimming error rate: 0.1 (default)
Minimum required adapter overlap (stringency): 1 bp
Minimum required sequence length for both reads before a sequence pair gets removed: 20 bp
Running FastQC on the data once trimming has completed
Output file will be GZIP compressed


This is cutadapt 3.4 with Python 3.9.2
Command line parameters: -j 1 -e 0.1 -q 20 -O 1 -a AGATCGGAAGAGC s069_R1_001.fastq.gz
Processing reads on 1 core in single-end mode ...
Finished in 2293.85 s (80 µs/read; 0.75 M reads/minute).

=== Summary ===

Total reads processed:              28,821,577
Reads with adapters:                10,648,243 (36.9%)
Reads written (passing filters):    28,821,577 (100.0%)

Total basepairs processed: 4,323,236,550 bp
Quality-trimmed:               7,951,527 bp (0.2%)
Total written (filtered):  4,295,667,841 bp (99.4%)

=== Adapter 1 ===

Sequence: AGATCGGAAGAGC; Type: regular 3'; Length: 13; Trimmed: 10648243 times

No. of allowed errors:
1-9 bp: 0; 10-13 bp: 1

Bases preceding removed adapters:
  A: 37.3%
  C: 24.0%
  G: 16.9%
  T: 21.9%
  none/other: 0.0%

Overview of removed sequences
length	count	expect	max.err	error counts
1	8102299	7205394.2	0	8102299
2	1624388	1801348.6	0	1624388
3	535646	450337.1	0	535646
4	128121	112584.3	0	128121
5	32314	28146.1	0	32314
6	12893	7036.5	0	12893
7	9238	1759.1	0	9238
8	9577	439.8	0	9577
9	8104	109.9	0	7651 453
10	8708	27.5	1	7652 1056
11	8602	6.9	1	7695 907
12	8189	1.7	1	7563 626
13	6996	0.4	1	6558 438
14	6946	0.4	1	6451 495
15	6595	0.4	1	6169 426
16	6709	0.4	1	6198 511
17	6566	0.4	1	6037 529
18	5914	0.4	1	5570 344
19	5239	0.4	1	4942 297
20	5588	0.4	1	5236 352
21	5502	0.4	1	5100 402
22	4945	0.4	1	4643 302
23	4893	0.4	1	4590 303
24	4724	0.4	1	4349 375
25	4272	0.4	1	4022 250
26	4020	0.4	1	3779 241
27	3964	0.4	1	3710 254
28	3691	0.4	1	3487 204
29	3696	0.4	1	3413 283
30	3315	0.4	1	3132 183
31	2982	0.4	1	2821 161
32	2997	0.4	1	2819 178
33	3074	0.4	1	2903 171
34	2881	0.4	1	2730 151
35	2921	0.4	1	2695 226
36	2657	0.4	1	2459 198
37	2387	0.4	1	2246 141
38	2299	0.4	1	2148 151
39	2090	0.4	1	1966 124
40	2207	0.4	1	2060 147
41	2328	0.4	1	2181 147
42	1509	0.4	1	1394 115
43	1938	0.4	1	1761 177
44	1637	0.4	1	1525 112
45	2485	0.4	1	2367 118
46	734	0.4	1	663 71
47	1322	0.4	1	1243 79
48	1859	0.4	1	1736 123
49	1300	0.4	1	1220 80
50	953	0.4	1	879 74
51	1433	0.4	1	1343 90
52	1120	0.4	1	1030 90
53	812	0.4	1	752 60
54	1092	0.4	1	1008 84
55	1396	0.4	1	1325 71
56	742	0.4	1	698 44
57	971	0.4	1	926 45
58	697	0.4	1	637 60
59	802	0.4	1	752 50
60	420	0.4	1	391 29
61	352	0.4	1	321 31
62	905	0.4	1	850 55
63	700	0.4	1	640 60
64	321	0.4	1	283 38
65	360	0.4	1	328 32
66	941	0.4	1	896 45
67	320	0.4	1	289 31
68	498	0.4	1	460 38
69	243	0.4	1	212 31
70	243	0.4	1	214 29
71	70	0.4	1	50 20
72	114	0.4	1	94 20
73	233	0.4	1	204 29
74	243	0.4	1	216 27
75	270	0.4	1	235 35
76	272	0.4	1	241 31
77	248	0.4	1	213 35
78	252	0.4	1	225 27
79	260	0.4	1	234 26
80	249	0.4	1	216 33
81	225	0.4	1	180 45
82	243	0.4	1	201 42
83	241	0.4	1	203 38
84	181	0.4	1	152 29
85	200	0.4	1	164 36
86	183	0.4	1	143 40
87	173	0.4	1	128 45
88	166	0.4	1	124 42
89	154	0.4	1	127 27
90	158	0.4	1	133 25
91	151	0.4	1	126 25
92	143	0.4	1	106 37
93	142	0.4	1	104 38
94	111	0.4	1	81 30
95	118	0.4	1	89 29
96	134	0.4	1	102 32
97	98	0.4	1	64 34
98	139	0.4	1	99 40
99	90	0.4	1	64 26
100	108	0.4	1	82 26
101	99	0.4	1	73 26
102	83	0.4	1	61 22
103	95	0.4	1	64 31
104	75	0.4	1	51 24
105	81	0.4	1	64 17
106	83	0.4	1	63 20
107	77	0.4	1	61 16
108	73	0.4	1	54 19
109	59	0.4	1	45 14
110	81	0.4	1	52 29
111	65	0.4	1	46 19
112	76	0.4	1	55 21
113	78	0.4	1	48 30
114	58	0.4	1	36 22
115	65	0.4	1	34 31
116	59	0.4	1	31 28
117	46	0.4	1	28 18
118	54	0.4	1	34 20
119	40	0.4	1	21 19
120	46	0.4	1	27 19
121	56	0.4	1	29 27
122	50	0.4	1	29 21
123	42	0.4	1	27 15
124	41	0.4	1	27 14
125	35	0.4	1	17 18
126	39	0.4	1	24 15
127	36	0.4	1	19 17
128	52	0.4	1	27 25
129	40	0.4	1	24 16
130	29	0.4	1	16 13
131	31	0.4	1	17 14
132	33	0.4	1	24 9
133	27	0.4	1	19 8
134	24	0.4	1	7 17
135	29	0.4	1	13 16
136	30	0.4	1	15 15
137	43	0.4	1	27 16
138	22	0.4	1	15 7
139	19	0.4	1	12 7
140	26	0.4	1	17 9
141	27	0.4	1	14 13
142	22	0.4	1	5 17
143	32	0.4	1	16 16
144	28	0.4	1	8 20
145	22	0.4	1	11 11
146	28	0.4	1	12 16
147	34	0.4	1	16 18
148	21	0.4	1	7 14
149	29	0.4	1	2 27
150	1952	0.4	1	6 1946

RUN STATISTICS FOR INPUT FILE: s069_R1_001.fastq.gz
=============================================
28821577 sequences processed in total

