
SUMMARISING RUN PARAMETERS
==========================
Input filename: s073_R1_001.fastq.gz
Trimming mode: paired-end
Trim Galore version: 0.6.10
Cutadapt version: 3.4
Number of cores used for trimming: 1
Quality Phred score cutoff: 20
Quality encoding type selected: ASCII+33
Using Illumina adapter for trimming (count: 2159). Second best hit was Nextera (count: 12)
Adapter sequence: 'AGATCGGAAGAGC' (Illumina TruSeq, Sanger iPCR; auto-detected)
Maximum trimming error rate: 0.1 (default)
Minimum required adapter overlap (stringency): 1 bp
Minimum required sequence length for both reads before a sequence pair gets removed: 20 bp
Running FastQC on the data once trimming has completed
Output file will be GZIP compressed


This is cutadapt 3.4 with Python 3.9.2
Command line parameters: -j 1 -e 0.1 -q 20 -O 1 -a AGATCGGAAGAGC s073_R1_001.fastq.gz
Processing reads on 1 core in single-end mode ...
Finished in 1643.29 s (79 µs/read; 0.75 M reads/minute).

=== Summary ===

Total reads processed:              20,673,600
Reads with adapters:                 7,367,717 (35.6%)
Reads written (passing filters):    20,673,600 (100.0%)

Total basepairs processed: 3,101,040,000 bp
Quality-trimmed:               6,495,251 bp (0.2%)
Total written (filtered):  3,082,813,879 bp (99.4%)

=== Adapter 1 ===

Sequence: AGATCGGAAGAGC; Type: regular 3'; Length: 13; Trimmed: 7367717 times

No. of allowed errors:
1-9 bp: 0; 10-13 bp: 1

Bases preceding removed adapters:
  A: 36.2%
  C: 24.7%
  G: 17.4%
  T: 21.7%
  none/other: 0.0%

Overview of removed sequences
length	count	expect	max.err	error counts
1	5631249	5168400.0	0	5631249
2	1189983	1292100.0	0	1189983
3	370634	323025.0	0	370634
4	83919	80756.2	0	83919
5	19299	20189.1	0	19299
6	5292	5047.3	0	5292
7	2935	1261.8	0	2935
8	2721	315.5	0	2721
9	2517	78.9	0	2214 303
10	2694	19.7	1	2093 601
11	2446	4.9	1	2028 418
12	2400	1.2	1	2153 247
13	1835	0.3	1	1696 139
14	2008	0.3	1	1830 178
15	1866	0.3	1	1737 129
16	1826	0.3	1	1667 159
17	1909	0.3	1	1740 169
18	1676	0.3	1	1569 107
19	1469	0.3	1	1348 121
20	1516	0.3	1	1391 125
21	1535	0.3	1	1403 132
22	1416	0.3	1	1323 93
23	1451	0.3	1	1336 115
24	1404	0.3	1	1269 135
25	1334	0.3	1	1231 103
26	1249	0.3	1	1171 78
27	1241	0.3	1	1160 81
28	1097	0.3	1	1013 84
29	1140	0.3	1	1027 113
30	1074	0.3	1	989 85
31	961	0.3	1	881 80
32	1013	0.3	1	915 98
33	948	0.3	1	866 82
34	991	0.3	1	909 82
35	831	0.3	1	777 54
36	809	0.3	1	739 70
37	808	0.3	1	735 73
38	760	0.3	1	708 52
39	710	0.3	1	653 57
40	736	0.3	1	662 74
41	739	0.3	1	685 54
42	748	0.3	1	705 43
43	544	0.3	1	489 55
44	526	0.3	1	472 54
45	830	0.3	1	788 42
46	220	0.3	1	188 32
47	431	0.3	1	405 26
48	715	0.3	1	656 59
49	417	0.3	1	361 56
50	275	0.3	1	239 36
51	486	0.3	1	442 44
52	363	0.3	1	320 43
53	308	0.3	1	268 40
54	393	0.3	1	350 43
55	515	0.3	1	477 38
56	265	0.3	1	239 26
57	380	0.3	1	336 44
58	277	0.3	1	250 27
59	320	0.3	1	304 16
60	190	0.3	1	161 29
61	140	0.3	1	126 14
62	356	0.3	1	321 35
63	226	0.3	1	195 31
64	124	0.3	1	98 26
65	127	0.3	1	105 22
66	400	0.3	1	359 41
67	82	0.3	1	74 8
68	147	0.3	1	122 25
69	82	0.3	1	66 16
70	67	0.3	1	49 18
71	30	0.3	1	16 14
72	54	0.3	1	37 17
73	81	0.3	1	70 11
74	98	0.3	1	77 21
75	117	0.3	1	94 23
76	126	0.3	1	100 26
77	123	0.3	1	96 27
78	110	0.3	1	92 18
79	111	0.3	1	82 29
80	94	0.3	1	68 26
81	105	0.3	1	77 28
82	97	0.3	1	77 20
83	105	0.3	1	75 30
84	76	0.3	1	50 26
85	88	0.3	1	68 20
86	103	0.3	1	79 24
87	92	0.3	1	60 32
88	73	0.3	1	64 9
89	82	0.3	1	56 26
90	58	0.3	1	40 18
91	88	0.3	1	67 21
92	72	0.3	1	54 18
93	76	0.3	1	57 19
94	73	0.3	1	48 25
95	62	0.3	1	44 18
96	51	0.3	1	36 15
97	52	0.3	1	38 14
98	59	0.3	1	39 20
99	46	0.3	1	32 14
100	71	0.3	1	50 21
101	51	0.3	1	35 16
102	48	0.3	1	35 13
103	58	0.3	1	32 26
104	51	0.3	1	33 18
105	60	0.3	1	41 19
106	55	0.3	1	35 20
107	52	0.3	1	33 19
108	22	0.3	1	15 7
109	45	0.3	1	31 14
110	34	0.3	1	15 19
111	39	0.3	1	25 14
112	46	0.3	1	29 17
113	41	0.3	1	24 17
114	50	0.3	1	21 29
115	38	0.3	1	24 14
116	45	0.3	1	22 23
117	40	0.3	1	18 22
118	39	0.3	1	19 20
119	40	0.3	1	16 24
120	35	0.3	1	17 18
121	30	0.3	1	19 11
122	26	0.3	1	13 13
123	27	0.3	1	11 16
124	36	0.3	1	23 13
125	36	0.3	1	14 22
126	22	0.3	1	15 7
127	40	0.3	1	23 17
128	40	0.3	1	16 24
129	27	0.3	1	11 16
130	20	0.3	1	12 8
131	27	0.3	1	14 13
132	19	0.3	1	11 8
133	25	0.3	1	15 10
134	21	0.3	1	10 11
135	23	0.3	1	11 12
136	25	0.3	1	9 16
137	19	0.3	1	6 13
138	12	0.3	1	6 6
139	15	0.3	1	6 9
140	21	0.3	1	7 14
141	15	0.3	1	4 11
142	15	0.3	1	5 10
143	17	0.3	1	8 9
144	17	0.3	1	9 8
145	15	0.3	1	6 9
146	19	0.3	1	6 13
147	14	0.3	1	6 8
148	17	0.3	1	2 15
149	21	0.3	1	1 20
150	1299	0.3	1	6 1293

RUN STATISTICS FOR INPUT FILE: s073_R1_001.fastq.gz
=============================================
20673600 sequences processed in total

