
SUMMARISING RUN PARAMETERS
==========================
Input filename: s074_R1_001.fastq.gz
Trimming mode: paired-end
Trim Galore version: 0.6.10
Cutadapt version: 3.4
Number of cores used for trimming: 1
Quality Phred score cutoff: 20
Quality encoding type selected: ASCII+33
Using Illumina adapter for trimming (count: 3503). Second best hit was smallRNA (count: 8)
Adapter sequence: 'AGATCGGAAGAGC' (Illumina TruSeq, Sanger iPCR; auto-detected)
Maximum trimming error rate: 0.1 (default)
Minimum required adapter overlap (stringency): 1 bp
Minimum required sequence length for both reads before a sequence pair gets removed: 20 bp
Running FastQC on the data once trimming has completed
Output file will be GZIP compressed


This is cutadapt 3.4 with Python 3.9.2
Command line parameters: -j 1 -e 0.1 -q 20 -O 1 -a AGATCGGAAGAGC s074_R1_001.fastq.gz
Processing reads on 1 core in single-end mode ...
Finished in 1928.74 s (79 µs/read; 0.76 M reads/minute).

=== Summary ===

Total reads processed:              24,434,674
Reads with adapters:                 8,536,609 (34.9%)
Reads written (passing filters):    24,434,674 (100.0%)

Total basepairs processed: 3,665,201,100 bp
Quality-trimmed:               8,402,034 bp (0.2%)
Total written (filtered):  3,641,632,383 bp (99.4%)

=== Adapter 1 ===

Sequence: AGATCGGAAGAGC; Type: regular 3'; Length: 13; Trimmed: 8536609 times

No. of allowed errors:
1-9 bp: 0; 10-13 bp: 1

Bases preceding removed adapters:
  A: 34.5%
  C: 26.0%
  G: 19.0%
  T: 20.5%
  none/other: 0.0%

Overview of removed sequences
length	count	expect	max.err	error counts
1	6385152	6108668.5	0	6385152
2	1440718	1527167.1	0	1440718
3	455748	381791.8	0	455748
4	98189	95447.9	0	98189
5	24835	23862.0	0	24835
6	8357	5965.5	0	8357
7	5031	1491.4	0	5031
8	4778	372.8	0	4778
9	4325	93.2	0	3898 427
10	4483	23.3	1	3652 831
11	4426	5.8	1	3796 630
12	4120	1.5	1	3768 352
13	3572	0.4	1	3297 275
14	3513	0.4	1	3223 290
15	3559	0.4	1	3318 241
16	3480	0.4	1	3164 316
17	3458	0.4	1	3115 343
18	3088	0.4	1	2856 232
19	2713	0.4	1	2530 183
20	3018	0.4	1	2771 247
21	2773	0.4	1	2576 197
22	2571	0.4	1	2375 196
23	2572	0.4	1	2358 214
24	2548	0.4	1	2326 222
25	2322	0.4	1	2135 187
26	2243	0.4	1	2075 168
27	2181	0.4	1	2013 168
28	2205	0.4	1	2049 156
29	2030	0.4	1	1842 188
30	1957	0.4	1	1808 149
31	1815	0.4	1	1674 141
32	1812	0.4	1	1687 125
33	1809	0.4	1	1658 151
34	1746	0.4	1	1576 170
35	1579	0.4	1	1449 130
36	1501	0.4	1	1389 112
37	1500	0.4	1	1374 126
38	1327	0.4	1	1224 103
39	1332	0.4	1	1212 120
40	1291	0.4	1	1176 115
41	1292	0.4	1	1192 100
42	1413	0.4	1	1289 124
43	929	0.4	1	834 95
44	1055	0.4	1	957 98
45	1601	0.4	1	1484 117
46	385	0.4	1	322 63
47	848	0.4	1	772 76
48	1329	0.4	1	1212 117
49	847	0.4	1	772 75
50	574	0.4	1	508 66
51	936	0.4	1	851 85
52	792	0.4	1	718 74
53	538	0.4	1	475 63
54	737	0.4	1	662 75
55	1120	0.4	1	1042 78
56	666	0.4	1	592 74
57	732	0.4	1	681 51
58	547	0.4	1	506 41
59	580	0.4	1	536 44
60	323	0.4	1	283 40
61	283	0.4	1	232 51
62	713	0.4	1	651 62
63	484	0.4	1	432 52
64	263	0.4	1	232 31
65	268	0.4	1	231 37
66	871	0.4	1	795 76
67	217	0.4	1	186 31
68	337	0.4	1	298 39
69	164	0.4	1	126 38
70	153	0.4	1	124 29
71	66	0.4	1	31 35
72	87	0.4	1	73 14
73	190	0.4	1	152 38
74	242	0.4	1	211 31
75	273	0.4	1	240 33
76	253	0.4	1	223 30
77	231	0.4	1	203 28
78	260	0.4	1	219 41
79	227	0.4	1	192 35
80	231	0.4	1	183 48
81	237	0.4	1	193 44
82	203	0.4	1	165 38
83	201	0.4	1	165 36
84	215	0.4	1	167 48
85	178	0.4	1	148 30
86	195	0.4	1	154 41
87	165	0.4	1	130 35
88	182	0.4	1	150 32
89	151	0.4	1	121 30
90	185	0.4	1	138 47
91	182	0.4	1	145 37
92	144	0.4	1	108 36
93	170	0.4	1	133 37
94	163	0.4	1	132 31
95	131	0.4	1	104 27
96	137	0.4	1	93 44
97	154	0.4	1	117 37
98	128	0.4	1	92 36
99	132	0.4	1	95 37
100	119	0.4	1	75 44
101	126	0.4	1	92 34
102	137	0.4	1	103 34
103	108	0.4	1	86 22
104	98	0.4	1	68 30
105	95	0.4	1	69 26
106	83	0.4	1	64 19
107	98	0.4	1	59 39
108	77	0.4	1	60 17
109	71	0.4	1	51 20
110	97	0.4	1	71 26
111	89	0.4	1	64 25
112	79	0.4	1	52 27
113	67	0.4	1	48 19
114	59	0.4	1	35 24
115	64	0.4	1	42 22
116	53	0.4	1	34 19
117	75	0.4	1	46 29
118	62	0.4	1	41 21
119	62	0.4	1	37 25
120	53	0.4	1	31 22
121	47	0.4	1	30 17
122	42	0.4	1	21 21
123	37	0.4	1	21 16
124	46	0.4	1	29 17
125	44	0.4	1	19 25
126	50	0.4	1	30 20
127	55	0.4	1	29 26
128	46	0.4	1	22 24
129	46	0.4	1	26 20
130	50	0.4	1	25 25
131	40	0.4	1	28 12
132	44	0.4	1	35 9
133	44	0.4	1	27 17
134	28	0.4	1	16 12
135	22	0.4	1	13 9
136	34	0.4	1	18 16
137	32	0.4	1	17 15
138	25	0.4	1	11 14
139	38	0.4	1	12 26
140	41	0.4	1	17 24
141	26	0.4	1	13 13
142	23	0.4	1	8 15
143	32	0.4	1	16 16
144	31	0.4	1	7 24
145	35	0.4	1	20 15
146	26	0.4	1	14 12
147	31	0.4	1	19 12
148	29	0.4	1	12 17
149	30	0.4	1	6 24
150	1776	0.4	1	12 1764

RUN STATISTICS FOR INPUT FILE: s074_R1_001.fastq.gz
=============================================
24434674 sequences processed in total

