
SUMMARISING RUN PARAMETERS
==========================
Input filename: s076_R1_001.fastq.gz
Trimming mode: paired-end
Trim Galore version: 0.6.10
Cutadapt version: 3.4
Number of cores used for trimming: 1
Quality Phred score cutoff: 20
Quality encoding type selected: ASCII+33
Using Illumina adapter for trimming (count: 5112). Second best hit was smallRNA (count: 10)
Adapter sequence: 'AGATCGGAAGAGC' (Illumina TruSeq, Sanger iPCR; auto-detected)
Maximum trimming error rate: 0.1 (default)
Minimum required adapter overlap (stringency): 1 bp
Minimum required sequence length for both reads before a sequence pair gets removed: 20 bp
Running FastQC on the data once trimming has completed
Output file will be GZIP compressed


This is cutadapt 3.4 with Python 3.9.2
Command line parameters: -j 1 -e 0.1 -q 20 -O 1 -a AGATCGGAAGAGC s076_R1_001.fastq.gz
Processing reads on 1 core in single-end mode ...
Finished in 2118.01 s (79 µs/read; 0.76 M reads/minute).

=== Summary ===

Total reads processed:              26,672,251
Reads with adapters:                 9,795,396 (36.7%)
Reads written (passing filters):    26,672,251 (100.0%)

Total basepairs processed: 4,000,837,650 bp
Quality-trimmed:               7,584,203 bp (0.2%)
Total written (filtered):  3,975,102,738 bp (99.4%)

=== Adapter 1 ===

Sequence: AGATCGGAAGAGC; Type: regular 3'; Length: 13; Trimmed: 9795396 times

No. of allowed errors:
1-9 bp: 0; 10-13 bp: 1

Bases preceding removed adapters:
  A: 36.8%
  C: 24.2%
  G: 17.1%
  T: 22.0%
  none/other: 0.0%

Overview of removed sequences
length	count	expect	max.err	error counts
1	7437152	6668062.8	0	7437152
2	1513890	1667015.7	0	1513890
3	494797	416753.9	0	494797
4	116799	104188.5	0	116799
5	29839	26047.1	0	29839
6	11245	6511.8	0	11245
7	8033	1627.9	0	8033
8	8012	407.0	0	8012
9	6869	101.7	0	6484 385
10	7267	25.4	1	6287 980
11	7101	6.4	1	6311 790
12	7138	1.6	1	6630 508
13	6109	0.4	1	5732 377
14	5962	0.4	1	5516 446
15	5746	0.4	1	5311 435
16	5753	0.4	1	5307 446
17	5829	0.4	1	5351 478
18	5119	0.4	1	4806 313
19	4673	0.4	1	4393 280
20	4787	0.4	1	4452 335
21	4629	0.4	1	4328 301
22	4451	0.4	1	4199 252
23	4525	0.4	1	4244 281
24	4140	0.4	1	3795 345
25	3865	0.4	1	3621 244
26	3715	0.4	1	3502 213
27	3677	0.4	1	3431 246
28	3483	0.4	1	3272 211
29	3506	0.4	1	3242 264
30	3181	0.4	1	3003 178
31	2878	0.4	1	2721 157
32	2862	0.4	1	2696 166
33	2890	0.4	1	2677 213
34	2636	0.4	1	2487 149
35	2584	0.4	1	2397 187
36	2580	0.4	1	2420 160
37	2277	0.4	1	2158 119
38	2265	0.4	1	2121 144
39	2070	0.4	1	1948 122
40	2017	0.4	1	1850 167
41	2254	0.4	1	2127 127
42	1510	0.4	1	1421 89
43	1850	0.4	1	1708 142
44	1605	0.4	1	1505 100
45	2497	0.4	1	2382 115
46	593	0.4	1	540 53
47	1255	0.4	1	1184 71
48	1774	0.4	1	1683 91
49	1223	0.4	1	1145 78
50	901	0.4	1	833 68
51	1390	0.4	1	1320 70
52	1071	0.4	1	999 72
53	767	0.4	1	697 70
54	1102	0.4	1	1022 80
55	1440	0.4	1	1367 73
56	757	0.4	1	717 40
57	1009	0.4	1	961 48
58	702	0.4	1	647 55
59	843	0.4	1	778 65
60	426	0.4	1	395 31
61	331	0.4	1	293 38
62	821	0.4	1	776 45
63	698	0.4	1	660 38
64	322	0.4	1	293 29
65	349	0.4	1	305 44
66	933	0.4	1	881 52
67	320	0.4	1	280 40
68	482	0.4	1	450 32
69	286	0.4	1	250 36
70	198	0.4	1	169 29
71	73	0.4	1	42 31
72	111	0.4	1	76 35
73	187	0.4	1	154 33
74	261	0.4	1	240 21
75	263	0.4	1	228 35
76	284	0.4	1	258 26
77	251	0.4	1	231 20
78	252	0.4	1	214 38
79	243	0.4	1	218 25
80	224	0.4	1	190 34
81	227	0.4	1	198 29
82	205	0.4	1	176 29
83	184	0.4	1	155 29
84	184	0.4	1	157 27
85	176	0.4	1	152 24
86	133	0.4	1	112 21
87	161	0.4	1	126 35
88	144	0.4	1	119 25
89	133	0.4	1	102 31
90	165	0.4	1	133 32
91	132	0.4	1	101 31
92	140	0.4	1	111 29
93	132	0.4	1	99 33
94	123	0.4	1	91 32
95	130	0.4	1	99 31
96	120	0.4	1	88 32
97	106	0.4	1	78 28
98	102	0.4	1	81 21
99	120	0.4	1	97 23
100	89	0.4	1	62 27
101	92	0.4	1	66 26
102	92	0.4	1	59 33
103	113	0.4	1	68 45
104	82	0.4	1	56 26
105	103	0.4	1	68 35
106	84	0.4	1	57 27
107	70	0.4	1	54 16
108	73	0.4	1	43 30
109	65	0.4	1	42 23
110	75	0.4	1	51 24
111	50	0.4	1	32 18
112	71	0.4	1	48 23
113	47	0.4	1	33 14
114	51	0.4	1	34 17
115	48	0.4	1	29 19
116	54	0.4	1	42 12
117	51	0.4	1	38 13
118	50	0.4	1	33 17
119	45	0.4	1	23 22
120	50	0.4	1	28 22
121	48	0.4	1	32 16
122	55	0.4	1	34 21
123	52	0.4	1	36 16
124	70	0.4	1	44 26
125	54	0.4	1	31 23
126	45	0.4	1	22 23
127	42	0.4	1	23 19
128	44	0.4	1	26 18
129	34	0.4	1	21 13
130	41	0.4	1	24 17
131	26	0.4	1	17 9
132	47	0.4	1	33 14
133	37	0.4	1	20 17
134	44	0.4	1	29 15
135	23	0.4	1	11 12
136	35	0.4	1	12 23
137	26	0.4	1	18 8
138	27	0.4	1	14 13
139	28	0.4	1	16 12
140	28	0.4	1	16 12
141	22	0.4	1	17 5
142	33	0.4	1	16 17
143	18	0.4	1	8 10
144	20	0.4	1	11 9
145	23	0.4	1	16 7
146	34	0.4	1	17 17
147	26	0.4	1	6 20
148	17	0.4	1	5 12
149	13	0.4	1	1 12
150	1903	0.4	1	8 1895

RUN STATISTICS FOR INPUT FILE: s076_R1_001.fastq.gz
=============================================
26672251 sequences processed in total

