
SUMMARISING RUN PARAMETERS
==========================
Input filename: s078_R1_001.fastq.gz
Trimming mode: paired-end
Trim Galore version: 0.6.10
Cutadapt version: 3.4
Number of cores used for trimming: 1
Quality Phred score cutoff: 20
Quality encoding type selected: ASCII+33
Using Illumina adapter for trimming (count: 2525). Second best hit was Nextera (count: 7)
Adapter sequence: 'AGATCGGAAGAGC' (Illumina TruSeq, Sanger iPCR; auto-detected)
Maximum trimming error rate: 0.1 (default)
Minimum required adapter overlap (stringency): 1 bp
Minimum required sequence length for both reads before a sequence pair gets removed: 20 bp
Running FastQC on the data once trimming has completed
Output file will be GZIP compressed


This is cutadapt 3.4 with Python 3.9.2
Command line parameters: -j 1 -e 0.1 -q 20 -O 1 -a AGATCGGAAGAGC s078_R1_001.fastq.gz
Processing reads on 1 core in single-end mode ...
Finished in 2060.04 s (79 µs/read; 0.76 M reads/minute).

=== Summary ===

Total reads processed:              26,171,115
Reads with adapters:                 9,589,259 (36.6%)
Reads written (passing filters):    26,171,115 (100.0%)

Total basepairs processed: 3,925,667,250 bp
Quality-trimmed:               8,231,273 bp (0.2%)
Total written (filtered):  3,902,157,753 bp (99.4%)

=== Adapter 1 ===

Sequence: AGATCGGAAGAGC; Type: regular 3'; Length: 13; Trimmed: 9589259 times

No. of allowed errors:
1-9 bp: 0; 10-13 bp: 1

Bases preceding removed adapters:
  A: 37.0%
  C: 24.1%
  G: 16.7%
  T: 22.2%
  none/other: 0.0%

Overview of removed sequences
length	count	expect	max.err	error counts
1	7363498	6542778.8	0	7363498
2	1499035	1635694.7	0	1499035
3	486870	408923.7	0	486870
4	111296	102230.9	0	111296
5	24668	25557.7	0	24668
6	7036	6389.4	0	7036
7	4209	1597.4	0	4209
8	4133	399.3	0	4133
9	3805	99.8	0	3382 423
10	3880	25.0	1	3099 781
11	3697	6.2	1	3144 553
12	3407	1.6	1	3092 315
13	2895	0.4	1	2691 204
14	3120	0.4	1	2868 252
15	2948	0.4	1	2735 213
16	2787	0.4	1	2553 234
17	2944	0.4	1	2682 262
18	2583	0.4	1	2392 191
19	2455	0.4	1	2273 182
20	2341	0.4	1	2162 179
21	2360	0.4	1	2167 193
22	2211	0.4	1	2055 156
23	2218	0.4	1	2041 177
24	2189	0.4	1	1984 205
25	1930	0.4	1	1795 135
26	1903	0.4	1	1783 120
27	1861	0.4	1	1707 154
28	1605	0.4	1	1472 133
29	1664	0.4	1	1523 141
30	1591	0.4	1	1488 103
31	1442	0.4	1	1342 100
32	1374	0.4	1	1298 76
33	1418	0.4	1	1313 105
34	1326	0.4	1	1220 106
35	1224	0.4	1	1162 62
36	1078	0.4	1	1001 77
37	1160	0.4	1	1066 94
38	1131	0.4	1	1038 93
39	1035	0.4	1	947 88
40	1200	0.4	1	1106 94
41	808	0.4	1	733 75
42	967	0.4	1	889 78
43	960	0.4	1	873 87
44	722	0.4	1	662 60
45	1136	0.4	1	1074 62
46	341	0.4	1	296 45
47	624	0.4	1	568 56
48	804	0.4	1	713 91
49	563	0.4	1	506 57
50	498	0.4	1	451 47
51	580	0.4	1	540 40
52	537	0.4	1	490 47
53	387	0.4	1	351 36
54	429	0.4	1	386 43
55	587	0.4	1	550 37
56	390	0.4	1	348 42
57	512	0.4	1	475 37
58	380	0.4	1	341 39
59	342	0.4	1	302 40
60	249	0.4	1	220 29
61	221	0.4	1	189 32
62	405	0.4	1	369 36
63	347	0.4	1	317 30
64	189	0.4	1	162 27
65	185	0.4	1	155 30
66	451	0.4	1	419 32
67	192	0.4	1	166 26
68	223	0.4	1	197 26
69	98	0.4	1	83 15
70	88	0.4	1	62 26
71	56	0.4	1	30 26
72	77	0.4	1	54 23
73	96	0.4	1	67 29
74	133	0.4	1	115 18
75	105	0.4	1	85 20
76	118	0.4	1	103 15
77	135	0.4	1	103 32
78	110	0.4	1	80 30
79	132	0.4	1	104 28
80	120	0.4	1	99 21
81	86	0.4	1	66 20
82	97	0.4	1	76 21
83	101	0.4	1	70 31
84	101	0.4	1	72 29
85	97	0.4	1	71 26
86	101	0.4	1	72 29
87	80	0.4	1	52 28
88	88	0.4	1	62 26
89	81	0.4	1	63 18
90	80	0.4	1	59 21
91	70	0.4	1	47 23
92	75	0.4	1	52 23
93	65	0.4	1	42 23
94	63	0.4	1	47 16
95	69	0.4	1	44 25
96	63	0.4	1	37 26
97	57	0.4	1	41 16
98	55	0.4	1	28 27
99	56	0.4	1	29 27
100	38	0.4	1	24 14
101	52	0.4	1	28 24
102	48	0.4	1	22 26
103	45	0.4	1	27 18
104	46	0.4	1	19 27
105	52	0.4	1	28 24
106	47	0.4	1	27 20
107	45	0.4	1	31 14
108	41	0.4	1	29 12
109	51	0.4	1	26 25
110	44	0.4	1	27 17
111	48	0.4	1	17 31
112	32	0.4	1	14 18
113	34	0.4	1	24 10
114	30	0.4	1	15 15
115	42	0.4	1	26 16
116	29	0.4	1	15 14
117	35	0.4	1	22 13
118	30	0.4	1	11 19
119	38	0.4	1	15 23
120	22	0.4	1	10 12
121	43	0.4	1	20 23
122	29	0.4	1	9 20
123	31	0.4	1	15 16
124	35	0.4	1	15 20
125	30	0.4	1	17 13
126	26	0.4	1	9 17
127	33	0.4	1	12 21
128	33	0.4	1	13 20
129	26	0.4	1	17 9
130	34	0.4	1	15 19
131	23	0.4	1	9 14
132	19	0.4	1	12 7
133	23	0.4	1	10 13
134	25	0.4	1	13 12
135	25	0.4	1	11 14
136	24	0.4	1	7 17
137	29	0.4	1	4 25
138	16	0.4	1	2 14
139	30	0.4	1	10 20
140	22	0.4	1	4 18
141	19	0.4	1	6 13
142	9	0.4	1	3 6
143	21	0.4	1	5 16
144	25	0.4	1	5 20
145	19	0.4	1	4 15
146	15	0.4	1	5 10
147	24	0.4	1	10 14
148	23	0.4	1	4 19
149	15	0.4	1	2 13
150	1375	0.4	1	3 1372

RUN STATISTICS FOR INPUT FILE: s078_R1_001.fastq.gz
=============================================
26171115 sequences processed in total

