
SUMMARISING RUN PARAMETERS
==========================
Input filename: s081_R1_001.fastq.gz
Trimming mode: paired-end
Trim Galore version: 0.6.10
Cutadapt version: 3.4
Number of cores used for trimming: 1
Quality Phred score cutoff: 20
Quality encoding type selected: ASCII+33
Using Illumina adapter for trimming (count: 3252). Second best hit was Nextera (count: 7)
Adapter sequence: 'AGATCGGAAGAGC' (Illumina TruSeq, Sanger iPCR; auto-detected)
Maximum trimming error rate: 0.1 (default)
Minimum required adapter overlap (stringency): 1 bp
Minimum required sequence length for both reads before a sequence pair gets removed: 20 bp
Running FastQC on the data once trimming has completed
Output file will be GZIP compressed


This is cutadapt 3.4 with Python 3.9.2
Command line parameters: -j 1 -e 0.1 -q 20 -O 1 -a AGATCGGAAGAGC s081_R1_001.fastq.gz
Processing reads on 1 core in single-end mode ...
Finished in 2058.31 s (80 µs/read; 0.75 M reads/minute).

=== Summary ===

Total reads processed:              25,868,102
Reads with adapters:                 9,530,364 (36.8%)
Reads written (passing filters):    25,868,102 (100.0%)

Total basepairs processed: 3,880,215,300 bp
Quality-trimmed:               7,521,911 bp (0.2%)
Total written (filtered):  3,856,793,339 bp (99.4%)

=== Adapter 1 ===

Sequence: AGATCGGAAGAGC; Type: regular 3'; Length: 13; Trimmed: 9530364 times

No. of allowed errors:
1-9 bp: 0; 10-13 bp: 1

Bases preceding removed adapters:
  A: 37.2%
  C: 24.0%
  G: 16.6%
  T: 22.2%
  none/other: 0.0%

Overview of removed sequences
length	count	expect	max.err	error counts
1	7306899	6467025.5	0	7306899
2	1471794	1616756.4	0	1471794
3	482486	404189.1	0	482486
4	111436	101047.3	0	111436
5	25272	25261.8	0	25272
6	8067	6315.5	0	8067
7	5214	1578.9	0	5214
8	5268	394.7	0	5268
9	4676	98.7	0	4267 409
10	4920	24.7	1	4113 807
11	4743	6.2	1	4157 586
12	4482	1.5	1	4103 379
13	3883	0.4	1	3641 242
14	3935	0.4	1	3609 326
15	3788	0.4	1	3529 259
16	3709	0.4	1	3424 285
17	3716	0.4	1	3390 326
18	3541	0.4	1	3323 218
19	3137	0.4	1	2940 197
20	3183	0.4	1	2968 215
21	3086	0.4	1	2856 230
22	2796	0.4	1	2629 167
23	2891	0.4	1	2688 203
24	2801	0.4	1	2552 249
25	2467	0.4	1	2319 148
26	2441	0.4	1	2293 148
27	2415	0.4	1	2264 151
28	2154	0.4	1	2021 133
29	2233	0.4	1	2050 183
30	2017	0.4	1	1907 110
31	1809	0.4	1	1691 118
32	1879	0.4	1	1774 105
33	1803	0.4	1	1670 133
34	1839	0.4	1	1698 141
35	1597	0.4	1	1506 91
36	1526	0.4	1	1440 86
37	1462	0.4	1	1364 98
38	1431	0.4	1	1336 95
39	1316	0.4	1	1226 90
40	1499	0.4	1	1406 93
41	1078	0.4	1	996 82
42	1190	0.4	1	1117 73
43	1242	0.4	1	1123 119
44	922	0.4	1	844 78
45	1589	0.4	1	1507 82
46	424	0.4	1	367 57
47	750	0.4	1	690 60
48	1036	0.4	1	971 65
49	799	0.4	1	711 88
50	599	0.4	1	544 55
51	859	0.4	1	793 66
52	689	0.4	1	645 44
53	581	0.4	1	544 37
54	625	0.4	1	574 51
55	749	0.4	1	692 57
56	475	0.4	1	443 32
57	641	0.4	1	598 43
58	510	0.4	1	457 53
59	469	0.4	1	430 39
60	337	0.4	1	303 34
61	238	0.4	1	211 27
62	512	0.4	1	472 40
63	469	0.4	1	425 44
64	236	0.4	1	210 26
65	201	0.4	1	165 36
66	605	0.4	1	573 32
67	236	0.4	1	219 17
68	312	0.4	1	290 22
69	127	0.4	1	102 25
70	115	0.4	1	91 24
71	49	0.4	1	33 16
72	71	0.4	1	44 27
73	138	0.4	1	118 20
74	154	0.4	1	133 21
75	144	0.4	1	120 24
76	160	0.4	1	144 16
77	138	0.4	1	127 11
78	145	0.4	1	129 16
79	136	0.4	1	116 20
80	153	0.4	1	126 27
81	137	0.4	1	119 18
82	135	0.4	1	114 21
83	127	0.4	1	96 31
84	126	0.4	1	101 25
85	106	0.4	1	82 24
86	95	0.4	1	68 27
87	115	0.4	1	84 31
88	91	0.4	1	59 32
89	79	0.4	1	61 18
90	84	0.4	1	67 17
91	83	0.4	1	66 17
92	86	0.4	1	57 29
93	69	0.4	1	51 18
94	72	0.4	1	56 16
95	66	0.4	1	49 17
96	57	0.4	1	39 18
97	65	0.4	1	39 26
98	77	0.4	1	52 25
99	69	0.4	1	44 25
100	70	0.4	1	50 20
101	49	0.4	1	31 18
102	50	0.4	1	34 16
103	39	0.4	1	19 20
104	32	0.4	1	22 10
105	50	0.4	1	36 14
106	64	0.4	1	31 33
107	54	0.4	1	37 17
108	40	0.4	1	25 15
109	40	0.4	1	18 22
110	42	0.4	1	25 17
111	44	0.4	1	23 21
112	38	0.4	1	19 19
113	35	0.4	1	21 14
114	39	0.4	1	15 24
115	36	0.4	1	19 17
116	29	0.4	1	9 20
117	26	0.4	1	10 16
118	28	0.4	1	8 20
119	39	0.4	1	17 22
120	38	0.4	1	21 17
121	24	0.4	1	14 10
122	32	0.4	1	10 22
123	24	0.4	1	9 15
124	40	0.4	1	16 24
125	25	0.4	1	11 14
126	30	0.4	1	14 16
127	21	0.4	1	15 6
128	21	0.4	1	10 11
129	18	0.4	1	8 10
130	19	0.4	1	7 12
131	25	0.4	1	8 17
132	20	0.4	1	11 9
133	17	0.4	1	7 10
134	25	0.4	1	16 9
135	21	0.4	1	9 12
136	31	0.4	1	12 19
137	23	0.4	1	7 16
138	23	0.4	1	4 19
139	20	0.4	1	6 14
140	28	0.4	1	9 19
141	26	0.4	1	10 16
142	17	0.4	1	7 10
143	5	0.4	1	2 3
144	19	0.4	1	6 13
145	23	0.4	1	8 15
146	16	0.4	1	2 14
147	19	0.4	1	9 10
148	16	0.4	1	1 15
149	17	0.4	1	1 16
150	1584	0.4	1	3 1581

RUN STATISTICS FOR INPUT FILE: s081_R1_001.fastq.gz
=============================================
25868102 sequences processed in total

