
SUMMARISING RUN PARAMETERS
==========================
Input filename: s083_R2_001.fastq.gz
Trimming mode: paired-end
Trim Galore version: 0.6.10
Cutadapt version: 3.4
Number of cores used for trimming: 1
Quality Phred score cutoff: 20
Quality encoding type selected: ASCII+33
Using Illumina adapter for trimming (count: 7627). Second best hit was Nextera (count: 6)
Adapter sequence: 'AGATCGGAAGAGC' (Illumina TruSeq, Sanger iPCR; auto-detected)
Maximum trimming error rate: 0.1 (default)
Minimum required adapter overlap (stringency): 1 bp
Minimum required sequence length for both reads before a sequence pair gets removed: 20 bp
Running FastQC on the data once trimming has completed
Output file will be GZIP compressed


This is cutadapt 3.4 with Python 3.9.2
Command line parameters: -j 1 -e 0.1 -q 20 -O 1 -a AGATCGGAAGAGC s083_R2_001.fastq.gz
Processing reads on 1 core in single-end mode ...
Finished in 1656.84 s (84 µs/read; 0.71 M reads/minute).

=== Summary ===

Total reads processed:              19,691,251
Reads with adapters:                 6,910,136 (35.1%)
Reads written (passing filters):    19,691,251 (100.0%)

Total basepairs processed: 2,953,687,650 bp
Quality-trimmed:              15,381,346 bp (0.5%)
Total written (filtered):  2,921,223,797 bp (98.9%)

=== Adapter 1 ===

Sequence: AGATCGGAAGAGC; Type: regular 3'; Length: 13; Trimmed: 6910136 times

No. of allowed errors:
1-9 bp: 0; 10-13 bp: 1

Bases preceding removed adapters:
  A: 35.5%
  C: 24.2%
  G: 18.0%
  T: 22.3%
  none/other: 0.0%

Overview of removed sequences
length	count	expect	max.err	error counts
1	5138903	4922812.8	0	5138903
2	1112884	1230703.2	0	1112884
3	343929	307675.8	0	343929
4	76054	76918.9	0	76054
5	19267	19229.7	0	19267
6	8328	4807.4	0	8328
7	6297	1201.9	0	6297
8	5937	300.5	0	5937
9	4421	75.1	0	4133 288
10	5779	18.8	1	4579 1200
11	5140	4.7	1	4318 822
12	5284	1.2	1	4483 801
13	4555	0.3	1	3957 598
14	5211	0.3	1	4405 806
15	4151	0.3	1	3567 584
16	4447	0.3	1	3887 560
17	5378	0.3	1	4609 769
18	3171	0.3	1	2787 384
19	5040	0.3	1	4314 726
20	4087	0.3	1	3580 507
21	3058	0.3	1	2647 411
22	3802	0.3	1	3311 491
23	3654	0.3	1	3189 465
24	5155	0.3	1	4370 785
25	3979	0.3	1	3526 453
26	2841	0.3	1	2490 351
27	2899	0.3	1	2569 330
28	3521	0.3	1	3119 402
29	2858	0.3	1	2527 331
30	3340	0.3	1	2919 421
31	2666	0.3	1	2392 274
32	2887	0.3	1	2561 326
33	3822	0.3	1	3380 442
34	2471	0.3	1	2193 278
35	2417	0.3	1	2159 258
36	3257	0.3	1	2969 288
37	2594	0.3	1	2341 253
38	2431	0.3	1	2197 234
39	2495	0.3	1	2277 218
40	1736	0.3	1	1577 159
41	2271	0.3	1	2061 210
42	2737	0.3	1	2462 275
43	1872	0.3	1	1693 179
44	2305	0.3	1	2069 236
45	2200	0.3	1	1978 222
46	1876	0.3	1	1700 176
47	1985	0.3	1	1778 207
48	1718	0.3	1	1562 156
49	1875	0.3	1	1694 181
50	1636	0.3	1	1503 133
51	1776	0.3	1	1600 176
52	1594	0.3	1	1463 131
53	1649	0.3	1	1508 141
54	1921	0.3	1	1748 173
55	1295	0.3	1	1182 113
56	1632	0.3	1	1472 160
57	2302	0.3	1	2092 210
58	1217	0.3	1	1101 116
59	1071	0.3	1	979 92
60	2021	0.3	1	1857 164
61	1167	0.3	1	1065 102
62	1032	0.3	1	949 83
63	2948	0.3	1	2729 219
64	1286	0.3	1	1156 130
65	716	0.3	1	639 77
66	907	0.3	1	836 71
67	1459	0.3	1	1363 96
68	1065	0.3	1	998 67
69	1043	0.3	1	957 86
70	1479	0.3	1	1390 89
71	1123	0.3	1	1044 79
72	1040	0.3	1	981 59
73	1414	0.3	1	1347 67
74	867	0.3	1	807 60
75	698	0.3	1	652 46
76	403	0.3	1	363 40
77	520	0.3	1	481 39
78	616	0.3	1	562 54
79	722	0.3	1	670 52
80	747	0.3	1	694 53
81	794	0.3	1	737 57
82	731	0.3	1	678 53
83	715	0.3	1	660 55
84	771	0.3	1	715 56
85	717	0.3	1	668 49
86	640	0.3	1	587 53
87	612	0.3	1	569 43
88	604	0.3	1	567 37
89	560	0.3	1	523 37
90	695	0.3	1	655 40
91	593	0.3	1	548 45
92	629	0.3	1	582 47
93	577	0.3	1	530 47
94	604	0.3	1	551 53
95	527	0.3	1	480 47
96	561	0.3	1	516 45
97	524	0.3	1	496 28
98	585	0.3	1	543 42
99	501	0.3	1	470 31
100	524	0.3	1	484 40
101	484	0.3	1	436 48
102	445	0.3	1	412 33
103	430	0.3	1	399 31
104	408	0.3	1	377 31
105	412	0.3	1	377 35
106	414	0.3	1	372 42
107	393	0.3	1	375 18
108	363	0.3	1	339 24
109	319	0.3	1	296 23
110	328	0.3	1	296 32
111	301	0.3	1	278 23
112	276	0.3	1	248 28
113	266	0.3	1	243 23
114	292	0.3	1	268 24
115	244	0.3	1	226 18
116	220	0.3	1	199 21
117	214	0.3	1	199 15
118	232	0.3	1	205 27
119	206	0.3	1	189 17
120	222	0.3	1	196 26
121	188	0.3	1	163 25
122	177	0.3	1	153 24
123	149	0.3	1	130 19
124	186	0.3	1	167 19
125	131	0.3	1	119 12
126	142	0.3	1	124 18
127	119	0.3	1	105 14
128	146	0.3	1	130 16
129	96	0.3	1	86 10
130	109	0.3	1	97 12
131	80	0.3	1	73 7
132	138	0.3	1	129 9
133	100	0.3	1	91 9
134	103	0.3	1	94 9
135	83	0.3	1	71 12
136	83	0.3	1	66 17
137	77	0.3	1	63 14
138	75	0.3	1	62 13
139	76	0.3	1	62 14
140	69	0.3	1	61 8
141	60	0.3	1	48 12
142	58	0.3	1	42 16
143	58	0.3	1	45 13
144	59	0.3	1	52 7
145	50	0.3	1	44 6
146	73	0.3	1	58 15
147	43	0.3	1	35 8
148	47	0.3	1	40 7
149	23	0.3	1	20 3
150	54	0.3	1	37 17

RUN STATISTICS FOR INPUT FILE: s083_R2_001.fastq.gz
=============================================
19691251 sequences processed in total

Total number of sequences analysed for the sequence pair length validation: 19691251

Number of sequence pairs removed because at least one read was shorter than the length cutoff (20 bp): 11271 (0.06%)
