
SUMMARISING RUN PARAMETERS
==========================
Input filename: s084_R1_001.fastq.gz
Trimming mode: paired-end
Trim Galore version: 0.6.10
Cutadapt version: 3.4
Number of cores used for trimming: 1
Quality Phred score cutoff: 20
Quality encoding type selected: ASCII+33
Using Illumina adapter for trimming (count: 2509). Second best hit was smallRNA (count: 5)
Adapter sequence: 'AGATCGGAAGAGC' (Illumina TruSeq, Sanger iPCR; auto-detected)
Maximum trimming error rate: 0.1 (default)
Minimum required adapter overlap (stringency): 1 bp
Minimum required sequence length for both reads before a sequence pair gets removed: 20 bp
Running FastQC on the data once trimming has completed
Output file will be GZIP compressed


This is cutadapt 3.4 with Python 3.9.2
Command line parameters: -j 1 -e 0.1 -q 20 -O 1 -a AGATCGGAAGAGC s084_R1_001.fastq.gz
Processing reads on 1 core in single-end mode ...
Finished in 2091.42 s (80 µs/read; 0.75 M reads/minute).

=== Summary ===

Total reads processed:              26,256,106
Reads with adapters:                 8,646,637 (32.9%)
Reads written (passing filters):    26,256,106 (100.0%)

Total basepairs processed: 3,938,415,900 bp
Quality-trimmed:               7,290,109 bp (0.2%)
Total written (filtered):  3,916,716,565 bp (99.4%)

=== Adapter 1 ===

Sequence: AGATCGGAAGAGC; Type: regular 3'; Length: 13; Trimmed: 8646637 times

No. of allowed errors:
1-9 bp: 0; 10-13 bp: 1

Bases preceding removed adapters:
  A: 33.3%
  C: 26.7%
  G: 20.2%
  T: 19.7%
  none/other: 0.0%

Overview of removed sequences
length	count	expect	max.err	error counts
1	6488568	6564026.5	0	6488568
2	1478526	1641006.6	0	1478526
3	434746	410251.7	0	434746
4	102916	102562.9	0	102916
5	29427	25640.7	0	29427
6	10413	6410.2	0	10413
7	5179	1602.5	0	5179
8	4299	400.6	0	4299
9	3724	100.2	0	3274 450
10	4088	25.0	1	3201 887
11	3817	6.3	1	3209 608
12	3455	1.6	1	3103 352
13	3052	0.4	1	2805 247
14	3182	0.4	1	2879 303
15	3014	0.4	1	2775 239
16	2836	0.4	1	2551 285
17	2952	0.4	1	2655 297
18	2628	0.4	1	2432 196
19	2367	0.4	1	2200 167
20	2524	0.4	1	2298 226
21	2435	0.4	1	2233 202
22	2200	0.4	1	2022 178
23	2394	0.4	1	2200 194
24	2199	0.4	1	2011 188
25	2104	0.4	1	1935 169
26	1992	0.4	1	1833 159
27	1947	0.4	1	1778 169
28	1781	0.4	1	1630 151
29	1776	0.4	1	1603 173
30	1702	0.4	1	1571 131
31	1490	0.4	1	1365 125
32	1548	0.4	1	1434 114
33	1432	0.4	1	1293 139
34	1504	0.4	1	1357 147
35	1274	0.4	1	1176 98
36	1157	0.4	1	1075 82
37	1305	0.4	1	1172 133
38	1153	0.4	1	1071 82
39	1099	0.4	1	989 110
40	1276	0.4	1	1158 118
41	843	0.4	1	740 103
42	1006	0.4	1	907 99
43	989	0.4	1	890 99
44	752	0.4	1	681 71
45	1254	0.4	1	1160 94
46	330	0.4	1	260 70
47	536	0.4	1	474 62
48	855	0.4	1	781 74
49	627	0.4	1	560 67
50	452	0.4	1	395 57
51	661	0.4	1	587 74
52	569	0.4	1	508 61
53	445	0.4	1	401 44
54	496	0.4	1	440 56
55	677	0.4	1	615 62
56	398	0.4	1	357 41
57	512	0.4	1	461 51
58	399	0.4	1	362 37
59	352	0.4	1	305 47
60	256	0.4	1	226 30
61	186	0.4	1	150 36
62	400	0.4	1	332 68
63	355	0.4	1	322 33
64	179	0.4	1	151 28
65	158	0.4	1	127 31
66	489	0.4	1	432 57
67	209	0.4	1	172 37
68	217	0.4	1	189 28
69	84	0.4	1	60 24
70	118	0.4	1	81 37
71	50	0.4	1	23 27
72	86	0.4	1	56 30
73	139	0.4	1	104 35
74	136	0.4	1	97 39
75	144	0.4	1	113 31
76	135	0.4	1	109 26
77	158	0.4	1	116 42
78	135	0.4	1	99 36
79	129	0.4	1	81 48
80	138	0.4	1	99 39
81	120	0.4	1	78 42
82	106	0.4	1	62 44
83	110	0.4	1	76 34
84	105	0.4	1	79 26
85	111	0.4	1	71 40
86	92	0.4	1	62 30
87	90	0.4	1	53 37
88	118	0.4	1	77 41
89	88	0.4	1	53 35
90	90	0.4	1	65 25
91	64	0.4	1	42 22
92	82	0.4	1	47 35
93	84	0.4	1	40 44
94	66	0.4	1	41 25
95	81	0.4	1	50 31
96	69	0.4	1	43 26
97	70	0.4	1	35 35
98	70	0.4	1	32 38
99	65	0.4	1	41 24
100	57	0.4	1	34 23
101	73	0.4	1	29 44
102	55	0.4	1	23 32
103	68	0.4	1	30 38
104	45	0.4	1	19 26
105	61	0.4	1	18 43
106	56	0.4	1	28 28
107	57	0.4	1	23 34
108	49	0.4	1	24 25
109	56	0.4	1	20 36
110	46	0.4	1	10 36
111	53	0.4	1	22 31
112	36	0.4	1	10 26
113	54	0.4	1	22 32
114	48	0.4	1	27 21
115	36	0.4	1	11 25
116	45	0.4	1	16 29
117	46	0.4	1	19 27
118	52	0.4	1	17 35
119	48	0.4	1	13 35
120	51	0.4	1	17 34
121	42	0.4	1	17 25
122	43	0.4	1	18 25
123	45	0.4	1	20 25
124	39	0.4	1	21 18
125	38	0.4	1	11 27
126	34	0.4	1	12 22
127	27	0.4	1	10 17
128	38	0.4	1	12 26
129	36	0.4	1	10 26
130	35	0.4	1	14 21
131	35	0.4	1	15 20
132	27	0.4	1	9 18
133	32	0.4	1	13 19
134	27	0.4	1	11 16
135	32	0.4	1	13 19
136	39	0.4	1	9 30
137	33	0.4	1	9 24
138	35	0.4	1	9 26
139	24	0.4	1	9 15
140	28	0.4	1	9 19
141	27	0.4	1	7 20
142	27	0.4	1	10 17
143	25	0.4	1	8 17
144	44	0.4	1	7 37
145	33	0.4	1	5 28
146	28	0.4	1	5 23
147	29	0.4	1	8 21
148	32	0.4	1	6 26
149	33	0.4	1	4 29
150	1362	0.4	1	3 1359

RUN STATISTICS FOR INPUT FILE: s084_R1_001.fastq.gz
=============================================
26256106 sequences processed in total

