
SUMMARISING RUN PARAMETERS
==========================
Input filename: s088_R1_001.fastq.gz
Trimming mode: paired-end
Trim Galore version: 0.6.10
Cutadapt version: 3.4
Number of cores used for trimming: 1
Quality Phred score cutoff: 20
Quality encoding type selected: ASCII+33
Using Illumina adapter for trimming (count: 3972). Second best hit was smallRNA (count: 7)
Adapter sequence: 'AGATCGGAAGAGC' (Illumina TruSeq, Sanger iPCR; auto-detected)
Maximum trimming error rate: 0.1 (default)
Minimum required adapter overlap (stringency): 1 bp
Minimum required sequence length for both reads before a sequence pair gets removed: 20 bp
Running FastQC on the data once trimming has completed
Output file will be GZIP compressed


This is cutadapt 3.4 with Python 3.9.2
Command line parameters: -j 1 -e 0.1 -q 20 -O 1 -a AGATCGGAAGAGC s088_R1_001.fastq.gz
Processing reads on 1 core in single-end mode ...
Finished in 2134.00 s (80 µs/read; 0.75 M reads/minute).

=== Summary ===

Total reads processed:              26,739,426
Reads with adapters:                 9,811,877 (36.7%)
Reads written (passing filters):    26,739,426 (100.0%)

Total basepairs processed: 4,010,913,900 bp
Quality-trimmed:               7,656,078 bp (0.2%)
Total written (filtered):  3,986,431,112 bp (99.4%)

=== Adapter 1 ===

Sequence: AGATCGGAAGAGC; Type: regular 3'; Length: 13; Trimmed: 9811877 times

No. of allowed errors:
1-9 bp: 0; 10-13 bp: 1

Bases preceding removed adapters:
  A: 37.1%
  C: 24.1%
  G: 16.8%
  T: 22.1%
  none/other: 0.0%

Overview of removed sequences
length	count	expect	max.err	error counts
1	7505622	6684856.5	0	7505622
2	1507941	1671214.1	0	1507941
3	491791	417803.5	0	491791
4	116361	104450.9	0	116361
5	27982	26112.7	0	27982
6	10115	6528.2	0	10115
7	6822	1632.0	0	6822
8	6906	408.0	0	6906
9	6016	102.0	0	5579 437
10	6195	25.5	1	5340 855
11	6023	6.4	1	5284 739
12	5637	1.6	1	5168 469
13	4789	0.4	1	4491 298
14	4957	0.4	1	4566 391
15	4674	0.4	1	4353 321
16	4868	0.4	1	4469 399
17	4820	0.4	1	4403 417
18	4221	0.4	1	3961 260
19	3848	0.4	1	3630 218
20	3909	0.4	1	3614 295
21	3784	0.4	1	3499 285
22	3459	0.4	1	3258 201
23	3686	0.4	1	3433 253
24	3341	0.4	1	3090 251
25	3164	0.4	1	2968 196
26	3004	0.4	1	2835 169
27	3049	0.4	1	2868 181
28	2654	0.4	1	2487 167
29	2708	0.4	1	2467 241
30	2408	0.4	1	2270 138
31	2276	0.4	1	2139 137
32	2206	0.4	1	2075 131
33	2165	0.4	1	1996 169
34	2297	0.4	1	2117 180
35	1806	0.4	1	1708 98
36	1874	0.4	1	1732 142
37	1878	0.4	1	1745 133
38	1854	0.4	1	1773 81
39	1398	0.4	1	1296 102
40	1498	0.4	1	1404 94
41	1576	0.4	1	1471 105
42	1379	0.4	1	1287 92
43	1297	0.4	1	1160 137
44	1199	0.4	1	1119 80
45	1729	0.4	1	1638 91
46	538	0.4	1	460 78
47	956	0.4	1	892 64
48	1406	0.4	1	1336 70
49	981	0.4	1	919 62
50	592	0.4	1	532 60
51	1047	0.4	1	983 64
52	740	0.4	1	684 56
53	521	0.4	1	482 39
54	719	0.4	1	659 60
55	1074	0.4	1	1026 48
56	573	0.4	1	540 33
57	762	0.4	1	715 47
58	507	0.4	1	466 41
59	605	0.4	1	563 42
60	293	0.4	1	260 33
61	230	0.4	1	203 27
62	647	0.4	1	599 48
63	459	0.4	1	424 35
64	226	0.4	1	200 26
65	248	0.4	1	215 33
66	659	0.4	1	625 34
67	199	0.4	1	170 29
68	270	0.4	1	248 22
69	191	0.4	1	154 37
70	124	0.4	1	99 25
71	40	0.4	1	24 16
72	72	0.4	1	52 20
73	140	0.4	1	124 16
74	173	0.4	1	152 21
75	207	0.4	1	170 37
76	161	0.4	1	124 37
77	172	0.4	1	142 30
78	179	0.4	1	161 18
79	156	0.4	1	126 30
80	156	0.4	1	127 29
81	148	0.4	1	121 27
82	136	0.4	1	111 25
83	102	0.4	1	78 24
84	127	0.4	1	100 27
85	130	0.4	1	112 18
86	97	0.4	1	80 17
87	99	0.4	1	74 25
88	109	0.4	1	91 18
89	110	0.4	1	89 21
90	115	0.4	1	88 27
91	99	0.4	1	65 34
92	92	0.4	1	71 21
93	83	0.4	1	55 28
94	78	0.4	1	56 22
95	54	0.4	1	37 17
96	63	0.4	1	47 16
97	75	0.4	1	51 24
98	71	0.4	1	50 21
99	62	0.4	1	39 23
100	57	0.4	1	42 15
101	62	0.4	1	40 22
102	73	0.4	1	33 40
103	57	0.4	1	36 21
104	59	0.4	1	39 20
105	45	0.4	1	28 17
106	45	0.4	1	26 19
107	34	0.4	1	17 17
108	45	0.4	1	30 15
109	35	0.4	1	13 22
110	37	0.4	1	21 16
111	46	0.4	1	26 20
112	37	0.4	1	15 22
113	38	0.4	1	19 19
114	36	0.4	1	17 19
115	27	0.4	1	10 17
116	32	0.4	1	20 12
117	23	0.4	1	11 12
118	28	0.4	1	10 18
119	34	0.4	1	14 20
120	27	0.4	1	8 19
121	35	0.4	1	16 19
122	24	0.4	1	8 16
123	26	0.4	1	13 13
124	27	0.4	1	14 13
125	17	0.4	1	6 11
126	23	0.4	1	9 14
127	17	0.4	1	11 6
128	26	0.4	1	10 16
129	32	0.4	1	13 19
130	16	0.4	1	7 9
131	28	0.4	1	5 23
132	30	0.4	1	10 20
133	21	0.4	1	9 12
134	16	0.4	1	7 9
135	22	0.4	1	2 20
136	20	0.4	1	5 15
137	17	0.4	1	5 12
138	21	0.4	1	5 16
139	12	0.4	1	4 8
140	17	0.4	1	4 13
141	20	0.4	1	10 10
142	19	0.4	1	3 16
143	25	0.4	1	7 18
144	20	0.4	1	4 16
145	19	0.4	1	7 12
146	15	0.4	1	8 7
147	24	0.4	1	12 12
148	22	0.4	1	10 12
149	29	0.4	1	2 27
150	1301	0.4	1	3 1298

RUN STATISTICS FOR INPUT FILE: s088_R1_001.fastq.gz
=============================================
26739426 sequences processed in total

