
SUMMARISING RUN PARAMETERS
==========================
Input filename: s093_R1_001.fastq.gz
Trimming mode: paired-end
Trim Galore version: 0.6.10
Cutadapt version: 3.4
Number of cores used for trimming: 1
Quality Phred score cutoff: 20
Quality encoding type selected: ASCII+33
Using Illumina adapter for trimming (count: 3527). Second best hit was Nextera (count: 8)
Adapter sequence: 'AGATCGGAAGAGC' (Illumina TruSeq, Sanger iPCR; auto-detected)
Maximum trimming error rate: 0.1 (default)
Minimum required adapter overlap (stringency): 1 bp
Minimum required sequence length for both reads before a sequence pair gets removed: 20 bp
Running FastQC on the data once trimming has completed
Output file will be GZIP compressed


This is cutadapt 3.4 with Python 3.9.2
Command line parameters: -j 1 -e 0.1 -q 20 -O 1 -a AGATCGGAAGAGC s093_R1_001.fastq.gz
Processing reads on 1 core in single-end mode ...
Finished in 1647.89 s (79 µs/read; 0.76 M reads/minute).

=== Summary ===

Total reads processed:              20,796,685
Reads with adapters:                 7,366,961 (35.4%)
Reads written (passing filters):    20,796,685 (100.0%)

Total basepairs processed: 3,119,502,750 bp
Quality-trimmed:               6,266,230 bp (0.2%)
Total written (filtered):  3,100,639,896 bp (99.4%)

=== Adapter 1 ===

Sequence: AGATCGGAAGAGC; Type: regular 3'; Length: 13; Trimmed: 7366961 times

No. of allowed errors:
1-9 bp: 0; 10-13 bp: 1

Bases preceding removed adapters:
  A: 35.2%
  C: 25.2%
  G: 17.9%
  T: 21.6%
  none/other: 0.0%

Overview of removed sequences
length	count	expect	max.err	error counts
1	5585633	5199171.2	0	5585633
2	1185830	1299792.8	0	1185830
3	374380	324948.2	0	374380
4	88254	81237.1	0	88254
5	22172	20309.3	0	22172
6	7569	5077.3	0	7569
7	4548	1269.3	0	4548
8	4234	317.3	0	4234
9	3654	79.3	0	3331 323
10	3941	19.8	1	3278 663
11	3758	5.0	1	3281 477
12	3795	1.2	1	3473 322
13	3170	0.3	1	2938 232
14	3166	0.3	1	2932 234
15	2994	0.3	1	2773 221
16	2894	0.3	1	2637 257
17	3031	0.3	1	2774 257
18	2647	0.3	1	2451 196
19	2409	0.3	1	2249 160
20	2477	0.3	1	2308 169
21	2474	0.3	1	2307 167
22	2393	0.3	1	2212 181
23	2376	0.3	1	2213 163
24	2140	0.3	1	1979 161
25	2098	0.3	1	1949 149
26	1915	0.3	1	1795 120
27	2021	0.3	1	1888 133
28	1817	0.3	1	1684 133
29	1787	0.3	1	1623 164
30	1649	0.3	1	1544 105
31	1573	0.3	1	1476 97
32	1471	0.3	1	1370 101
33	1570	0.3	1	1450 120
34	1599	0.3	1	1471 128
35	1258	0.3	1	1182 76
36	1411	0.3	1	1311 100
37	1352	0.3	1	1256 96
38	1329	0.3	1	1246 83
39	1057	0.3	1	978 79
40	1172	0.3	1	1089 83
41	1232	0.3	1	1156 76
42	974	0.3	1	897 77
43	956	0.3	1	880 76
44	942	0.3	1	873 69
45	1341	0.3	1	1269 72
46	395	0.3	1	344 51
47	799	0.3	1	745 54
48	1165	0.3	1	1083 82
49	719	0.3	1	670 49
50	438	0.3	1	402 36
51	824	0.3	1	775 49
52	615	0.3	1	563 52
53	428	0.3	1	402 26
54	615	0.3	1	563 52
55	988	0.3	1	945 43
56	438	0.3	1	405 33
57	607	0.3	1	560 47
58	375	0.3	1	343 32
59	438	0.3	1	407 31
60	193	0.3	1	175 18
61	172	0.3	1	151 21
62	518	0.3	1	480 38
63	328	0.3	1	308 20
64	146	0.3	1	122 24
65	175	0.3	1	156 19
66	535	0.3	1	495 40
67	134	0.3	1	116 18
68	178	0.3	1	157 21
69	107	0.3	1	76 31
70	64	0.3	1	52 12
71	41	0.3	1	21 20
72	70	0.3	1	50 20
73	99	0.3	1	79 20
74	157	0.3	1	127 30
75	145	0.3	1	122 23
76	175	0.3	1	154 21
77	130	0.3	1	112 18
78	134	0.3	1	104 30
79	134	0.3	1	105 29
80	116	0.3	1	102 14
81	116	0.3	1	97 19
82	99	0.3	1	78 21
83	92	0.3	1	73 19
84	109	0.3	1	81 28
85	94	0.3	1	69 25
86	88	0.3	1	71 17
87	70	0.3	1	57 13
88	64	0.3	1	47 17
89	71	0.3	1	52 19
90	72	0.3	1	47 25
91	75	0.3	1	54 21
92	69	0.3	1	48 21
93	67	0.3	1	48 19
94	69	0.3	1	42 27
95	51	0.3	1	35 16
96	50	0.3	1	30 20
97	50	0.3	1	28 22
98	65	0.3	1	39 26
99	63	0.3	1	43 20
100	47	0.3	1	31 16
101	59	0.3	1	29 30
102	44	0.3	1	19 25
103	48	0.3	1	30 18
104	40	0.3	1	23 17
105	51	0.3	1	26 25
106	47	0.3	1	19 28
107	39	0.3	1	20 19
108	31	0.3	1	15 16
109	45	0.3	1	20 25
110	32	0.3	1	11 21
111	24	0.3	1	11 13
112	34	0.3	1	13 21
113	38	0.3	1	19 19
114	33	0.3	1	13 20
115	31	0.3	1	12 19
116	26	0.3	1	14 12
117	35	0.3	1	17 18
118	22	0.3	1	4 18
119	20	0.3	1	11 9
120	21	0.3	1	11 10
121	25	0.3	1	12 13
122	21	0.3	1	7 14
123	25	0.3	1	14 11
124	29	0.3	1	12 17
125	20	0.3	1	6 14
126	25	0.3	1	3 22
127	26	0.3	1	10 16
128	33	0.3	1	19 14
129	15	0.3	1	4 11
130	16	0.3	1	10 6
131	22	0.3	1	7 15
132	22	0.3	1	7 15
133	23	0.3	1	11 12
134	15	0.3	1	5 10
135	22	0.3	1	4 18
136	16	0.3	1	7 9
137	14	0.3	1	2 12
138	17	0.3	1	3 14
139	20	0.3	1	3 17
140	20	0.3	1	5 15
141	18	0.3	1	3 15
142	16	0.3	1	3 13
143	17	0.3	1	2 15
144	11	0.3	1	5 6
145	28	0.3	1	3 25
146	11	0.3	1	1 10
147	11	0.3	1	1 10
148	16	0.3	1	7 9
149	21	0.3	1	1 20
150	1127	0.3	1	4 1123

RUN STATISTICS FOR INPUT FILE: s093_R1_001.fastq.gz
=============================================
20796685 sequences processed in total

