
SUMMARISING RUN PARAMETERS
==========================
Input filename: s094_R1_001.fastq.gz
Trimming mode: paired-end
Trim Galore version: 0.6.10
Cutadapt version: 3.4
Number of cores used for trimming: 1
Quality Phred score cutoff: 20
Quality encoding type selected: ASCII+33
Using Illumina adapter for trimming (count: 2390). Second best hit was Nextera (count: 10)
Adapter sequence: 'AGATCGGAAGAGC' (Illumina TruSeq, Sanger iPCR; auto-detected)
Maximum trimming error rate: 0.1 (default)
Minimum required adapter overlap (stringency): 1 bp
Minimum required sequence length for both reads before a sequence pair gets removed: 20 bp
Running FastQC on the data once trimming has completed
Output file will be GZIP compressed


This is cutadapt 3.4 with Python 3.9.2
Command line parameters: -j 1 -e 0.1 -q 20 -O 1 -a AGATCGGAAGAGC s094_R1_001.fastq.gz
Processing reads on 1 core in single-end mode ...
Finished in 2291.47 s (79 µs/read; 0.76 M reads/minute).

=== Summary ===

Total reads processed:              28,902,594
Reads with adapters:                10,566,760 (36.6%)
Reads written (passing filters):    28,902,594 (100.0%)

Total basepairs processed: 4,335,389,100 bp
Quality-trimmed:               7,888,044 bp (0.2%)
Total written (filtered):  4,310,723,449 bp (99.4%)

=== Adapter 1 ===

Sequence: AGATCGGAAGAGC; Type: regular 3'; Length: 13; Trimmed: 10566760 times

No. of allowed errors:
1-9 bp: 0; 10-13 bp: 1

Bases preceding removed adapters:
  A: 36.8%
  C: 24.3%
  G: 16.7%
  T: 22.2%
  none/other: 0.0%

Overview of removed sequences
length	count	expect	max.err	error counts
1	8127736	7225648.5	0	8127736
2	1637265	1806412.1	0	1637265
3	534571	451603.0	0	534571
4	125675	112900.8	0	125675
5	28426	28225.2	0	28426
6	8122	7056.3	0	8122
7	4895	1764.1	0	4895
8	4690	441.0	0	4690
9	4236	110.3	0	3795 441
10	4618	27.6	1	3797 821
11	4337	6.9	1	3720 617
12	4033	1.7	1	3676 357
13	3379	0.4	1	3126 253
14	3493	0.4	1	3198 295
15	3312	0.4	1	3094 218
16	3181	0.4	1	2934 247
17	3126	0.4	1	2836 290
18	2840	0.4	1	2656 184
19	2461	0.4	1	2289 172
20	2594	0.4	1	2406 188
21	2469	0.4	1	2267 202
22	2332	0.4	1	2177 155
23	2310	0.4	1	2138 172
24	2222	0.4	1	2057 165
25	2014	0.4	1	1849 165
26	1887	0.4	1	1752 135
27	1921	0.4	1	1784 137
28	1730	0.4	1	1615 115
29	1693	0.4	1	1531 162
30	1573	0.4	1	1464 109
31	1458	0.4	1	1353 105
32	1454	0.4	1	1370 84
33	1468	0.4	1	1339 129
34	1327	0.4	1	1200 127
35	1271	0.4	1	1141 130
36	1109	0.4	1	1019 90
37	1102	0.4	1	1030 72
38	1073	0.4	1	980 93
39	1085	0.4	1	983 102
40	945	0.4	1	849 96
41	1063	0.4	1	952 111
42	1016	0.4	1	925 91
43	768	0.4	1	658 110
44	770	0.4	1	696 74
45	1139	0.4	1	1065 74
46	302	0.4	1	263 39
47	685	0.4	1	623 62
48	871	0.4	1	776 95
49	630	0.4	1	575 55
50	440	0.4	1	402 38
51	620	0.4	1	549 71
52	564	0.4	1	513 51
53	417	0.4	1	373 44
54	477	0.4	1	424 53
55	694	0.4	1	634 60
56	400	0.4	1	365 35
57	514	0.4	1	472 42
58	387	0.4	1	359 28
59	323	0.4	1	279 44
60	258	0.4	1	229 29
61	194	0.4	1	154 40
62	409	0.4	1	361 48
63	355	0.4	1	321 34
64	191	0.4	1	161 30
65	165	0.4	1	131 34
66	476	0.4	1	429 47
67	165	0.4	1	135 30
68	226	0.4	1	204 22
69	135	0.4	1	107 28
70	120	0.4	1	94 26
71	39	0.4	1	22 17
72	73	0.4	1	46 27
73	120	0.4	1	88 32
74	175	0.4	1	141 34
75	150	0.4	1	123 27
76	135	0.4	1	103 32
77	127	0.4	1	114 13
78	143	0.4	1	118 25
79	149	0.4	1	120 29
80	132	0.4	1	100 32
81	112	0.4	1	90 22
82	116	0.4	1	88 28
83	116	0.4	1	87 29
84	112	0.4	1	80 32
85	90	0.4	1	77 13
86	100	0.4	1	75 25
87	105	0.4	1	76 29
88	100	0.4	1	70 30
89	91	0.4	1	63 28
90	91	0.4	1	65 26
91	87	0.4	1	53 34
92	77	0.4	1	48 29
93	84	0.4	1	57 27
94	75	0.4	1	48 27
95	66	0.4	1	46 20
96	59	0.4	1	34 25
97	85	0.4	1	48 37
98	68	0.4	1	41 27
99	70	0.4	1	36 34
100	61	0.4	1	37 24
101	67	0.4	1	40 27
102	60	0.4	1	37 23
103	54	0.4	1	27 27
104	62	0.4	1	40 22
105	43	0.4	1	31 12
106	53	0.4	1	33 20
107	44	0.4	1	22 22
108	55	0.4	1	26 29
109	52	0.4	1	26 26
110	41	0.4	1	16 25
111	46	0.4	1	21 25
112	41	0.4	1	22 19
113	41	0.4	1	18 23
114	46	0.4	1	22 24
115	50	0.4	1	25 25
116	41	0.4	1	20 21
117	38	0.4	1	18 20
118	39	0.4	1	16 23
119	42	0.4	1	12 30
120	35	0.4	1	10 25
121	26	0.4	1	5 21
122	16	0.4	1	6 10
123	34	0.4	1	20 14
124	36	0.4	1	16 20
125	28	0.4	1	15 13
126	38	0.4	1	14 24
127	40	0.4	1	19 21
128	38	0.4	1	22 16
129	27	0.4	1	15 12
130	27	0.4	1	14 13
131	25	0.4	1	4 21
132	30	0.4	1	10 20
133	22	0.4	1	9 13
134	38	0.4	1	16 22
135	20	0.4	1	10 10
136	34	0.4	1	6 28
137	21	0.4	1	9 12
138	12	0.4	1	6 6
139	22	0.4	1	5 17
140	20	0.4	1	6 14
141	15	0.4	1	5 10
142	39	0.4	1	13 26
143	15	0.4	1	4 11
144	16	0.4	1	4 12
145	9	0.4	1	1 8
146	26	0.4	1	5 21
147	22	0.4	1	10 12
148	16	0.4	1	2 14
149	20	0.4	1	2 18
150	1863	0.4	1	4 1859

RUN STATISTICS FOR INPUT FILE: s094_R1_001.fastq.gz
=============================================
28902594 sequences processed in total

