
SUMMARISING RUN PARAMETERS
==========================
Input filename: s099_R2_001.fastq.gz
Trimming mode: paired-end
Trim Galore version: 0.6.10
Cutadapt version: 3.4
Number of cores used for trimming: 1
Quality Phred score cutoff: 20
Quality encoding type selected: ASCII+33
Using Illumina adapter for trimming (count: 4003). Second best hit was Nextera (count: 6)
Adapter sequence: 'AGATCGGAAGAGC' (Illumina TruSeq, Sanger iPCR; auto-detected)
Maximum trimming error rate: 0.1 (default)
Minimum required adapter overlap (stringency): 1 bp
Minimum required sequence length for both reads before a sequence pair gets removed: 20 bp
Running FastQC on the data once trimming has completed
Output file will be GZIP compressed


This is cutadapt 3.4 with Python 3.9.2
Command line parameters: -j 1 -e 0.1 -q 20 -O 1 -a AGATCGGAAGAGC s099_R2_001.fastq.gz
Processing reads on 1 core in single-end mode ...
Finished in 2081.83 s (81 µs/read; 0.74 M reads/minute).

=== Summary ===

Total reads processed:              25,819,395
Reads with adapters:                 8,914,357 (34.5%)
Reads written (passing filters):    25,819,395 (100.0%)

Total basepairs processed: 3,872,909,250 bp
Quality-trimmed:              18,274,078 bp (0.5%)
Total written (filtered):  3,836,687,160 bp (99.1%)

=== Adapter 1 ===

Sequence: AGATCGGAAGAGC; Type: regular 3'; Length: 13; Trimmed: 8914357 times

No. of allowed errors:
1-9 bp: 0; 10-13 bp: 1

Bases preceding removed adapters:
  A: 36.4%
  C: 23.4%
  G: 18.9%
  T: 21.4%
  none/other: 0.0%

Overview of removed sequences
length	count	expect	max.err	error counts
1	6672408	6454848.8	0	6672408
2	1516777	1613712.2	0	1516777
3	434987	403428.0	0	434987
4	90262	100857.0	0	90262
5	23178	25214.3	0	23178
6	9028	6303.6	0	9028
7	6066	1575.9	0	6066
8	5921	394.0	0	5921
9	4266	98.5	0	4011 255
10	5573	24.6	1	4520 1053
11	5095	6.2	1	4239 856
12	5306	1.5	1	4465 841
13	4366	0.4	1	3805 561
14	4725	0.4	1	4058 667
15	3793	0.4	1	3336 457
16	4081	0.4	1	3605 476
17	4790	0.4	1	4158 632
18	2668	0.4	1	2377 291
19	4787	0.4	1	4150 637
20	3155	0.4	1	2767 388
21	2646	0.4	1	2315 331
22	3132	0.4	1	2789 343
23	3083	0.4	1	2711 372
24	3952	0.4	1	3423 529
25	3198	0.4	1	2866 332
26	2149	0.4	1	1871 278
27	2043	0.4	1	1803 240
28	2713	0.4	1	2396 317
29	2168	0.4	1	1954 214
30	2566	0.4	1	2254 312
31	1909	0.4	1	1698 211
32	2505	0.4	1	2220 285
33	2076	0.4	1	1832 244
34	1690	0.4	1	1489 201
35	1889	0.4	1	1686 203
36	2508	0.4	1	2184 324
37	2129	0.4	1	1924 205
38	1510	0.4	1	1347 163
39	1428	0.4	1	1283 145
40	1425	0.4	1	1273 152
41	1356	0.4	1	1202 154
42	1453	0.4	1	1295 158
43	1303	0.4	1	1172 131
44	1422	0.4	1	1248 174
45	1419	0.4	1	1219 200
46	1288	0.4	1	1132 156
47	1214	0.4	1	1052 162
48	1069	0.4	1	919 150
49	1273	0.4	1	1123 150
50	972	0.4	1	850 122
51	1088	0.4	1	961 127
52	1018	0.4	1	868 150
53	1032	0.4	1	891 141
54	1152	0.4	1	993 159
55	814	0.4	1	701 113
56	976	0.4	1	828 148
57	1431	0.4	1	1211 220
58	759	0.4	1	623 136
59	683	0.4	1	593 90
60	1195	0.4	1	1026 169
61	692	0.4	1	578 114
62	632	0.4	1	538 94
63	1778	0.4	1	1546 232
64	734	0.4	1	622 112
65	446	0.4	1	351 95
66	555	0.4	1	473 82
67	830	0.4	1	734 96
68	689	0.4	1	597 92
69	667	0.4	1	582 85
70	827	0.4	1	710 117
71	679	0.4	1	617 62
72	557	0.4	1	487 70
73	854	0.4	1	774 80
74	564	0.4	1	499 65
75	471	0.4	1	413 58
76	263	0.4	1	218 45
77	379	0.4	1	318 61
78	450	0.4	1	393 57
79	492	0.4	1	419 73
80	528	0.4	1	456 72
81	542	0.4	1	476 66
82	517	0.4	1	433 84
83	492	0.4	1	417 75
84	494	0.4	1	427 67
85	459	0.4	1	403 56
86	475	0.4	1	386 89
87	473	0.4	1	407 66
88	472	0.4	1	397 75
89	428	0.4	1	366 62
90	471	0.4	1	398 73
91	475	0.4	1	402 73
92	468	0.4	1	397 71
93	434	0.4	1	388 46
94	471	0.4	1	407 64
95	436	0.4	1	370 66
96	441	0.4	1	396 45
97	428	0.4	1	365 63
98	430	0.4	1	356 74
99	425	0.4	1	372 53
100	457	0.4	1	402 55
101	446	0.4	1	393 53
102	395	0.4	1	338 57
103	395	0.4	1	332 63
104	376	0.4	1	330 46
105	330	0.4	1	280 50
106	342	0.4	1	301 41
107	379	0.4	1	339 40
108	340	0.4	1	295 45
109	340	0.4	1	304 36
110	335	0.4	1	290 45
111	317	0.4	1	280 37
112	313	0.4	1	282 31
113	303	0.4	1	269 34
114	298	0.4	1	266 32
115	311	0.4	1	273 38
116	280	0.4	1	253 27
117	268	0.4	1	239 29
118	242	0.4	1	203 39
119	275	0.4	1	242 33
120	251	0.4	1	225 26
121	218	0.4	1	196 22
122	240	0.4	1	210 30
123	235	0.4	1	204 31
124	279	0.4	1	248 31
125	210	0.4	1	194 16
126	257	0.4	1	227 30
127	216	0.4	1	194 22
128	220	0.4	1	204 16
129	194	0.4	1	180 14
130	187	0.4	1	168 19
131	134	0.4	1	125 9
132	165	0.4	1	156 9
133	159	0.4	1	147 12
134	146	0.4	1	133 13
135	149	0.4	1	139 10
136	160	0.4	1	143 17
137	114	0.4	1	104 10
138	121	0.4	1	116 5
139	123	0.4	1	108 15
140	123	0.4	1	109 14
141	104	0.4	1	90 14
142	82	0.4	1	78 4
143	74	0.4	1	66 8
144	110	0.4	1	95 15
145	92	0.4	1	80 12
146	142	0.4	1	127 15
147	85	0.4	1	71 14
148	81	0.4	1	63 18
149	51	0.4	1	41 10
150	107	0.4	1	79 28

RUN STATISTICS FOR INPUT FILE: s099_R2_001.fastq.gz
=============================================
25819395 sequences processed in total

Total number of sequences analysed for the sequence pair length validation: 25819395

Number of sequence pairs removed because at least one read was shorter than the length cutoff (20 bp): 26743 (0.10%)
