
SUMMARISING RUN PARAMETERS
==========================
Input filename: s106_R1_001.fastq.gz
Trimming mode: paired-end
Trim Galore version: 0.6.10
Cutadapt version: 3.4
Number of cores used for trimming: 1
Quality Phred score cutoff: 20
Quality encoding type selected: ASCII+33
Using Illumina adapter for trimming (count: 1916). Second best hit was Nextera (count: 9)
Adapter sequence: 'AGATCGGAAGAGC' (Illumina TruSeq, Sanger iPCR; auto-detected)
Maximum trimming error rate: 0.1 (default)
Minimum required adapter overlap (stringency): 1 bp
Minimum required sequence length for both reads before a sequence pair gets removed: 20 bp
Running FastQC on the data once trimming has completed
Output file will be GZIP compressed


This is cutadapt 3.4 with Python 3.9.2
Command line parameters: -j 1 -e 0.1 -q 20 -O 1 -a AGATCGGAAGAGC s106_R1_001.fastq.gz
Processing reads on 1 core in single-end mode ...
Finished in 2241.89 s (80 µs/read; 0.75 M reads/minute).

=== Summary ===

Total reads processed:              28,068,398
Reads with adapters:                 9,975,817 (35.5%)
Reads written (passing filters):    28,068,398 (100.0%)

Total basepairs processed: 4,210,259,700 bp
Quality-trimmed:               8,086,472 bp (0.2%)
Total written (filtered):  4,186,482,892 bp (99.4%)

=== Adapter 1 ===

Sequence: AGATCGGAAGAGC; Type: regular 3'; Length: 13; Trimmed: 9975817 times

No. of allowed errors:
1-9 bp: 0; 10-13 bp: 1

Bases preceding removed adapters:
  A: 35.5%
  C: 25.8%
  G: 17.8%
  T: 20.8%
  none/other: 0.0%

Overview of removed sequences
length	count	expect	max.err	error counts
1	7566160	7017099.5	0	7566160
2	1661798	1754274.9	0	1661798
3	516219	438568.7	0	516219
4	114248	109642.2	0	114248
5	26408	27410.5	0	26408
6	7051	6852.6	0	7051
7	3827	1713.2	0	3827
8	3472	428.3	0	3472
9	3340	107.1	0	2845 495
10	3549	26.8	1	2665 884
11	3304	6.7	1	2692 612
12	2949	1.7	1	2596 353
13	2543	0.4	1	2339 204
14	2668	0.4	1	2399 269
15	2456	0.4	1	2255 201
16	2437	0.4	1	2194 243
17	2535	0.4	1	2269 266
18	2214	0.4	1	2049 165
19	1936	0.4	1	1799 137
20	1994	0.4	1	1814 180
21	1951	0.4	1	1755 196
22	1860	0.4	1	1712 148
23	1828	0.4	1	1658 170
24	1779	0.4	1	1572 207
25	1567	0.4	1	1438 129
26	1504	0.4	1	1352 152
27	1469	0.4	1	1321 148
28	1470	0.4	1	1322 148
29	1353	0.4	1	1215 138
30	1290	0.4	1	1178 112
31	1151	0.4	1	1040 111
32	1050	0.4	1	946 104
33	1108	0.4	1	1004 104
34	1077	0.4	1	968 109
35	1060	0.4	1	954 106
36	1045	0.4	1	911 134
37	950	0.4	1	844 106
38	858	0.4	1	787 71
39	832	0.4	1	724 108
40	806	0.4	1	698 108
41	767	0.4	1	665 102
42	795	0.4	1	675 120
43	776	0.4	1	673 103
44	597	0.4	1	507 90
45	873	0.4	1	780 93
46	273	0.4	1	215 58
47	542	0.4	1	459 83
48	656	0.4	1	557 99
49	432	0.4	1	349 83
50	339	0.4	1	296 43
51	522	0.4	1	447 75
52	434	0.4	1	362 72
53	306	0.4	1	255 51
54	399	0.4	1	329 70
55	520	0.4	1	446 74
56	310	0.4	1	244 66
57	405	0.4	1	350 55
58	299	0.4	1	250 49
59	295	0.4	1	239 56
60	221	0.4	1	169 52
61	166	0.4	1	131 35
62	351	0.4	1	295 56
63	273	0.4	1	220 53
64	147	0.4	1	110 37
65	144	0.4	1	101 43
66	374	0.4	1	307 67
67	160	0.4	1	109 51
68	214	0.4	1	158 56
69	105	0.4	1	69 36
70	71	0.4	1	47 24
71	54	0.4	1	17 37
72	76	0.4	1	36 40
73	118	0.4	1	77 41
74	114	0.4	1	77 37
75	146	0.4	1	103 43
76	148	0.4	1	103 45
77	96	0.4	1	65 31
78	138	0.4	1	88 50
79	122	0.4	1	94 28
80	129	0.4	1	84 45
81	139	0.4	1	87 52
82	117	0.4	1	73 44
83	125	0.4	1	76 49
84	119	0.4	1	78 41
85	123	0.4	1	77 46
86	115	0.4	1	68 47
87	103	0.4	1	62 41
88	130	0.4	1	83 47
89	104	0.4	1	67 37
90	89	0.4	1	56 33
91	97	0.4	1	51 46
92	106	0.4	1	66 40
93	82	0.4	1	50 32
94	119	0.4	1	53 66
95	90	0.4	1	48 42
96	110	0.4	1	62 48
97	91	0.4	1	55 36
98	75	0.4	1	40 35
99	83	0.4	1	56 27
100	90	0.4	1	50 40
101	86	0.4	1	45 41
102	70	0.4	1	31 39
103	72	0.4	1	44 28
104	77	0.4	1	37 40
105	76	0.4	1	39 37
106	68	0.4	1	37 31
107	66	0.4	1	25 41
108	61	0.4	1	31 30
109	57	0.4	1	27 30
110	60	0.4	1	28 32
111	65	0.4	1	34 31
112	71	0.4	1	28 43
113	55	0.4	1	25 30
114	60	0.4	1	26 34
115	49	0.4	1	27 22
116	55	0.4	1	28 27
117	70	0.4	1	33 37
118	49	0.4	1	19 30
119	37	0.4	1	16 21
120	53	0.4	1	21 32
121	46	0.4	1	14 32
122	56	0.4	1	22 34
123	31	0.4	1	12 19
124	37	0.4	1	10 27
125	33	0.4	1	13 20
126	38	0.4	1	13 25
127	29	0.4	1	13 16
128	43	0.4	1	24 19
129	32	0.4	1	9 23
130	34	0.4	1	13 21
131	24	0.4	1	8 16
132	36	0.4	1	3 33
133	22	0.4	1	5 17
134	30	0.4	1	9 21
135	35	0.4	1	7 28
136	14	0.4	1	6 8
137	21	0.4	1	3 18
138	20	0.4	1	4 16
139	28	0.4	1	4 24
140	19	0.4	1	4 15
141	25	0.4	1	8 17
142	21	0.4	1	3 18
143	18	0.4	1	4 14
144	11	0.4	1	4 7
145	18	0.4	1	4 14
146	21	0.4	1	5 16
147	29	0.4	1	5 24
148	17	0.4	1	2 15
149	38	0.4	1	1 37
150	1604	0.4	1	6 1598

RUN STATISTICS FOR INPUT FILE: s106_R1_001.fastq.gz
=============================================
28068398 sequences processed in total

