
SUMMARISING RUN PARAMETERS
==========================
Input filename: s107_R1_001.fastq.gz
Trimming mode: paired-end
Trim Galore version: 0.6.10
Cutadapt version: 3.4
Number of cores used for trimming: 1
Quality Phred score cutoff: 20
Quality encoding type selected: ASCII+33
Using Illumina adapter for trimming (count: 4337). Second best hit was Nextera (count: 11)
Adapter sequence: 'AGATCGGAAGAGC' (Illumina TruSeq, Sanger iPCR; auto-detected)
Maximum trimming error rate: 0.1 (default)
Minimum required adapter overlap (stringency): 1 bp
Minimum required sequence length for both reads before a sequence pair gets removed: 20 bp
Running FastQC on the data once trimming has completed
Output file will be GZIP compressed


This is cutadapt 3.4 with Python 3.9.2
Command line parameters: -j 1 -e 0.1 -q 20 -O 1 -a AGATCGGAAGAGC s107_R1_001.fastq.gz
Processing reads on 1 core in single-end mode ...
Finished in 2113.05 s (79 µs/read; 0.76 M reads/minute).

=== Summary ===

Total reads processed:              26,637,253
Reads with adapters:                 9,517,338 (35.7%)
Reads written (passing filters):    26,637,253 (100.0%)

Total basepairs processed: 3,995,587,950 bp
Quality-trimmed:               8,018,514 bp (0.2%)
Total written (filtered):  3,970,472,049 bp (99.4%)

=== Adapter 1 ===

Sequence: AGATCGGAAGAGC; Type: regular 3'; Length: 13; Trimmed: 9517338 times

No. of allowed errors:
1-9 bp: 0; 10-13 bp: 1

Bases preceding removed adapters:
  A: 35.5%
  C: 25.5%
  G: 17.9%
  T: 21.0%
  none/other: 0.0%

Overview of removed sequences
length	count	expect	max.err	error counts
1	7146000	6659313.2	0	7146000
2	1555239	1664828.3	0	1555239
3	486546	416207.1	0	486546
4	113708	104051.8	0	113708
5	29996	26012.9	0	29996
6	11400	6503.2	0	11400
7	8209	1625.8	0	8209
8	8094	406.5	0	8094
9	7123	101.6	0	6651 472
10	7430	25.4	1	6379 1051
11	7180	6.4	1	6291 889
12	6903	1.6	1	6342 561
13	5900	0.4	1	5515 385
14	6031	0.4	1	5568 463
15	5838	0.4	1	5420 418
16	5548	0.4	1	5094 454
17	5519	0.4	1	5085 434
18	5073	0.4	1	4708 365
19	4545	0.4	1	4286 259
20	4714	0.4	1	4397 317
21	4460	0.4	1	4164 296
22	4116	0.4	1	3840 276
23	4122	0.4	1	3816 306
24	3837	0.4	1	3555 282
25	3641	0.4	1	3364 277
26	3555	0.4	1	3342 213
27	3413	0.4	1	3174 239
28	3031	0.4	1	2822 209
29	3121	0.4	1	2882 239
30	2672	0.4	1	2507 165
31	2539	0.4	1	2413 126
32	2500	0.4	1	2341 159
33	2400	0.4	1	2204 196
34	2358	0.4	1	2193 165
35	2179	0.4	1	2055 124
36	2071	0.4	1	1910 161
37	2045	0.4	1	1887 158
38	1710	0.4	1	1600 110
39	1706	0.4	1	1563 143
40	1653	0.4	1	1518 135
41	1552	0.4	1	1452 100
42	1532	0.4	1	1414 118
43	1456	0.4	1	1328 128
44	1152	0.4	1	1062 90
45	1828	0.4	1	1714 114
46	512	0.4	1	439 73
47	963	0.4	1	886 77
48	1376	0.4	1	1284 92
49	770	0.4	1	697 73
50	758	0.4	1	678 80
51	1007	0.4	1	931 76
52	769	0.4	1	710 59
53	569	0.4	1	509 60
54	767	0.4	1	696 71
55	908	0.4	1	844 64
56	598	0.4	1	540 58
57	712	0.4	1	661 51
58	518	0.4	1	465 53
59	486	0.4	1	443 43
60	351	0.4	1	299 52
61	249	0.4	1	209 40
62	540	0.4	1	506 34
63	497	0.4	1	445 52
64	249	0.4	1	200 49
65	229	0.4	1	188 41
66	629	0.4	1	585 44
67	223	0.4	1	193 30
68	343	0.4	1	308 35
69	167	0.4	1	128 39
70	115	0.4	1	91 24
71	43	0.4	1	23 20
72	103	0.4	1	70 33
73	117	0.4	1	89 28
74	184	0.4	1	138 46
75	168	0.4	1	141 27
76	188	0.4	1	156 32
77	167	0.4	1	129 38
78	168	0.4	1	141 27
79	155	0.4	1	122 33
80	139	0.4	1	108 31
81	158	0.4	1	115 43
82	116	0.4	1	79 37
83	100	0.4	1	71 29
84	143	0.4	1	97 46
85	146	0.4	1	103 43
86	104	0.4	1	75 29
87	126	0.4	1	98 28
88	99	0.4	1	61 38
89	104	0.4	1	78 26
90	98	0.4	1	64 34
91	85	0.4	1	60 25
92	101	0.4	1	64 37
93	93	0.4	1	60 33
94	77	0.4	1	40 37
95	79	0.4	1	56 23
96	77	0.4	1	49 28
97	81	0.4	1	40 41
98	61	0.4	1	38 23
99	73	0.4	1	38 35
100	73	0.4	1	36 37
101	68	0.4	1	40 28
102	66	0.4	1	37 29
103	54	0.4	1	31 23
104	48	0.4	1	31 17
105	52	0.4	1	23 29
106	66	0.4	1	34 32
107	54	0.4	1	23 31
108	51	0.4	1	21 30
109	58	0.4	1	32 26
110	54	0.4	1	26 28
111	56	0.4	1	35 21
112	62	0.4	1	31 31
113	53	0.4	1	23 30
114	44	0.4	1	18 26
115	49	0.4	1	22 27
116	35	0.4	1	16 19
117	47	0.4	1	30 17
118	49	0.4	1	25 24
119	48	0.4	1	18 30
120	36	0.4	1	13 23
121	33	0.4	1	14 19
122	30	0.4	1	12 18
123	22	0.4	1	7 15
124	41	0.4	1	20 21
125	25	0.4	1	14 11
126	28	0.4	1	9 19
127	35	0.4	1	6 29
128	28	0.4	1	10 18
129	24	0.4	1	8 16
130	26	0.4	1	10 16
131	18	0.4	1	6 12
132	41	0.4	1	13 28
133	19	0.4	1	3 16
134	28	0.4	1	7 21
135	25	0.4	1	11 14
136	21	0.4	1	9 12
137	28	0.4	1	7 21
138	22	0.4	1	4 18
139	26	0.4	1	4 22
140	21	0.4	1	3 18
141	28	0.4	1	13 15
142	13	0.4	1	5 8
143	23	0.4	1	5 18
144	24	0.4	1	2 22
145	25	0.4	1	2 23
146	22	0.4	1	3 19
147	11	0.4	1	2 9
148	22	0.4	1	5 17
149	37	0.4	1	2 35
150	2166	0.4	1	4 2162

RUN STATISTICS FOR INPUT FILE: s107_R1_001.fastq.gz
=============================================
26637253 sequences processed in total

