
SUMMARISING RUN PARAMETERS
==========================
Input filename: s108_R1_001.fastq.gz
Trimming mode: paired-end
Trim Galore version: 0.6.10
Cutadapt version: 3.4
Number of cores used for trimming: 1
Quality Phred score cutoff: 20
Quality encoding type selected: ASCII+33
Using Illumina adapter for trimming (count: 2002). Second best hit was Nextera (count: 14)
Adapter sequence: 'AGATCGGAAGAGC' (Illumina TruSeq, Sanger iPCR; auto-detected)
Maximum trimming error rate: 0.1 (default)
Minimum required adapter overlap (stringency): 1 bp
Minimum required sequence length for both reads before a sequence pair gets removed: 20 bp
Running FastQC on the data once trimming has completed
Output file will be GZIP compressed


This is cutadapt 3.4 with Python 3.9.2
Command line parameters: -j 1 -e 0.1 -q 20 -O 1 -a AGATCGGAAGAGC s108_R1_001.fastq.gz
Processing reads on 1 core in single-end mode ...
Finished in 1924.30 s (79 µs/read; 0.76 M reads/minute).

=== Summary ===

Total reads processed:              24,339,542
Reads with adapters:                 8,921,903 (36.7%)
Reads written (passing filters):    24,339,542 (100.0%)

Total basepairs processed: 3,650,931,300 bp
Quality-trimmed:               7,647,561 bp (0.2%)
Total written (filtered):  3,629,576,308 bp (99.4%)

=== Adapter 1 ===

Sequence: AGATCGGAAGAGC; Type: regular 3'; Length: 13; Trimmed: 8921903 times

No. of allowed errors:
1-9 bp: 0; 10-13 bp: 1

Bases preceding removed adapters:
  A: 37.0%
  C: 24.1%
  G: 16.6%
  T: 22.3%
  none/other: 0.0%

Overview of removed sequences
length	count	expect	max.err	error counts
1	6866265	6084885.5	0	6866265
2	1392686	1521221.4	0	1392686
3	452169	380305.3	0	452169
4	103491	95076.3	0	103491
5	22914	23769.1	0	22914
6	6729	5942.3	0	6729
7	3908	1485.6	0	3908
8	3690	371.4	0	3690
9	3494	92.8	0	3115 379
10	3658	23.2	1	2960 698
11	3309	5.8	1	2839 470
12	3036	1.5	1	2776 260
13	2596	0.4	1	2411 185
14	2666	0.4	1	2467 199
15	2508	0.4	1	2348 160
16	2524	0.4	1	2302 222
17	2516	0.4	1	2294 222
18	2143	0.4	1	2019 124
19	1937	0.4	1	1779 158
20	2038	0.4	1	1878 160
21	2030	0.4	1	1886 144
22	1741	0.4	1	1639 102
23	1827	0.4	1	1688 139
24	1729	0.4	1	1558 171
25	1512	0.4	1	1401 111
26	1463	0.4	1	1352 111
27	1465	0.4	1	1365 100
28	1280	0.4	1	1200 80
29	1411	0.4	1	1277 134
30	1120	0.4	1	1047 73
31	1144	0.4	1	1060 84
32	1083	0.4	1	1021 62
33	1021	0.4	1	930 91
34	993	0.4	1	913 80
35	877	0.4	1	824 53
36	817	0.4	1	774 43
37	749	0.4	1	695 54
38	762	0.4	1	704 58
39	777	0.4	1	712 65
40	705	0.4	1	639 66
41	646	0.4	1	585 61
42	749	0.4	1	694 55
43	535	0.4	1	473 62
44	567	0.4	1	507 60
45	825	0.4	1	753 72
46	261	0.4	1	214 47
47	451	0.4	1	391 60
48	1826	0.4	1	1744 82
49	537	0.4	1	477 60
50	83	0.4	1	63 20
51	530	0.4	1	488 42
52	350	0.4	1	309 41
53	79	0.4	1	55 24
54	192	0.4	1	166 26
55	322	0.4	1	297 25
56	117	0.4	1	100 17
57	65	0.4	1	43 22
58	61	0.4	1	38 23
59	123	0.4	1	97 26
60	37	0.4	1	16 21
61	39	0.4	1	27 12
62	174	0.4	1	148 26
63	80	0.4	1	46 34
64	58	0.4	1	32 26
65	65	0.4	1	37 28
66	143	0.4	1	117 26
67	30	0.4	1	8 22
68	32	0.4	1	24 8
69	42	0.4	1	29 13
70	44	0.4	1	27 17
71	29	0.4	1	7 22
72	25	0.4	1	12 13
73	39	0.4	1	17 22
74	54	0.4	1	36 18
75	53	0.4	1	40 13
76	76	0.4	1	58 18
77	70	0.4	1	46 24
78	62	0.4	1	44 18
79	69	0.4	1	46 23
80	66	0.4	1	44 22
81	52	0.4	1	30 22
82	54	0.4	1	34 20
83	64	0.4	1	45 19
84	58	0.4	1	34 24
85	36	0.4	1	25 11
86	48	0.4	1	24 24
87	57	0.4	1	34 23
88	34	0.4	1	22 12
89	42	0.4	1	21 21
90	52	0.4	1	28 24
91	51	0.4	1	24 27
92	45	0.4	1	28 17
93	43	0.4	1	21 22
94	42	0.4	1	20 22
95	42	0.4	1	19 23
96	55	0.4	1	33 22
97	36	0.4	1	19 17
98	26	0.4	1	11 15
99	37	0.4	1	23 14
100	35	0.4	1	21 14
101	47	0.4	1	14 33
102	41	0.4	1	21 20
103	45	0.4	1	20 25
104	19	0.4	1	11 8
105	40	0.4	1	18 22
106	33	0.4	1	18 15
107	31	0.4	1	20 11
108	23	0.4	1	9 14
109	30	0.4	1	14 16
110	27	0.4	1	8 19
111	22	0.4	1	8 14
112	24	0.4	1	12 12
113	47	0.4	1	16 31
114	29	0.4	1	11 18
115	26	0.4	1	13 13
116	23	0.4	1	15 8
117	31	0.4	1	12 19
118	24	0.4	1	10 14
119	20	0.4	1	4 16
120	16	0.4	1	6 10
121	21	0.4	1	9 12
122	13	0.4	1	3 10
123	23	0.4	1	5 18
124	19	0.4	1	6 13
125	16	0.4	1	5 11
126	33	0.4	1	11 22
127	18	0.4	1	7 11
128	27	0.4	1	3 24
129	26	0.4	1	8 18
130	16	0.4	1	6 10
131	16	0.4	1	2 14
132	26	0.4	1	8 18
133	15	0.4	1	5 10
134	19	0.4	1	5 14
135	13	0.4	1	3 10
136	28	0.4	1	6 22
137	13	0.4	1	0 13
138	21	0.4	1	4 17
139	19	0.4	1	2 17
140	14	0.4	1	6 8
141	17	0.4	1	6 11
142	20	0.4	1	3 17
143	26	0.4	1	5 21
144	21	0.4	1	7 14
145	14	0.4	1	3 11
146	19	0.4	1	3 16
147	21	0.4	1	6 15
148	17	0.4	1	3 14
149	22	0.4	1	0 22
150	1434	0.4	1	4 1430

RUN STATISTICS FOR INPUT FILE: s108_R1_001.fastq.gz
=============================================
24339542 sequences processed in total

