
SUMMARISING RUN PARAMETERS
==========================
Input filename: s109_R1_001.fastq.gz
Trimming mode: paired-end
Trim Galore version: 0.6.10
Cutadapt version: 3.4
Number of cores used for trimming: 1
Quality Phred score cutoff: 20
Quality encoding type selected: ASCII+33
Using Illumina adapter for trimming (count: 1941). Second best hit was smallRNA (count: 5)
Adapter sequence: 'AGATCGGAAGAGC' (Illumina TruSeq, Sanger iPCR; auto-detected)
Maximum trimming error rate: 0.1 (default)
Minimum required adapter overlap (stringency): 1 bp
Minimum required sequence length for both reads before a sequence pair gets removed: 20 bp
Running FastQC on the data once trimming has completed
Output file will be GZIP compressed


This is cutadapt 3.4 with Python 3.9.2
Command line parameters: -j 1 -e 0.1 -q 20 -O 1 -a AGATCGGAAGAGC s109_R1_001.fastq.gz
Processing reads on 1 core in single-end mode ...
Finished in 1943.03 s (80 µs/read; 0.75 M reads/minute).

=== Summary ===

Total reads processed:              24,392,690
Reads with adapters:                 8,901,508 (36.5%)
Reads written (passing filters):    24,392,690 (100.0%)

Total basepairs processed: 3,658,903,500 bp
Quality-trimmed:               7,264,064 bp (0.2%)
Total written (filtered):  3,637,961,541 bp (99.4%)

=== Adapter 1 ===

Sequence: AGATCGGAAGAGC; Type: regular 3'; Length: 13; Trimmed: 8901508 times

No. of allowed errors:
1-9 bp: 0; 10-13 bp: 1

Bases preceding removed adapters:
  A: 36.9%
  C: 24.2%
  G: 16.7%
  T: 22.2%
  none/other: 0.0%

Overview of removed sequences
length	count	expect	max.err	error counts
1	6861656	6098172.5	0	6861656
2	1384821	1524543.1	0	1384821
3	447693	381135.8	0	447693
4	104010	95283.9	0	104010
5	23391	23821.0	0	23391
6	6402	5955.2	0	6402
7	3456	1488.8	0	3456
8	3227	372.2	0	3227
9	3165	93.1	0	2810 355
10	3237	23.3	1	2548 689
11	3080	5.8	1	2664 416
12	2880	1.5	1	2620 260
13	2409	0.4	1	2238 171
14	2418	0.4	1	2206 212
15	2316	0.4	1	2148 168
16	2289	0.4	1	2081 208
17	2284	0.4	1	2084 200
18	1950	0.4	1	1805 145
19	1908	0.4	1	1788 120
20	1903	0.4	1	1764 139
21	1728	0.4	1	1589 139
22	1635	0.4	1	1526 109
23	1621	0.4	1	1508 113
24	1545	0.4	1	1411 134
25	1418	0.4	1	1314 104
26	1445	0.4	1	1322 123
27	1365	0.4	1	1264 101
28	1221	0.4	1	1102 119
29	1225	0.4	1	1111 114
30	1149	0.4	1	1077 72
31	1047	0.4	1	973 74
32	1005	0.4	1	923 82
33	935	0.4	1	860 75
34	1039	0.4	1	945 94
35	862	0.4	1	808 54
36	790	0.4	1	729 61
37	790	0.4	1	739 51
38	777	0.4	1	712 65
39	726	0.4	1	655 71
40	714	0.4	1	640 74
41	642	0.4	1	587 55
42	725	0.4	1	667 58
43	570	0.4	1	491 79
44	558	0.4	1	496 62
45	919	0.4	1	841 78
46	271	0.4	1	224 47
47	500	0.4	1	435 65
48	1952	0.4	1	1858 94
49	628	0.4	1	577 51
50	89	0.4	1	53 36
51	460	0.4	1	424 36
52	326	0.4	1	298 28
53	85	0.4	1	56 29
54	213	0.4	1	178 35
55	324	0.4	1	287 37
56	126	0.4	1	93 33
57	83	0.4	1	62 21
58	71	0.4	1	52 19
59	119	0.4	1	91 28
60	53	0.4	1	28 25
61	37	0.4	1	27 10
62	175	0.4	1	152 23
63	66	0.4	1	43 23
64	54	0.4	1	29 25
65	71	0.4	1	47 24
66	170	0.4	1	149 21
67	24	0.4	1	15 9
68	42	0.4	1	23 19
69	40	0.4	1	15 25
70	38	0.4	1	20 18
71	22	0.4	1	6 16
72	39	0.4	1	16 23
73	38	0.4	1	24 14
74	73	0.4	1	52 21
75	70	0.4	1	50 20
76	53	0.4	1	42 11
77	71	0.4	1	51 20
78	73	0.4	1	60 13
79	71	0.4	1	52 19
80	62	0.4	1	47 15
81	75	0.4	1	53 22
82	58	0.4	1	37 21
83	62	0.4	1	48 14
84	53	0.4	1	36 17
85	69	0.4	1	48 21
86	67	0.4	1	37 30
87	48	0.4	1	30 18
88	67	0.4	1	41 26
89	48	0.4	1	28 20
90	58	0.4	1	29 29
91	65	0.4	1	35 30
92	44	0.4	1	29 15
93	31	0.4	1	25 6
94	40	0.4	1	21 19
95	38	0.4	1	21 17
96	48	0.4	1	27 21
97	41	0.4	1	16 25
98	44	0.4	1	26 18
99	42	0.4	1	17 25
100	33	0.4	1	22 11
101	31	0.4	1	10 21
102	47	0.4	1	22 25
103	47	0.4	1	24 23
104	35	0.4	1	14 21
105	30	0.4	1	13 17
106	28	0.4	1	16 12
107	34	0.4	1	14 20
108	30	0.4	1	15 15
109	26	0.4	1	12 14
110	41	0.4	1	17 24
111	31	0.4	1	16 15
112	23	0.4	1	13 10
113	27	0.4	1	9 18
114	30	0.4	1	18 12
115	41	0.4	1	17 24
116	24	0.4	1	9 15
117	24	0.4	1	15 9
118	27	0.4	1	8 19
119	26	0.4	1	12 14
120	31	0.4	1	11 20
121	37	0.4	1	16 21
122	26	0.4	1	10 16
123	22	0.4	1	5 17
124	19	0.4	1	4 15
125	13	0.4	1	8 5
126	9	0.4	1	3 6
127	13	0.4	1	2 11
128	18	0.4	1	8 10
129	17	0.4	1	6 11
130	15	0.4	1	6 9
131	31	0.4	1	7 24
132	19	0.4	1	13 6
133	17	0.4	1	4 13
134	19	0.4	1	9 10
135	13	0.4	1	0 13
136	19	0.4	1	4 15
137	7	0.4	1	3 4
138	19	0.4	1	8 11
139	15	0.4	1	6 9
140	19	0.4	1	4 15
141	22	0.4	1	9 13
142	13	0.4	1	3 10
143	17	0.4	1	2 15
144	14	0.4	1	2 12
145	14	0.4	1	3 11
146	14	0.4	1	5 9
147	22	0.4	1	10 12
148	7	0.4	1	0 7
149	24	0.4	1	2 22
150	1795	0.4	1	2 1793

RUN STATISTICS FOR INPUT FILE: s109_R1_001.fastq.gz
=============================================
24392690 sequences processed in total

