
SUMMARISING RUN PARAMETERS
==========================
Input filename: s110_R1_001.fastq.gz
Trimming mode: paired-end
Trim Galore version: 0.6.10
Cutadapt version: 3.4
Number of cores used for trimming: 1
Quality Phred score cutoff: 20
Quality encoding type selected: ASCII+33
Using Illumina adapter for trimming (count: 3198). Second best hit was smallRNA (count: 13)
Adapter sequence: 'AGATCGGAAGAGC' (Illumina TruSeq, Sanger iPCR; auto-detected)
Maximum trimming error rate: 0.1 (default)
Minimum required adapter overlap (stringency): 1 bp
Minimum required sequence length for both reads before a sequence pair gets removed: 20 bp
Running FastQC on the data once trimming has completed
Output file will be GZIP compressed


This is cutadapt 3.4 with Python 3.9.2
Command line parameters: -j 1 -e 0.1 -q 20 -O 1 -a AGATCGGAAGAGC s110_R1_001.fastq.gz
Processing reads on 1 core in single-end mode ...
Finished in 2026.41 s (78 µs/read; 0.76 M reads/minute).

=== Summary ===

Total reads processed:              25,816,830
Reads with adapters:                 9,325,565 (36.1%)
Reads written (passing filters):    25,816,830 (100.0%)

Total basepairs processed: 3,872,524,500 bp
Quality-trimmed:               7,399,513 bp (0.2%)
Total written (filtered):  3,849,605,826 bp (99.4%)

=== Adapter 1 ===

Sequence: AGATCGGAAGAGC; Type: regular 3'; Length: 13; Trimmed: 9325565 times

No. of allowed errors:
1-9 bp: 0; 10-13 bp: 1

Bases preceding removed adapters:
  A: 36.2%
  C: 25.1%
  G: 17.4%
  T: 21.3%
  none/other: 0.0%

Overview of removed sequences
length	count	expect	max.err	error counts
1	7076320	6454207.5	0	7076320
2	1499325	1613551.9	0	1499325
3	475549	403388.0	0	475549
4	110322	100847.0	0	110322
5	27748	25211.7	0	27748
6	9493	6302.9	0	9493
7	6464	1575.7	0	6464
8	6294	393.9	0	6294
9	5656	98.5	0	5247 409
10	5713	24.6	1	4830 883
11	5561	6.2	1	4864 697
12	5072	1.5	1	4637 435
13	4378	0.4	1	4064 314
14	4704	0.4	1	4346 358
15	4182	0.4	1	3899 283
16	4077	0.4	1	3750 327
17	4092	0.4	1	3741 351
18	3673	0.4	1	3428 245
19	3256	0.4	1	3039 217
20	3222	0.4	1	2979 243
21	3267	0.4	1	3040 227
22	3000	0.4	1	2785 215
23	2956	0.4	1	2748 208
24	2691	0.4	1	2488 203
25	2524	0.4	1	2350 174
26	2422	0.4	1	2262 160
27	2358	0.4	1	2211 147
28	2159	0.4	1	2007 152
29	2033	0.4	1	1853 180
30	1914	0.4	1	1796 118
31	1829	0.4	1	1718 111
32	1728	0.4	1	1607 121
33	1677	0.4	1	1561 116
34	1587	0.4	1	1473 114
35	1447	0.4	1	1374 73
36	1413	0.4	1	1273 140
37	1329	0.4	1	1234 95
38	1216	0.4	1	1137 79
39	1171	0.4	1	1051 120
40	1143	0.4	1	1040 103
41	1069	0.4	1	966 103
42	1009	0.4	1	920 89
43	952	0.4	1	857 95
44	737	0.4	1	671 66
45	1261	0.4	1	1173 88
46	299	0.4	1	254 45
47	649	0.4	1	591 58
48	868	0.4	1	804 64
49	579	0.4	1	531 48
50	494	0.4	1	446 48
51	609	0.4	1	538 71
52	544	0.4	1	491 53
53	417	0.4	1	380 37
54	536	0.4	1	477 59
55	611	0.4	1	573 38
56	414	0.4	1	361 53
57	474	0.4	1	434 40
58	357	0.4	1	322 35
59	347	0.4	1	306 41
60	256	0.4	1	213 43
61	175	0.4	1	136 39
62	402	0.4	1	363 39
63	321	0.4	1	284 37
64	192	0.4	1	146 46
65	190	0.4	1	156 34
66	432	0.4	1	388 44
67	165	0.4	1	139 26
68	244	0.4	1	209 35
69	107	0.4	1	84 23
70	94	0.4	1	77 17
71	47	0.4	1	24 23
72	61	0.4	1	35 26
73	87	0.4	1	66 21
74	118	0.4	1	85 33
75	121	0.4	1	88 33
76	128	0.4	1	107 21
77	128	0.4	1	101 27
78	136	0.4	1	106 30
79	135	0.4	1	95 40
80	119	0.4	1	93 26
81	95	0.4	1	68 27
82	95	0.4	1	64 31
83	116	0.4	1	80 36
84	124	0.4	1	75 49
85	102	0.4	1	77 25
86	100	0.4	1	62 38
87	114	0.4	1	71 43
88	87	0.4	1	61 26
89	88	0.4	1	48 40
90	80	0.4	1	59 21
91	70	0.4	1	39 31
92	88	0.4	1	46 42
93	69	0.4	1	47 22
94	79	0.4	1	56 23
95	66	0.4	1	38 28
96	64	0.4	1	33 31
97	68	0.4	1	33 35
98	64	0.4	1	33 31
99	64	0.4	1	39 25
100	58	0.4	1	34 24
101	66	0.4	1	29 37
102	62	0.4	1	31 31
103	57	0.4	1	30 27
104	51	0.4	1	27 24
105	40	0.4	1	26 14
106	51	0.4	1	28 23
107	43	0.4	1	20 23
108	39	0.4	1	20 19
109	43	0.4	1	13 30
110	28	0.4	1	11 17
111	48	0.4	1	13 35
112	38	0.4	1	22 16
113	27	0.4	1	14 13
114	46	0.4	1	17 29
115	31	0.4	1	14 17
116	40	0.4	1	16 24
117	29	0.4	1	11 18
118	34	0.4	1	8 26
119	46	0.4	1	16 30
120	30	0.4	1	8 22
121	31	0.4	1	7 24
122	34	0.4	1	11 23
123	24	0.4	1	10 14
124	19	0.4	1	10 9
125	34	0.4	1	8 26
126	33	0.4	1	9 24
127	24	0.4	1	7 17
128	24	0.4	1	9 15
129	25	0.4	1	9 16
130	23	0.4	1	5 18
131	22	0.4	1	2 20
132	15	0.4	1	7 8
133	23	0.4	1	9 14
134	21	0.4	1	3 18
135	12	0.4	1	3 9
136	28	0.4	1	7 21
137	14	0.4	1	1 13
138	21	0.4	1	4 17
139	13	0.4	1	3 10
140	21	0.4	1	10 11
141	29	0.4	1	9 20
142	26	0.4	1	3 23
143	15	0.4	1	3 12
144	22	0.4	1	5 17
145	20	0.4	1	1 19
146	21	0.4	1	0 21
147	18	0.4	1	2 16
148	20	0.4	1	2 18
149	28	0.4	1	0 28
150	1516	0.4	1	0 1516

RUN STATISTICS FOR INPUT FILE: s110_R1_001.fastq.gz
=============================================
25816830 sequences processed in total

