
SUMMARISING RUN PARAMETERS
==========================
Input filename: s126_R1_001.fastq.gz
Trimming mode: paired-end
Trim Galore version: 0.6.10
Cutadapt version: 3.4
Number of cores used for trimming: 1
Quality Phred score cutoff: 20
Quality encoding type selected: ASCII+33
Using Illumina adapter for trimming (count: 2623). Second best hit was Nextera (count: 10)
Adapter sequence: 'AGATCGGAAGAGC' (Illumina TruSeq, Sanger iPCR; auto-detected)
Maximum trimming error rate: 0.1 (default)
Minimum required adapter overlap (stringency): 1 bp
Minimum required sequence length for both reads before a sequence pair gets removed: 20 bp
Running FastQC on the data once trimming has completed
Output file will be GZIP compressed


This is cutadapt 3.4 with Python 3.9.2
Command line parameters: -j 1 -e 0.1 -q 20 -O 1 -a AGATCGGAAGAGC s126_R1_001.fastq.gz
Processing reads on 1 core in single-end mode ...
Finished in 2042.40 s (80 µs/read; 0.75 M reads/minute).

=== Summary ===

Total reads processed:              25,585,938
Reads with adapters:                 9,187,809 (35.9%)
Reads written (passing filters):    25,585,938 (100.0%)

Total basepairs processed: 3,837,890,700 bp
Quality-trimmed:               7,771,646 bp (0.2%)
Total written (filtered):  3,815,303,461 bp (99.4%)

=== Adapter 1 ===

Sequence: AGATCGGAAGAGC; Type: regular 3'; Length: 13; Trimmed: 9187809 times

No. of allowed errors:
1-9 bp: 0; 10-13 bp: 1

Bases preceding removed adapters:
  A: 36.0%
  C: 25.3%
  G: 17.5%
  T: 21.2%
  none/other: 0.0%

Overview of removed sequences
length	count	expect	max.err	error counts
1	6971163	6396484.5	0	6971163
2	1499337	1599121.1	0	1499337
3	473484	399780.3	0	473484
4	107729	99945.1	0	107729
5	25945	24986.3	0	25945
6	8030	6246.6	0	8030
7	5257	1561.6	0	5257
8	4986	390.4	0	4986
9	4276	97.6	0	3884 392
10	4641	24.4	1	3740 901
11	4607	6.1	1	3975 632
12	4095	1.5	1	3763 332
13	3528	0.4	1	3295 233
14	3466	0.4	1	3194 272
15	3283	0.4	1	3047 236
16	3232	0.4	1	2969 263
17	3225	0.4	1	2963 262
18	2757	0.4	1	2572 185
19	2601	0.4	1	2406 195
20	2568	0.4	1	2376 192
21	2487	0.4	1	2289 198
22	2378	0.4	1	2200 178
23	2543	0.4	1	2357 186
24	1981	0.4	1	1805 176
25	2071	0.4	1	1916 155
26	1862	0.4	1	1731 131
27	1820	0.4	1	1687 133
28	1818	0.4	1	1671 147
29	1643	0.4	1	1493 150
30	1554	0.4	1	1439 115
31	1410	0.4	1	1315 95
32	1499	0.4	1	1380 119
33	1238	0.4	1	1154 84
34	1226	0.4	1	1135 91
35	1291	0.4	1	1174 117
36	987	0.4	1	900 87
37	1001	0.4	1	933 68
38	884	0.4	1	811 73
39	936	0.4	1	865 71
40	1009	0.4	1	897 112
41	734	0.4	1	667 67
42	868	0.4	1	787 81
43	895	0.4	1	792 103
44	610	0.4	1	543 67
45	1195	0.4	1	1102 93
46	357	0.4	1	303 54
47	391	0.4	1	353 38
48	917	0.4	1	841 76
49	455	0.4	1	396 59
50	355	0.4	1	303 52
51	475	0.4	1	431 44
52	415	0.4	1	368 47
53	335	0.4	1	287 48
54	461	0.4	1	414 47
55	664	0.4	1	608 56
56	289	0.4	1	251 38
57	424	0.4	1	384 40
58	286	0.4	1	261 25
59	282	0.4	1	247 35
60	212	0.4	1	177 35
61	132	0.4	1	96 36
62	313	0.4	1	275 38
63	247	0.4	1	223 24
64	142	0.4	1	112 30
65	141	0.4	1	117 24
66	420	0.4	1	368 52
67	107	0.4	1	79 28
68	163	0.4	1	134 29
69	85	0.4	1	53 32
70	90	0.4	1	55 35
71	61	0.4	1	26 35
72	61	0.4	1	39 22
73	93	0.4	1	69 24
74	117	0.4	1	85 32
75	124	0.4	1	90 34
76	115	0.4	1	85 30
77	88	0.4	1	68 20
78	103	0.4	1	72 31
79	105	0.4	1	78 27
80	106	0.4	1	71 35
81	97	0.4	1	61 36
82	110	0.4	1	81 29
83	96	0.4	1	65 31
84	86	0.4	1	61 25
85	81	0.4	1	52 29
86	102	0.4	1	70 32
87	91	0.4	1	62 29
88	83	0.4	1	56 27
89	73	0.4	1	43 30
90	100	0.4	1	58 42
91	77	0.4	1	45 32
92	77	0.4	1	42 35
93	69	0.4	1	41 28
94	82	0.4	1	48 34
95	55	0.4	1	31 24
96	74	0.4	1	37 37
97	63	0.4	1	32 31
98	60	0.4	1	37 23
99	58	0.4	1	29 29
100	50	0.4	1	23 27
101	44	0.4	1	20 24
102	59	0.4	1	39 20
103	43	0.4	1	21 22
104	39	0.4	1	23 16
105	57	0.4	1	32 25
106	40	0.4	1	19 21
107	55	0.4	1	22 33
108	45	0.4	1	19 26
109	48	0.4	1	20 28
110	48	0.4	1	16 32
111	45	0.4	1	17 28
112	33	0.4	1	13 20
113	36	0.4	1	14 22
114	38	0.4	1	13 25
115	26	0.4	1	11 15
116	39	0.4	1	15 24
117	35	0.4	1	12 23
118	34	0.4	1	14 20
119	45	0.4	1	24 21
120	50	0.4	1	11 39
121	26	0.4	1	9 17
122	33	0.4	1	7 26
123	23	0.4	1	8 15
124	35	0.4	1	7 28
125	29	0.4	1	17 12
126	24	0.4	1	9 15
127	31	0.4	1	8 23
128	28	0.4	1	9 19
129	34	0.4	1	13 21
130	15	0.4	1	5 10
131	26	0.4	1	5 21
132	28	0.4	1	6 22
133	21	0.4	1	5 16
134	16	0.4	1	2 14
135	20	0.4	1	0 20
136	21	0.4	1	9 12
137	23	0.4	1	5 18
138	15	0.4	1	4 11
139	14	0.4	1	5 9
140	30	0.4	1	4 26
141	24	0.4	1	7 17
142	21	0.4	1	5 16
143	20	0.4	1	3 17
144	17	0.4	1	2 15
145	20	0.4	1	3 17
146	17	0.4	1	3 14
147	29	0.4	1	6 23
148	20	0.4	1	1 19
149	33	0.4	1	0 33
150	1392	0.4	1	1 1391

RUN STATISTICS FOR INPUT FILE: s126_R1_001.fastq.gz
=============================================
25585938 sequences processed in total

