
SUMMARISING RUN PARAMETERS
==========================
Input filename: s127_R1_001.fastq.gz
Trimming mode: paired-end
Trim Galore version: 0.6.10
Cutadapt version: 3.4
Number of cores used for trimming: 1
Quality Phred score cutoff: 20
Quality encoding type selected: ASCII+33
Using Illumina adapter for trimming (count: 4003). Second best hit was Nextera (count: 5)
Adapter sequence: 'AGATCGGAAGAGC' (Illumina TruSeq, Sanger iPCR; auto-detected)
Maximum trimming error rate: 0.1 (default)
Minimum required adapter overlap (stringency): 1 bp
Minimum required sequence length for both reads before a sequence pair gets removed: 20 bp
Running FastQC on the data once trimming has completed
Output file will be GZIP compressed


This is cutadapt 3.4 with Python 3.9.2
Command line parameters: -j 1 -e 0.1 -q 20 -O 1 -a AGATCGGAAGAGC s127_R1_001.fastq.gz
Processing reads on 1 core in single-end mode ...
Finished in 2220.26 s (79 µs/read; 0.76 M reads/minute).

=== Summary ===

Total reads processed:              28,197,318
Reads with adapters:                10,155,540 (36.0%)
Reads written (passing filters):    28,197,318 (100.0%)

Total basepairs processed: 4,229,597,700 bp
Quality-trimmed:               7,852,320 bp (0.2%)
Total written (filtered):  4,204,005,669 bp (99.4%)

=== Adapter 1 ===

Sequence: AGATCGGAAGAGC; Type: regular 3'; Length: 13; Trimmed: 10155540 times

No. of allowed errors:
1-9 bp: 0; 10-13 bp: 1

Bases preceding removed adapters:
  A: 35.7%
  C: 25.4%
  G: 17.7%
  T: 21.1%
  none/other: 0.0%

Overview of removed sequences
length	count	expect	max.err	error counts
1	7638428	7049329.5	0	7638428
2	1659211	1762332.4	0	1659211
3	522157	440583.1	0	522157
4	121329	110145.8	0	121329
5	31416	27536.4	0	31416
6	11578	6884.1	0	11578
7	8368	1721.0	0	8368
8	8393	430.3	0	8393
9	7291	107.6	0	6822 469
10	7376	26.9	1	6317 1059
11	7619	6.7	1	6766 853
12	6992	1.7	1	6413 579
13	6034	0.4	1	5638 396
14	6009	0.4	1	5539 470
15	5683	0.4	1	5345 338
16	5479	0.4	1	5044 435
17	5455	0.4	1	4989 466
18	4745	0.4	1	4449 296
19	4567	0.4	1	4263 304
20	4560	0.4	1	4239 321
21	4478	0.4	1	4180 298
22	4146	0.4	1	3866 280
23	4386	0.4	1	4084 302
24	3533	0.4	1	3252 281
25	3395	0.4	1	3195 200
26	3272	0.4	1	3044 228
27	3252	0.4	1	3039 213
28	3023	0.4	1	2832 191
29	2845	0.4	1	2649 196
30	2781	0.4	1	2616 165
31	2454	0.4	1	2318 136
32	2507	0.4	1	2360 147
33	2144	0.4	1	1995 149
34	2176	0.4	1	2040 136
35	2206	0.4	1	2025 181
36	1878	0.4	1	1752 126
37	1855	0.4	1	1747 108
38	1730	0.4	1	1619 111
39	1664	0.4	1	1565 99
40	1733	0.4	1	1609 124
41	1291	0.4	1	1184 107
42	1381	0.4	1	1281 100
43	1504	0.4	1	1385 119
44	1126	0.4	1	1025 101
45	2046	0.4	1	1925 121
46	545	0.4	1	481 64
47	824	0.4	1	739 85
48	1388	0.4	1	1275 113
49	815	0.4	1	720 95
50	640	0.4	1	561 79
51	933	0.4	1	874 59
52	805	0.4	1	743 62
53	519	0.4	1	474 45
54	701	0.4	1	640 61
55	938	0.4	1	877 61
56	476	0.4	1	433 43
57	635	0.4	1	588 47
58	480	0.4	1	434 46
59	505	0.4	1	456 49
60	286	0.4	1	246 40
61	219	0.4	1	189 30
62	535	0.4	1	477 58
63	422	0.4	1	390 32
64	208	0.4	1	185 23
65	215	0.4	1	178 37
66	602	0.4	1	543 59
67	190	0.4	1	147 43
68	276	0.4	1	223 53
69	139	0.4	1	109 30
70	126	0.4	1	95 31
71	36	0.4	1	13 23
72	84	0.4	1	55 29
73	125	0.4	1	95 30
74	147	0.4	1	102 45
75	155	0.4	1	118 37
76	143	0.4	1	104 39
77	132	0.4	1	96 36
78	123	0.4	1	92 31
79	136	0.4	1	98 38
80	155	0.4	1	117 38
81	119	0.4	1	87 32
82	139	0.4	1	84 55
83	130	0.4	1	90 40
84	87	0.4	1	58 29
85	117	0.4	1	76 41
86	113	0.4	1	86 27
87	106	0.4	1	58 48
88	102	0.4	1	69 33
89	98	0.4	1	71 27
90	93	0.4	1	51 42
91	90	0.4	1	48 42
92	89	0.4	1	62 27
93	88	0.4	1	61 27
94	89	0.4	1	59 30
95	91	0.4	1	49 42
96	64	0.4	1	37 27
97	82	0.4	1	50 32
98	71	0.4	1	44 27
99	60	0.4	1	42 18
100	59	0.4	1	32 27
101	65	0.4	1	27 38
102	74	0.4	1	39 35
103	58	0.4	1	30 28
104	42	0.4	1	24 18
105	59	0.4	1	28 31
106	64	0.4	1	25 39
107	55	0.4	1	23 32
108	52	0.4	1	19 33
109	44	0.4	1	25 19
110	63	0.4	1	24 39
111	55	0.4	1	26 29
112	50	0.4	1	19 31
113	51	0.4	1	22 29
114	49	0.4	1	22 27
115	44	0.4	1	22 22
116	44	0.4	1	14 30
117	42	0.4	1	14 28
118	38	0.4	1	7 31
119	32	0.4	1	14 18
120	35	0.4	1	14 21
121	41	0.4	1	16 25
122	36	0.4	1	11 25
123	38	0.4	1	13 25
124	32	0.4	1	10 22
125	47	0.4	1	15 32
126	31	0.4	1	10 21
127	27	0.4	1	9 18
128	33	0.4	1	11 22
129	28	0.4	1	9 19
130	17	0.4	1	4 13
131	28	0.4	1	4 24
132	37	0.4	1	10 27
133	36	0.4	1	9 27
134	20	0.4	1	4 16
135	28	0.4	1	7 21
136	29	0.4	1	2 27
137	25	0.4	1	7 18
138	32	0.4	1	8 24
139	28	0.4	1	3 25
140	24	0.4	1	5 19
141	22	0.4	1	6 16
142	23	0.4	1	4 19
143	25	0.4	1	5 20
144	23	0.4	1	2 21
145	21	0.4	1	6 15
146	32	0.4	1	5 27
147	17	0.4	1	4 13
148	26	0.4	1	1 25
149	34	0.4	1	1 33
150	1643	0.4	1	3 1640

RUN STATISTICS FOR INPUT FILE: s127_R1_001.fastq.gz
=============================================
28197318 sequences processed in total

