
SUMMARISING RUN PARAMETERS
==========================
Input filename: s129_R1_001.fastq.gz
Trimming mode: paired-end
Trim Galore version: 0.6.10
Cutadapt version: 3.4
Number of cores used for trimming: 1
Quality Phred score cutoff: 20
Quality encoding type selected: ASCII+33
Using Illumina adapter for trimming (count: 3471). Second best hit was Nextera (count: 3)
Adapter sequence: 'AGATCGGAAGAGC' (Illumina TruSeq, Sanger iPCR; auto-detected)
Maximum trimming error rate: 0.1 (default)
Minimum required adapter overlap (stringency): 1 bp
Minimum required sequence length for both reads before a sequence pair gets removed: 20 bp
Running FastQC on the data once trimming has completed
Output file will be GZIP compressed


This is cutadapt 3.4 with Python 3.9.2
Command line parameters: -j 1 -e 0.1 -q 20 -O 1 -a AGATCGGAAGAGC s129_R1_001.fastq.gz
Processing reads on 1 core in single-end mode ...
Finished in 1643.47 s (79 µs/read; 0.76 M reads/minute).

=== Summary ===

Total reads processed:              20,703,876
Reads with adapters:                 6,636,411 (32.1%)
Reads written (passing filters):    20,703,876 (100.0%)

Total basepairs processed: 3,105,581,400 bp
Quality-trimmed:               7,698,124 bp (0.2%)
Total written (filtered):  3,085,650,748 bp (99.4%)

=== Adapter 1 ===

Sequence: AGATCGGAAGAGC; Type: regular 3'; Length: 13; Trimmed: 6636411 times

No. of allowed errors:
1-9 bp: 0; 10-13 bp: 1

Bases preceding removed adapters:
  A: 34.1%
  C: 25.7%
  G: 21.0%
  T: 19.2%
  none/other: 0.0%

Overview of removed sequences
length	count	expect	max.err	error counts
1	4961340	5175969.0	0	4961340
2	1144027	1293992.2	0	1144027
3	324253	323498.1	0	324253
4	70880	80874.5	0	70880
5	21680	20218.6	0	21680
6	9005	5054.7	0	9005
7	4538	1263.7	0	4538
8	3743	315.9	0	3743
9	3233	79.0	0	2872 361
10	3809	19.7	1	3006 803
11	3576	4.9	1	3017 559
12	3513	1.2	1	3143 370
13	2938	0.3	1	2643 295
14	2790	0.3	1	2525 265
15	2749	0.3	1	2480 269
16	2639	0.3	1	2373 266
17	2909	0.3	1	2582 327
18	2499	0.3	1	2264 235
19	2169	0.3	1	1986 183
20	2365	0.3	1	2166 199
21	2069	0.3	1	1867 202
22	2304	0.3	1	2080 224
23	2164	0.3	1	1963 201
24	1930	0.3	1	1731 199
25	1848	0.3	1	1644 204
26	1805	0.3	1	1641 164
27	1874	0.3	1	1689 185
28	1790	0.3	1	1601 189
29	1612	0.3	1	1431 181
30	1567	0.3	1	1414 153
31	1469	0.3	1	1336 133
32	1452	0.3	1	1308 144
33	1400	0.3	1	1284 116
34	1311	0.3	1	1182 129
35	1351	0.3	1	1215 136
36	1220	0.3	1	1069 151
37	1223	0.3	1	1089 134
38	1189	0.3	1	1048 141
39	1231	0.3	1	1104 127
40	1025	0.3	1	896 129
41	1150	0.3	1	1016 134
42	1053	0.3	1	930 123
43	1246	0.3	1	1096 150
44	885	0.3	1	747 138
45	1996	0.3	1	1795 201
46	481	0.3	1	400 81
47	843	0.3	1	730 113
48	3410	0.3	1	3197 213
49	1145	0.3	1	1032 113
50	219	0.3	1	161 58
51	838	0.3	1	760 78
52	744	0.3	1	653 91
53	216	0.3	1	171 45
54	706	0.3	1	644 62
55	1010	0.3	1	935 75
56	393	0.3	1	331 62
57	267	0.3	1	218 49
58	180	0.3	1	132 48
59	319	0.3	1	268 51
60	119	0.3	1	84 35
61	125	0.3	1	86 39
62	517	0.3	1	463 54
63	205	0.3	1	169 36
64	151	0.3	1	108 43
65	180	0.3	1	153 27
66	456	0.3	1	411 45
67	74	0.3	1	55 19
68	118	0.3	1	88 30
69	99	0.3	1	67 32
70	86	0.3	1	54 32
71	44	0.3	1	24 20
72	80	0.3	1	55 25
73	154	0.3	1	105 49
74	191	0.3	1	153 38
75	202	0.3	1	175 27
76	258	0.3	1	217 41
77	252	0.3	1	211 41
78	227	0.3	1	179 48
79	235	0.3	1	195 40
80	229	0.3	1	181 48
81	206	0.3	1	167 39
82	246	0.3	1	198 48
83	246	0.3	1	198 48
84	245	0.3	1	197 48
85	236	0.3	1	184 52
86	219	0.3	1	177 42
87	234	0.3	1	180 54
88	192	0.3	1	152 40
89	191	0.3	1	153 38
90	183	0.3	1	151 32
91	192	0.3	1	147 45
92	184	0.3	1	146 38
93	199	0.3	1	142 57
94	162	0.3	1	135 27
95	192	0.3	1	148 44
96	146	0.3	1	111 35
97	141	0.3	1	113 28
98	169	0.3	1	131 38
99	147	0.3	1	123 24
100	155	0.3	1	120 35
101	136	0.3	1	105 31
102	133	0.3	1	104 29
103	134	0.3	1	105 29
104	127	0.3	1	97 30
105	113	0.3	1	75 38
106	135	0.3	1	95 40
107	128	0.3	1	95 33
108	105	0.3	1	78 27
109	100	0.3	1	73 27
110	122	0.3	1	91 31
111	92	0.3	1	66 26
112	89	0.3	1	67 22
113	82	0.3	1	61 21
114	85	0.3	1	60 25
115	94	0.3	1	66 28
116	78	0.3	1	51 27
117	80	0.3	1	51 29
118	71	0.3	1	48 23
119	59	0.3	1	51 8
120	66	0.3	1	40 26
121	90	0.3	1	59 31
122	64	0.3	1	51 13
123	67	0.3	1	46 21
124	68	0.3	1	44 24
125	69	0.3	1	37 32
126	71	0.3	1	49 22
127	70	0.3	1	42 28
128	69	0.3	1	46 23
129	52	0.3	1	22 30
130	58	0.3	1	45 13
131	72	0.3	1	45 27
132	63	0.3	1	44 19
133	61	0.3	1	37 24
134	37	0.3	1	23 14
135	55	0.3	1	38 17
136	42	0.3	1	26 16
137	38	0.3	1	25 13
138	35	0.3	1	23 12
139	30	0.3	1	21 9
140	34	0.3	1	27 7
141	39	0.3	1	13 26
142	41	0.3	1	17 24
143	28	0.3	1	14 14
144	39	0.3	1	29 10
145	44	0.3	1	19 25
146	36	0.3	1	16 20
147	32	0.3	1	9 23
148	31	0.3	1	20 11
149	29	0.3	1	8 21
150	1441	0.3	1	13 1428

RUN STATISTICS FOR INPUT FILE: s129_R1_001.fastq.gz
=============================================
20703876 sequences processed in total

