
SUMMARISING RUN PARAMETERS
==========================
Input filename: s130_R1_001.fastq.gz
Trimming mode: paired-end
Trim Galore version: 0.6.10
Cutadapt version: 3.4
Number of cores used for trimming: 1
Quality Phred score cutoff: 20
Quality encoding type selected: ASCII+33
Using Illumina adapter for trimming (count: 3268). Second best hit was Nextera (count: 10)
Adapter sequence: 'AGATCGGAAGAGC' (Illumina TruSeq, Sanger iPCR; auto-detected)
Maximum trimming error rate: 0.1 (default)
Minimum required adapter overlap (stringency): 1 bp
Minimum required sequence length for both reads before a sequence pair gets removed: 20 bp
Running FastQC on the data once trimming has completed
Output file will be GZIP compressed


This is cutadapt 3.4 with Python 3.9.2
Command line parameters: -j 1 -e 0.1 -q 20 -O 1 -a AGATCGGAAGAGC s130_R1_001.fastq.gz
Processing reads on 1 core in single-end mode ...
Finished in 2316.06 s (79 µs/read; 0.76 M reads/minute).

=== Summary ===

Total reads processed:              29,462,961
Reads with adapters:                10,601,595 (36.0%)
Reads written (passing filters):    29,462,961 (100.0%)

Total basepairs processed: 4,419,444,150 bp
Quality-trimmed:               8,354,380 bp (0.2%)
Total written (filtered):  4,393,338,680 bp (99.4%)

=== Adapter 1 ===

Sequence: AGATCGGAAGAGC; Type: regular 3'; Length: 13; Trimmed: 10601595 times

No. of allowed errors:
1-9 bp: 0; 10-13 bp: 1

Bases preceding removed adapters:
  A: 35.9%
  C: 25.2%
  G: 17.6%
  T: 21.2%
  none/other: 0.0%

Overview of removed sequences
length	count	expect	max.err	error counts
1	8025553	7365740.2	0	8025553
2	1729377	1841435.1	0	1729377
3	545824	460358.8	0	545824
4	122816	115089.7	0	122816
5	29984	28772.4	0	29984
6	9414	7193.1	0	9414
7	6168	1798.3	0	6168
8	6092	449.6	0	6092
9	5469	112.4	0	4995 474
10	5734	28.1	1	4726 1008
11	5450	7.0	1	4761 689
12	5193	1.8	1	4759 434
13	4338	0.4	1	4030 308
14	4520	0.4	1	4146 374
15	4170	0.4	1	3896 274
16	4224	0.4	1	3832 392
17	4228	0.4	1	3887 341
18	3772	0.4	1	3545 227
19	3442	0.4	1	3217 225
20	3462	0.4	1	3222 240
21	3490	0.4	1	3219 271
22	3329	0.4	1	3114 215
23	3291	0.4	1	3058 233
24	2944	0.4	1	2704 240
25	2841	0.4	1	2651 190
26	2703	0.4	1	2531 172
27	2707	0.4	1	2501 206
28	2493	0.4	1	2326 167
29	2275	0.4	1	2092 183
30	2285	0.4	1	2126 159
31	2039	0.4	1	1913 126
32	2019	0.4	1	1884 135
33	1869	0.4	1	1691 178
34	2000	0.4	1	1832 168
35	1930	0.4	1	1813 117
36	1669	0.4	1	1531 138
37	1473	0.4	1	1362 111
38	1496	0.4	1	1373 123
39	1398	0.4	1	1291 107
40	1451	0.4	1	1328 123
41	1278	0.4	1	1183 95
42	1368	0.4	1	1242 126
43	1310	0.4	1	1195 115
44	947	0.4	1	852 95
45	1673	0.4	1	1571 102
46	448	0.4	1	377 71
47	818	0.4	1	769 49
48	1141	0.4	1	1041 100
49	760	0.4	1	695 65
50	663	0.4	1	590 73
51	840	0.4	1	772 68
52	693	0.4	1	612 81
53	567	0.4	1	515 52
54	594	0.4	1	528 66
55	801	0.4	1	737 64
56	498	0.4	1	435 63
57	641	0.4	1	583 58
58	504	0.4	1	451 53
59	441	0.4	1	393 48
60	349	0.4	1	309 40
61	239	0.4	1	203 36
62	520	0.4	1	462 58
63	424	0.4	1	370 54
64	273	0.4	1	239 34
65	243	0.4	1	191 52
66	586	0.4	1	532 54
67	284	0.4	1	236 48
68	287	0.4	1	245 42
69	170	0.4	1	133 37
70	139	0.4	1	116 23
71	66	0.4	1	34 32
72	96	0.4	1	60 36
73	149	0.4	1	110 39
74	145	0.4	1	117 28
75	197	0.4	1	160 37
76	151	0.4	1	116 35
77	175	0.4	1	138 37
78	163	0.4	1	120 43
79	171	0.4	1	135 36
80	158	0.4	1	117 41
81	160	0.4	1	127 33
82	148	0.4	1	113 35
83	144	0.4	1	108 36
84	146	0.4	1	102 44
85	131	0.4	1	94 37
86	130	0.4	1	85 45
87	119	0.4	1	92 27
88	114	0.4	1	75 39
89	122	0.4	1	71 51
90	102	0.4	1	59 43
91	87	0.4	1	61 26
92	80	0.4	1	49 31
93	98	0.4	1	49 49
94	124	0.4	1	72 52
95	97	0.4	1	59 38
96	95	0.4	1	59 36
97	82	0.4	1	43 39
98	80	0.4	1	45 35
99	93	0.4	1	45 48
100	87	0.4	1	54 33
101	80	0.4	1	42 38
102	65	0.4	1	28 37
103	79	0.4	1	46 33
104	67	0.4	1	37 30
105	76	0.4	1	47 29
106	68	0.4	1	37 31
107	69	0.4	1	35 34
108	69	0.4	1	36 33
109	61	0.4	1	36 25
110	56	0.4	1	26 30
111	56	0.4	1	33 23
112	54	0.4	1	21 33
113	55	0.4	1	26 29
114	55	0.4	1	33 22
115	46	0.4	1	18 28
116	59	0.4	1	20 39
117	52	0.4	1	21 31
118	38	0.4	1	14 24
119	33	0.4	1	13 20
120	55	0.4	1	19 36
121	41	0.4	1	11 30
122	35	0.4	1	16 19
123	43	0.4	1	8 35
124	34	0.4	1	13 21
125	42	0.4	1	15 27
126	37	0.4	1	17 20
127	37	0.4	1	8 29
128	33	0.4	1	11 22
129	32	0.4	1	12 20
130	34	0.4	1	7 27
131	28	0.4	1	7 21
132	29	0.4	1	10 19
133	25	0.4	1	9 16
134	25	0.4	1	9 16
135	33	0.4	1	11 22
136	28	0.4	1	4 24
137	28	0.4	1	8 20
138	29	0.4	1	10 19
139	16	0.4	1	2 14
140	33	0.4	1	9 24
141	23	0.4	1	9 14
142	19	0.4	1	5 14
143	19	0.4	1	5 14
144	32	0.4	1	8 24
145	36	0.4	1	9 27
146	21	0.4	1	7 14
147	20	0.4	1	8 12
148	24	0.4	1	4 20
149	33	0.4	1	0 33
150	1392	0.4	1	6 1386

RUN STATISTICS FOR INPUT FILE: s130_R1_001.fastq.gz
=============================================
29462961 sequences processed in total

