
SUMMARISING RUN PARAMETERS
==========================
Input filename: s131_R1_001.fastq.gz
Trimming mode: paired-end
Trim Galore version: 0.6.10
Cutadapt version: 3.4
Number of cores used for trimming: 1
Quality Phred score cutoff: 20
Quality encoding type selected: ASCII+33
Using Illumina adapter for trimming (count: 3668). Second best hit was Nextera (count: 3)
Adapter sequence: 'AGATCGGAAGAGC' (Illumina TruSeq, Sanger iPCR; auto-detected)
Maximum trimming error rate: 0.1 (default)
Minimum required adapter overlap (stringency): 1 bp
Minimum required sequence length for both reads before a sequence pair gets removed: 20 bp
Running FastQC on the data once trimming has completed
Output file will be GZIP compressed


This is cutadapt 3.4 with Python 3.9.2
Command line parameters: -j 1 -e 0.1 -q 20 -O 1 -a AGATCGGAAGAGC s131_R1_001.fastq.gz
Processing reads on 1 core in single-end mode ...
Finished in 2064.54 s (79 µs/read; 0.76 M reads/minute).

=== Summary ===

Total reads processed:              26,133,925
Reads with adapters:                 9,477,501 (36.3%)
Reads written (passing filters):    26,133,925 (100.0%)

Total basepairs processed: 3,920,088,750 bp
Quality-trimmed:               7,888,288 bp (0.2%)
Total written (filtered):  3,896,005,622 bp (99.4%)

=== Adapter 1 ===

Sequence: AGATCGGAAGAGC; Type: regular 3'; Length: 13; Trimmed: 9477501 times

No. of allowed errors:
1-9 bp: 0; 10-13 bp: 1

Bases preceding removed adapters:
  A: 36.2%
  C: 24.8%
  G: 17.3%
  T: 21.6%
  none/other: 0.0%

Overview of removed sequences
length	count	expect	max.err	error counts
1	7173261	6533481.2	0	7173261
2	1526483	1633370.3	0	1526483
3	485538	408342.6	0	485538
4	111161	102085.6	0	111161
5	27723	25521.4	0	27723
6	9511	6380.4	0	9511
7	6844	1595.1	0	6844
8	6937	398.8	0	6937
9	5993	99.7	0	5569 424
10	6137	24.9	1	5221 916
11	5969	6.2	1	5270 699
12	5778	1.6	1	5292 486
13	4775	0.4	1	4470 305
14	4989	0.4	1	4597 392
15	4610	0.4	1	4302 308
16	4516	0.4	1	4139 377
17	4681	0.4	1	4301 380
18	4184	0.4	1	3898 286
19	3664	0.4	1	3422 242
20	3720	0.4	1	3466 254
21	3561	0.4	1	3338 223
22	3255	0.4	1	3047 208
23	3433	0.4	1	3212 221
24	3169	0.4	1	2913 256
25	2952	0.4	1	2754 198
26	2630	0.4	1	2476 154
27	2829	0.4	1	2655 174
28	2590	0.4	1	2422 168
29	2531	0.4	1	2327 204
30	2342	0.4	1	2211 131
31	2074	0.4	1	1952 122
32	2116	0.4	1	1992 124
33	1926	0.4	1	1794 132
34	1945	0.4	1	1801 144
35	1769	0.4	1	1673 96
36	1685	0.4	1	1522 163
37	1446	0.4	1	1358 88
38	1381	0.4	1	1286 95
39	1353	0.4	1	1269 84
40	1450	0.4	1	1323 127
41	1181	0.4	1	1090 91
42	1386	0.4	1	1297 89
43	1099	0.4	1	1012 87
44	911	0.4	1	849 62
45	1548	0.4	1	1454 94
46	398	0.4	1	353 45
47	758	0.4	1	695 63
48	1114	0.4	1	1031 83
49	699	0.4	1	633 66
50	635	0.4	1	571 64
51	871	0.4	1	803 68
52	640	0.4	1	592 48
53	492	0.4	1	445 47
54	611	0.4	1	550 61
55	713	0.4	1	647 66
56	481	0.4	1	434 47
57	666	0.4	1	614 52
58	443	0.4	1	400 43
59	437	0.4	1	378 59
60	352	0.4	1	305 47
61	250	0.4	1	219 31
62	469	0.4	1	420 49
63	418	0.4	1	382 36
64	244	0.4	1	199 45
65	234	0.4	1	185 49
66	590	0.4	1	540 50
67	244	0.4	1	213 31
68	298	0.4	1	267 31
69	159	0.4	1	126 33
70	103	0.4	1	72 31
71	37	0.4	1	18 19
72	71	0.4	1	42 29
73	135	0.4	1	101 34
74	159	0.4	1	129 30
75	169	0.4	1	133 36
76	162	0.4	1	133 29
77	142	0.4	1	112 30
78	164	0.4	1	123 41
79	129	0.4	1	100 29
80	142	0.4	1	112 30
81	134	0.4	1	103 31
82	119	0.4	1	98 21
83	116	0.4	1	88 28
84	116	0.4	1	96 20
85	108	0.4	1	77 31
86	126	0.4	1	94 32
87	106	0.4	1	67 39
88	110	0.4	1	85 25
89	102	0.4	1	84 18
90	108	0.4	1	63 45
91	92	0.4	1	59 33
92	85	0.4	1	61 24
93	71	0.4	1	45 26
94	76	0.4	1	49 27
95	70	0.4	1	43 27
96	78	0.4	1	53 25
97	77	0.4	1	45 32
98	80	0.4	1	49 31
99	53	0.4	1	29 24
100	78	0.4	1	37 41
101	72	0.4	1	35 37
102	71	0.4	1	39 32
103	53	0.4	1	31 22
104	56	0.4	1	30 26
105	39	0.4	1	25 14
106	49	0.4	1	25 24
107	47	0.4	1	24 23
108	40	0.4	1	19 21
109	48	0.4	1	25 23
110	27	0.4	1	11 16
111	45	0.4	1	22 23
112	29	0.4	1	11 18
113	38	0.4	1	22 16
114	42	0.4	1	12 30
115	37	0.4	1	14 23
116	42	0.4	1	18 24
117	33	0.4	1	13 20
118	39	0.4	1	15 24
119	34	0.4	1	14 20
120	26	0.4	1	12 14
121	43	0.4	1	16 27
122	38	0.4	1	16 22
123	21	0.4	1	8 13
124	23	0.4	1	7 16
125	19	0.4	1	4 15
126	28	0.4	1	5 23
127	23	0.4	1	5 18
128	40	0.4	1	15 25
129	27	0.4	1	8 19
130	34	0.4	1	8 26
131	27	0.4	1	4 23
132	16	0.4	1	5 11
133	22	0.4	1	8 14
134	33	0.4	1	7 26
135	21	0.4	1	7 14
136	27	0.4	1	10 17
137	13	0.4	1	3 10
138	15	0.4	1	5 10
139	22	0.4	1	2 20
140	21	0.4	1	3 18
141	17	0.4	1	7 10
142	21	0.4	1	2 19
143	13	0.4	1	1 12
144	14	0.4	1	4 10
145	11	0.4	1	1 10
146	33	0.4	1	7 26
147	15	0.4	1	3 12
148	9	0.4	1	1 8
149	24	0.4	1	1 23
150	1394	0.4	1	4 1390

RUN STATISTICS FOR INPUT FILE: s131_R1_001.fastq.gz
=============================================
26133925 sequences processed in total

