
SUMMARISING RUN PARAMETERS
==========================
Input filename: s143_R1_001.fastq.gz
Trimming mode: paired-end
Trim Galore version: 0.6.10
Cutadapt version: 3.4
Number of cores used for trimming: 1
Quality Phred score cutoff: 20
Quality encoding type selected: ASCII+33
Using Illumina adapter for trimming (count: 3944). Second best hit was Nextera (count: 10)
Adapter sequence: 'AGATCGGAAGAGC' (Illumina TruSeq, Sanger iPCR; auto-detected)
Maximum trimming error rate: 0.1 (default)
Minimum required adapter overlap (stringency): 1 bp
Minimum required sequence length for both reads before a sequence pair gets removed: 20 bp
Running FastQC on the data once trimming has completed
Output file will be GZIP compressed


This is cutadapt 3.4 with Python 3.9.2
Command line parameters: -j 1 -e 0.1 -q 20 -O 1 -a AGATCGGAAGAGC s143_R1_001.fastq.gz
Processing reads on 1 core in single-end mode ...
Finished in 2102.70 s (82 µs/read; 0.73 M reads/minute).

=== Summary ===

Total reads processed:              25,584,813
Reads with adapters:                 9,083,427 (35.5%)
Reads written (passing filters):    25,584,813 (100.0%)

Total basepairs processed: 3,837,721,950 bp
Quality-trimmed:               7,018,371 bp (0.2%)
Total written (filtered):  3,814,824,590 bp (99.4%)

=== Adapter 1 ===

Sequence: AGATCGGAAGAGC; Type: regular 3'; Length: 13; Trimmed: 9083427 times

No. of allowed errors:
1-9 bp: 0; 10-13 bp: 1

Bases preceding removed adapters:
  A: 35.3%
  C: 25.2%
  G: 18.0%
  T: 21.4%
  none/other: 0.0%

Overview of removed sequences
length	count	expect	max.err	error counts
1	6859767	6396203.2	0	6859767
2	1470911	1599050.8	0	1470911
3	461283	399762.7	0	461283
4	108162	99940.7	0	108162
5	28219	24985.2	0	28219
6	10063	6246.3	0	10063
7	6314	1561.6	0	6314
8	6114	390.4	0	6114
9	5326	97.6	0	4895 431
10	5831	24.4	1	4882 949
11	5583	6.1	1	4903 680
12	5235	1.5	1	4795 440
13	4584	0.4	1	4258 326
14	4609	0.4	1	4250 359
15	4490	0.4	1	4181 309
16	4350	0.4	1	3997 353
17	4400	0.4	1	4008 392
18	3969	0.4	1	3743 226
19	3621	0.4	1	3398 223
20	3754	0.4	1	3502 252
21	3603	0.4	1	3345 258
22	3314	0.4	1	3101 213
23	3338	0.4	1	3097 241
24	2985	0.4	1	2724 261
25	2843	0.4	1	2640 203
26	2832	0.4	1	2624 208
27	2853	0.4	1	2671 182
28	2548	0.4	1	2348 200
29	2530	0.4	1	2312 218
30	2281	0.4	1	2146 135
31	2136	0.4	1	2010 126
32	2121	0.4	1	2005 116
33	2009	0.4	1	1844 165
34	2018	0.4	1	1881 137
35	1884	0.4	1	1755 129
36	1885	0.4	1	1706 179
37	1762	0.4	1	1626 136
38	1545	0.4	1	1441 104
39	1633	0.4	1	1504 129
40	1431	0.4	1	1340 91
41	1414	0.4	1	1297 117
42	1548	0.4	1	1413 135
43	1458	0.4	1	1342 116
44	1080	0.4	1	977 103
45	1980	0.4	1	1865 115
46	479	0.4	1	411 68
47	978	0.4	1	907 71
48	2426	0.4	1	2323 103
49	817	0.4	1	739 78
50	429	0.4	1	386 43
51	1177	0.4	1	1106 71
52	821	0.4	1	757 64
53	442	0.4	1	391 51
54	855	0.4	1	805 50
55	1533	0.4	1	1476 57
56	567	0.4	1	527 40
57	632	0.4	1	586 46
58	338	0.4	1	295 43
59	615	0.4	1	565 50
60	207	0.4	1	164 43
61	185	0.4	1	152 33
62	657	0.4	1	608 49
63	309	0.4	1	276 33
64	166	0.4	1	135 31
65	217	0.4	1	183 34
66	670	0.4	1	635 35
67	132	0.4	1	104 28
68	230	0.4	1	211 19
69	157	0.4	1	127 30
70	134	0.4	1	102 32
71	45	0.4	1	20 25
72	92	0.4	1	57 35
73	162	0.4	1	133 29
74	193	0.4	1	174 19
75	226	0.4	1	194 32
76	233	0.4	1	210 23
77	216	0.4	1	174 42
78	218	0.4	1	179 39
79	222	0.4	1	180 42
80	189	0.4	1	161 28
81	184	0.4	1	150 34
82	174	0.4	1	132 42
83	164	0.4	1	135 29
84	163	0.4	1	129 34
85	164	0.4	1	132 32
86	143	0.4	1	104 39
87	131	0.4	1	97 34
88	121	0.4	1	95 26
89	113	0.4	1	93 20
90	123	0.4	1	97 26
91	131	0.4	1	100 31
92	101	0.4	1	73 28
93	105	0.4	1	75 30
94	86	0.4	1	61 25
95	98	0.4	1	65 33
96	77	0.4	1	48 29
97	115	0.4	1	74 41
98	101	0.4	1	63 38
99	74	0.4	1	49 25
100	79	0.4	1	48 31
101	56	0.4	1	30 26
102	82	0.4	1	48 34
103	69	0.4	1	45 24
104	78	0.4	1	51 27
105	61	0.4	1	40 21
106	59	0.4	1	33 26
107	66	0.4	1	42 24
108	57	0.4	1	34 23
109	55	0.4	1	35 20
110	42	0.4	1	21 21
111	53	0.4	1	28 25
112	42	0.4	1	26 16
113	47	0.4	1	18 29
114	38	0.4	1	24 14
115	33	0.4	1	12 21
116	38	0.4	1	18 20
117	48	0.4	1	23 25
118	41	0.4	1	15 26
119	50	0.4	1	14 36
120	39	0.4	1	18 21
121	25	0.4	1	11 14
122	47	0.4	1	16 31
123	22	0.4	1	14 8
124	32	0.4	1	16 16
125	31	0.4	1	9 22
126	22	0.4	1	13 9
127	23	0.4	1	13 10
128	43	0.4	1	13 30
129	34	0.4	1	8 26
130	26	0.4	1	13 13
131	26	0.4	1	10 16
132	17	0.4	1	6 11
133	29	0.4	1	11 18
134	22	0.4	1	5 17
135	26	0.4	1	7 19
136	40	0.4	1	10 30
137	28	0.4	1	11 17
138	21	0.4	1	9 12
139	28	0.4	1	7 21
140	24	0.4	1	6 18
141	22	0.4	1	7 15
142	19	0.4	1	7 12
143	27	0.4	1	6 21
144	20	0.4	1	4 16
145	14	0.4	1	6 8
146	16	0.4	1	6 10
147	16	0.4	1	5 11
148	18	0.4	1	6 12
149	14	0.4	1	1 13
150	609	0.4	1	3 606

RUN STATISTICS FOR INPUT FILE: s143_R1_001.fastq.gz
=============================================
25584813 sequences processed in total

