
SUMMARISING RUN PARAMETERS
==========================
Input filename: s145_R1_001.fastq.gz
Trimming mode: paired-end
Trim Galore version: 0.6.10
Cutadapt version: 3.4
Number of cores used for trimming: 1
Quality Phred score cutoff: 20
Quality encoding type selected: ASCII+33
Using Illumina adapter for trimming (count: 4566). Second best hit was smallRNA (count: 13)
Adapter sequence: 'AGATCGGAAGAGC' (Illumina TruSeq, Sanger iPCR; auto-detected)
Maximum trimming error rate: 0.1 (default)
Minimum required adapter overlap (stringency): 1 bp
Minimum required sequence length for both reads before a sequence pair gets removed: 20 bp
Running FastQC on the data once trimming has completed
Output file will be GZIP compressed


This is cutadapt 3.4 with Python 3.9.2
Command line parameters: -j 1 -e 0.1 -q 20 -O 1 -a AGATCGGAAGAGC s145_R1_001.fastq.gz
Processing reads on 1 core in single-end mode ...
Finished in 1615.45 s (83 µs/read; 0.72 M reads/minute).

=== Summary ===

Total reads processed:              19,491,793
Reads with adapters:                 6,685,606 (34.3%)
Reads written (passing filters):    19,491,793 (100.0%)

Total basepairs processed: 2,923,768,950 bp
Quality-trimmed:               5,912,374 bp (0.2%)
Total written (filtered):  2,905,444,163 bp (99.4%)

=== Adapter 1 ===

Sequence: AGATCGGAAGAGC; Type: regular 3'; Length: 13; Trimmed: 6685606 times

No. of allowed errors:
1-9 bp: 0; 10-13 bp: 1

Bases preceding removed adapters:
  A: 35.4%
  C: 25.2%
  G: 19.1%
  T: 20.3%
  none/other: 0.0%

Overview of removed sequences
length	count	expect	max.err	error counts
1	5030872	4872948.2	0	5030872
2	1087790	1218237.1	0	1087790
3	335536	304559.3	0	335536
4	78613	76139.8	0	78613
5	21902	19035.0	0	21902
6	8289	4758.7	0	8289
7	4891	1189.7	0	4891
8	4477	297.4	0	4477
9	4270	74.4	0	3868 402
10	4322	18.6	1	3615 707
11	4275	4.6	1	3746 529
12	4104	1.2	1	3817 287
13	3464	0.3	1	3245 219
14	3579	0.3	1	3277 302
15	3360	0.3	1	3136 224
16	3310	0.3	1	3047 263
17	3619	0.3	1	3312 307
18	3095	0.3	1	2876 219
19	2756	0.3	1	2591 165
20	2934	0.3	1	2726 208
21	2573	0.3	1	2419 154
22	2841	0.3	1	2670 171
23	2686	0.3	1	2495 191
24	2535	0.3	1	2365 170
25	2422	0.3	1	2231 191
26	2220	0.3	1	2086 134
27	2355	0.3	1	2194 161
28	2177	0.3	1	2042 135
29	2105	0.3	1	1921 184
30	1964	0.3	1	1845 119
31	1844	0.3	1	1733 111
32	1944	0.3	1	1815 129
33	1770	0.3	1	1647 123
34	1726	0.3	1	1602 124
35	1725	0.3	1	1616 109
36	1630	0.3	1	1501 129
37	1513	0.3	1	1409 104
38	1426	0.3	1	1333 93
39	1584	0.3	1	1495 89
40	1249	0.3	1	1112 137
41	1465	0.3	1	1357 108
42	1228	0.3	1	1128 100
43	1537	0.3	1	1418 119
44	1079	0.3	1	993 86
45	2248	0.3	1	2129 119
46	542	0.3	1	475 67
47	1038	0.3	1	950 88
48	4357	0.3	1	4211 146
49	1221	0.3	1	1131 90
50	229	0.3	1	188 41
51	1094	0.3	1	1034 60
52	846	0.3	1	782 64
53	258	0.3	1	219 39
54	974	0.3	1	921 53
55	1158	0.3	1	1100 58
56	367	0.3	1	330 37
57	316	0.3	1	283 33
58	188	0.3	1	144 44
59	327	0.3	1	287 40
60	119	0.3	1	91 28
61	107	0.3	1	80 27
62	527	0.3	1	489 38
63	182	0.3	1	158 24
64	114	0.3	1	89 25
65	177	0.3	1	144 33
66	507	0.3	1	481 26
67	64	0.3	1	44 20
68	114	0.3	1	87 27
69	87	0.3	1	68 19
70	112	0.3	1	94 18
71	30	0.3	1	16 14
72	55	0.3	1	36 19
73	108	0.3	1	79 29
74	154	0.3	1	136 18
75	227	0.3	1	198 29
76	225	0.3	1	199 26
77	201	0.3	1	172 29
78	221	0.3	1	196 25
79	217	0.3	1	191 26
80	204	0.3	1	173 31
81	211	0.3	1	187 24
82	171	0.3	1	148 23
83	191	0.3	1	158 33
84	180	0.3	1	155 25
85	153	0.3	1	129 24
86	162	0.3	1	137 25
87	137	0.3	1	101 36
88	136	0.3	1	112 24
89	116	0.3	1	92 24
90	134	0.3	1	107 27
91	103	0.3	1	79 24
92	108	0.3	1	93 15
93	118	0.3	1	91 27
94	98	0.3	1	64 34
95	106	0.3	1	78 28
96	90	0.3	1	67 23
97	94	0.3	1	68 26
98	96	0.3	1	75 21
99	97	0.3	1	74 23
100	80	0.3	1	53 27
101	82	0.3	1	60 22
102	67	0.3	1	44 23
103	69	0.3	1	47 22
104	58	0.3	1	47 11
105	68	0.3	1	48 20
106	88	0.3	1	60 28
107	61	0.3	1	37 24
108	69	0.3	1	43 26
109	65	0.3	1	48 17
110	62	0.3	1	40 22
111	54	0.3	1	32 22
112	40	0.3	1	23 17
113	38	0.3	1	23 15
114	56	0.3	1	18 38
115	50	0.3	1	20 30
116	33	0.3	1	23 10
117	36	0.3	1	22 14
118	21	0.3	1	10 11
119	39	0.3	1	19 20
120	31	0.3	1	21 10
121	35	0.3	1	20 15
122	30	0.3	1	14 16
123	30	0.3	1	12 18
124	41	0.3	1	18 23
125	26	0.3	1	9 17
126	26	0.3	1	11 15
127	32	0.3	1	13 19
128	32	0.3	1	12 20
129	19	0.3	1	8 11
130	43	0.3	1	12 31
131	27	0.3	1	9 18
132	34	0.3	1	19 15
133	18	0.3	1	3 15
134	28	0.3	1	10 18
135	27	0.3	1	11 16
136	37	0.3	1	9 28
137	17	0.3	1	5 12
138	20	0.3	1	6 14
139	22	0.3	1	5 17
140	15	0.3	1	0 15
141	15	0.3	1	3 12
142	12	0.3	1	5 7
143	22	0.3	1	7 15
144	21	0.3	1	2 19
145	17	0.3	1	5 12
146	16	0.3	1	2 14
147	23	0.3	1	2 21
148	24	0.3	1	3 21
149	13	0.3	1	0 13
150	1245	0.3	1	8 1237

RUN STATISTICS FOR INPUT FILE: s145_R1_001.fastq.gz
=============================================
19491793 sequences processed in total

