
SUMMARISING RUN PARAMETERS
==========================
Input filename: s146_R1_001.fastq.gz
Trimming mode: paired-end
Trim Galore version: 0.6.10
Cutadapt version: 3.4
Number of cores used for trimming: 1
Quality Phred score cutoff: 20
Quality encoding type selected: ASCII+33
Using Illumina adapter for trimming (count: 3441). Second best hit was smallRNA (count: 11)
Adapter sequence: 'AGATCGGAAGAGC' (Illumina TruSeq, Sanger iPCR; auto-detected)
Maximum trimming error rate: 0.1 (default)
Minimum required adapter overlap (stringency): 1 bp
Minimum required sequence length for both reads before a sequence pair gets removed: 20 bp
Running FastQC on the data once trimming has completed
Output file will be GZIP compressed


This is cutadapt 3.4 with Python 3.9.2
Command line parameters: -j 1 -e 0.1 -q 20 -O 1 -a AGATCGGAAGAGC s146_R1_001.fastq.gz
Processing reads on 1 core in single-end mode ...
Finished in 1978.75 s (82 µs/read; 0.73 M reads/minute).

=== Summary ===

Total reads processed:              24,231,096
Reads with adapters:                 8,581,021 (35.4%)
Reads written (passing filters):    24,231,096 (100.0%)

Total basepairs processed: 3,634,664,400 bp
Quality-trimmed:               8,109,826 bp (0.2%)
Total written (filtered):  3,612,036,327 bp (99.4%)

=== Adapter 1 ===

Sequence: AGATCGGAAGAGC; Type: regular 3'; Length: 13; Trimmed: 8581021 times

No. of allowed errors:
1-9 bp: 0; 10-13 bp: 1

Bases preceding removed adapters:
  A: 36.2%
  C: 24.8%
  G: 17.8%
  T: 21.2%
  none/other: 0.0%

Overview of removed sequences
length	count	expect	max.err	error counts
1	6568015	6057774.0	0	6568015
2	1326662	1514443.5	0	1326662
3	421584	378610.9	0	421584
4	106997	94652.7	0	106997
5	26661	23663.2	0	26661
6	9418	5915.8	0	9418
7	5588	1478.9	0	5588
8	5168	369.7	0	5168
9	4624	92.4	0	4234 390
10	4883	23.1	1	4099 784
11	4711	5.8	1	4124 587
12	4431	1.4	1	4086 345
13	3829	0.4	1	3568 261
14	3911	0.4	1	3587 324
15	3732	0.4	1	3454 278
16	3657	0.4	1	3351 306
17	3675	0.4	1	3342 333
18	3291	0.4	1	3081 210
19	2888	0.4	1	2688 200
20	3004	0.4	1	2811 193
21	2978	0.4	1	2751 227
22	2722	0.4	1	2538 184
23	2816	0.4	1	2636 180
24	2662	0.4	1	2443 219
25	2401	0.4	1	2221 180
26	2309	0.4	1	2128 181
27	2375	0.4	1	2197 178
28	2051	0.4	1	1915 136
29	2224	0.4	1	2045 179
30	1987	0.4	1	1851 136
31	1753	0.4	1	1625 128
32	1814	0.4	1	1704 110
33	1762	0.4	1	1653 109
34	1779	0.4	1	1631 148
35	1490	0.4	1	1415 75
36	1512	0.4	1	1392 120
37	1562	0.4	1	1460 102
38	1296	0.4	1	1210 86
39	1287	0.4	1	1193 94
40	1251	0.4	1	1171 80
41	1203	0.4	1	1123 80
42	1306	0.4	1	1227 79
43	1103	0.4	1	984 119
44	1144	0.4	1	1049 95
45	1750	0.4	1	1624 126
46	476	0.4	1	411 65
47	845	0.4	1	760 85
48	4079	0.4	1	3951 128
49	2018	0.4	1	1925 93
50	207	0.4	1	158 49
51	705	0.4	1	658 47
52	682	0.4	1	628 54
53	152	0.4	1	116 36
54	256	0.4	1	226 30
55	466	0.4	1	431 35
56	254	0.4	1	229 25
57	122	0.4	1	92 30
58	102	0.4	1	86 16
59	154	0.4	1	119 35
60	55	0.4	1	29 26
61	101	0.4	1	69 32
62	321	0.4	1	289 32
63	121	0.4	1	97 24
64	98	0.4	1	76 22
65	110	0.4	1	91 19
66	286	0.4	1	250 36
67	57	0.4	1	31 26
68	62	0.4	1	37 25
69	67	0.4	1	39 28
70	66	0.4	1	41 25
71	36	0.4	1	16 20
72	39	0.4	1	17 22
73	69	0.4	1	49 20
74	116	0.4	1	95 21
75	131	0.4	1	108 23
76	173	0.4	1	145 28
77	147	0.4	1	119 28
78	138	0.4	1	119 19
79	158	0.4	1	127 31
80	152	0.4	1	121 31
81	163	0.4	1	128 35
82	108	0.4	1	77 31
83	142	0.4	1	114 28
84	126	0.4	1	95 31
85	108	0.4	1	85 23
86	111	0.4	1	80 31
87	119	0.4	1	79 40
88	104	0.4	1	79 25
89	124	0.4	1	88 36
90	91	0.4	1	69 22
91	106	0.4	1	76 30
92	95	0.4	1	71 24
93	71	0.4	1	48 23
94	70	0.4	1	51 19
95	61	0.4	1	41 20
96	79	0.4	1	53 26
97	70	0.4	1	39 31
98	64	0.4	1	38 26
99	67	0.4	1	42 25
100	68	0.4	1	47 21
101	63	0.4	1	34 29
102	51	0.4	1	34 17
103	47	0.4	1	29 18
104	49	0.4	1	33 16
105	41	0.4	1	26 15
106	64	0.4	1	30 34
107	51	0.4	1	23 28
108	55	0.4	1	32 23
109	45	0.4	1	25 20
110	37	0.4	1	18 19
111	38	0.4	1	20 18
112	48	0.4	1	24 24
113	31	0.4	1	15 16
114	41	0.4	1	17 24
115	31	0.4	1	11 20
116	34	0.4	1	16 18
117	43	0.4	1	11 32
118	20	0.4	1	11 9
119	39	0.4	1	15 24
120	31	0.4	1	17 14
121	40	0.4	1	18 22
122	29	0.4	1	12 17
123	52	0.4	1	17 35
124	40	0.4	1	14 26
125	30	0.4	1	13 17
126	23	0.4	1	7 16
127	31	0.4	1	15 16
128	34	0.4	1	16 18
129	31	0.4	1	13 18
130	40	0.4	1	13 27
131	19	0.4	1	5 14
132	18	0.4	1	8 10
133	29	0.4	1	11 18
134	25	0.4	1	7 18
135	25	0.4	1	7 18
136	28	0.4	1	11 17
137	18	0.4	1	7 11
138	25	0.4	1	9 16
139	24	0.4	1	7 17
140	30	0.4	1	6 24
141	16	0.4	1	8 8
142	22	0.4	1	3 19
143	33	0.4	1	13 20
144	23	0.4	1	6 17
145	17	0.4	1	7 10
146	35	0.4	1	14 21
147	21	0.4	1	6 15
148	15	0.4	1	6 9
149	31	0.4	1	1 30
150	1124	0.4	1	3 1121

RUN STATISTICS FOR INPUT FILE: s146_R1_001.fastq.gz
=============================================
24231096 sequences processed in total

