
SUMMARISING RUN PARAMETERS
==========================
Input filename: s153_R2_001.fastq.gz
Trimming mode: paired-end
Trim Galore version: 0.6.10
Cutadapt version: 3.4
Number of cores used for trimming: 1
Quality Phred score cutoff: 20
Quality encoding type selected: ASCII+33
Using Illumina adapter for trimming (count: 5135). Second best hit was Nextera (count: 4)
Adapter sequence: 'AGATCGGAAGAGC' (Illumina TruSeq, Sanger iPCR; auto-detected)
Maximum trimming error rate: 0.1 (default)
Minimum required adapter overlap (stringency): 1 bp
Minimum required sequence length for both reads before a sequence pair gets removed: 20 bp
Running FastQC on the data once trimming has completed
Output file will be GZIP compressed


This is cutadapt 3.4 with Python 3.9.2
Command line parameters: -j 1 -e 0.1 -q 20 -O 1 -a AGATCGGAAGAGC s153_R2_001.fastq.gz
Processing reads on 1 core in single-end mode ...
Finished in 1507.88 s (58 µs/read; 1.04 M reads/minute).

=== Summary ===

Total reads processed:              26,096,616
Reads with adapters:                 9,217,032 (35.3%)
Reads written (passing filters):    26,096,616 (100.0%)

Total basepairs processed: 3,914,492,400 bp
Quality-trimmed:               9,974,738 bp (0.3%)
Total written (filtered):  3,886,866,118 bp (99.3%)

=== Adapter 1 ===

Sequence: AGATCGGAAGAGC; Type: regular 3'; Length: 13; Trimmed: 9217032 times

No. of allowed errors:
1-9 bp: 0; 10-13 bp: 1

Bases preceding removed adapters:
  A: 35.1%
  C: 25.2%
  G: 18.5%
  T: 21.1%
  none/other: 0.0%

Overview of removed sequences
length	count	expect	max.err	error counts
1	6907841	6524154.0	0	6907841
2	1491535	1631038.5	0	1491535
3	470858	407759.6	0	470858
4	113156	101939.9	0	113156
5	29507	25485.0	0	29507
6	11851	6371.2	0	11851
7	8279	1592.8	0	8279
8	7993	398.2	0	7993
9	5826	99.6	0	5424 402
10	7402	24.9	1	6153 1249
11	6821	6.2	1	5916 905
12	6966	1.6	1	6213 753
13	5774	0.4	1	5200 574
14	6111	0.4	1	5474 637
15	5126	0.4	1	4679 447
16	5302	0.4	1	4841 461
17	6452	0.4	1	5876 576
18	3760	0.4	1	3464 296
19	6182	0.4	1	5626 556
20	3975	0.4	1	3615 360
21	3694	0.4	1	3366 328
22	4220	0.4	1	3866 354
23	3936	0.4	1	3598 338
24	5471	0.4	1	4977 494
25	4244	0.4	1	3936 308
26	2801	0.4	1	2576 225
27	2801	0.4	1	2575 226
28	3544	0.4	1	3267 277
29	2975	0.4	1	2739 236
30	3630	0.4	1	3318 312
31	2456	0.4	1	2278 178
32	3516	0.4	1	3217 299
33	2747	0.4	1	2551 196
34	2459	0.4	1	2275 184
35	2444	0.4	1	2250 194
36	2163	0.4	1	1992 171
37	2452	0.4	1	2273 179
38	2444	0.4	1	2301 143
39	1738	0.4	1	1627 111
40	2015	0.4	1	1865 150
41	1968	0.4	1	1832 136
42	1798	0.4	1	1671 127
43	1731	0.4	1	1606 125
44	1690	0.4	1	1563 127
45	1765	0.4	1	1619 146
46	1662	0.4	1	1538 124
47	1432	0.4	1	1322 110
48	1450	0.4	1	1324 126
49	1499	0.4	1	1376 123
50	1171	0.4	1	1074 97
51	1213	0.4	1	1103 110
52	1171	0.4	1	1083 88
53	1134	0.4	1	1017 117
54	1157	0.4	1	1061 96
55	1002	0.4	1	922 80
56	1016	0.4	1	912 104
57	1287	0.4	1	1171 116
58	815	0.4	1	733 82
59	720	0.4	1	664 56
60	1054	0.4	1	959 95
61	689	0.4	1	640 49
62	669	0.4	1	614 55
63	1398	0.4	1	1289 109
64	645	0.4	1	583 62
65	433	0.4	1	383 50
66	538	0.4	1	495 43
67	649	0.4	1	594 55
68	613	0.4	1	561 52
69	558	0.4	1	513 45
70	586	0.4	1	530 56
71	546	0.4	1	502 44
72	462	0.4	1	425 37
73	677	0.4	1	616 61
74	438	0.4	1	402 36
75	348	0.4	1	317 31
76	242	0.4	1	204 38
77	219	0.4	1	186 33
78	278	0.4	1	239 39
79	264	0.4	1	218 46
80	285	0.4	1	251 34
81	289	0.4	1	234 55
82	278	0.4	1	236 42
83	316	0.4	1	266 50
84	284	0.4	1	244 40
85	255	0.4	1	227 28
86	266	0.4	1	218 48
87	247	0.4	1	198 49
88	224	0.4	1	189 35
89	216	0.4	1	166 50
90	225	0.4	1	186 39
91	193	0.4	1	153 40
92	173	0.4	1	139 34
93	191	0.4	1	150 41
94	159	0.4	1	125 34
95	167	0.4	1	125 42
96	177	0.4	1	139 38
97	146	0.4	1	110 36
98	151	0.4	1	115 36
99	153	0.4	1	123 30
100	161	0.4	1	133 28
101	147	0.4	1	104 43
102	115	0.4	1	91 24
103	119	0.4	1	87 32
104	125	0.4	1	98 27
105	108	0.4	1	74 34
106	115	0.4	1	90 25
107	107	0.4	1	74 33
108	99	0.4	1	78 21
109	87	0.4	1	61 26
110	94	0.4	1	62 32
111	73	0.4	1	56 17
112	100	0.4	1	63 37
113	70	0.4	1	39 31
114	88	0.4	1	43 45
115	67	0.4	1	50 17
116	85	0.4	1	55 30
117	59	0.4	1	35 24
118	62	0.4	1	37 25
119	76	0.4	1	50 26
120	74	0.4	1	47 27
121	57	0.4	1	32 25
122	60	0.4	1	43 17
123	54	0.4	1	38 16
124	59	0.4	1	34 25
125	40	0.4	1	23 17
126	50	0.4	1	34 16
127	47	0.4	1	20 27
128	56	0.4	1	32 24
129	52	0.4	1	33 19
130	40	0.4	1	23 17
131	32	0.4	1	21 11
132	51	0.4	1	26 25
133	39	0.4	1	24 15
134	35	0.4	1	19 16
135	43	0.4	1	18 25
136	35	0.4	1	14 21
137	29	0.4	1	15 14
138	33	0.4	1	20 13
139	39	0.4	1	13 26
140	42	0.4	1	13 29
141	26	0.4	1	14 12
142	26	0.4	1	12 14
143	17	0.4	1	4 13
144	28	0.4	1	6 22
145	33	0.4	1	7 26
146	37	0.4	1	15 22
147	24	0.4	1	8 16
148	27	0.4	1	13 14
149	11	0.4	1	1 10
150	30	0.4	1	15 15

RUN STATISTICS FOR INPUT FILE: s153_R2_001.fastq.gz
=============================================
26096616 sequences processed in total

Total number of sequences analysed for the sequence pair length validation: 26096616

Number of sequence pairs removed because at least one read was shorter than the length cutoff (20 bp): 8271 (0.03%)
