
SUMMARISING RUN PARAMETERS
==========================
Input filename: s153_R1_001.fastq.gz
Trimming mode: paired-end
Trim Galore version: 0.6.10
Cutadapt version: 3.4
Number of cores used for trimming: 1
Quality Phred score cutoff: 20
Quality encoding type selected: ASCII+33
Using Illumina adapter for trimming (count: 5135). Second best hit was Nextera (count: 4)
Adapter sequence: 'AGATCGGAAGAGC' (Illumina TruSeq, Sanger iPCR; auto-detected)
Maximum trimming error rate: 0.1 (default)
Minimum required adapter overlap (stringency): 1 bp
Minimum required sequence length for both reads before a sequence pair gets removed: 20 bp
Running FastQC on the data once trimming has completed
Output file will be GZIP compressed


This is cutadapt 3.4 with Python 3.9.2
Command line parameters: -j 1 -e 0.1 -q 20 -O 1 -a AGATCGGAAGAGC s153_R1_001.fastq.gz
Processing reads on 1 core in single-end mode ...
Finished in 1451.86 s (56 µs/read; 1.08 M reads/minute).

=== Summary ===

Total reads processed:              26,096,616
Reads with adapters:                 9,257,423 (35.5%)
Reads written (passing filters):    26,096,616 (100.0%)

Total basepairs processed: 3,914,492,400 bp
Quality-trimmed:               7,787,438 bp (0.2%)
Total written (filtered):  3,889,112,375 bp (99.4%)

=== Adapter 1 ===

Sequence: AGATCGGAAGAGC; Type: regular 3'; Length: 13; Trimmed: 9257423 times

No. of allowed errors:
1-9 bp: 0; 10-13 bp: 1

Bases preceding removed adapters:
  A: 35.6%
  C: 24.9%
  G: 18.3%
  T: 21.2%
  none/other: 0.0%

Overview of removed sequences
length	count	expect	max.err	error counts
1	6973344	6524154.0	0	6973344
2	1472510	1631038.5	0	1472510
3	469426	407759.6	0	469426
4	110693	101939.9	0	110693
5	28938	25485.0	0	28938
6	11752	6371.2	0	11752
7	7860	1592.8	0	7860
8	7521	398.2	0	7521
9	6734	99.6	0	6344 390
10	6983	24.9	1	5983 1000
11	7065	6.2	1	6278 787
12	6806	1.6	1	6309 497
13	5694	0.4	1	5294 400
14	5732	0.4	1	5295 437
15	5452	0.4	1	5057 395
16	5416	0.4	1	4983 433
17	5636	0.4	1	5208 428
18	4961	0.4	1	4640 321
19	4405	0.4	1	4137 268
20	4410	0.4	1	4114 296
21	4478	0.4	1	4159 319
22	4135	0.4	1	3901 234
23	4049	0.4	1	3790 259
24	4221	0.4	1	3858 363
25	3741	0.4	1	3469 272
26	3556	0.4	1	3328 228
27	3673	0.4	1	3454 219
28	3289	0.4	1	3065 224
29	3290	0.4	1	3028 262
30	3094	0.4	1	2894 200
31	2861	0.4	1	2647 214
32	2769	0.4	1	2579 190
33	2821	0.4	1	2623 198
34	2688	0.4	1	2498 190
35	2463	0.4	1	2315 148
36	2362	0.4	1	2216 146
37	2393	0.4	1	2249 144
38	2068	0.4	1	1938 130
39	1997	0.4	1	1868 129
40	2084	0.4	1	1963 121
41	2100	0.4	1	1951 149
42	2197	0.4	1	2037 160
43	1804	0.4	1	1621 183
44	1810	0.4	1	1654 156
45	3172	0.4	1	3000 172
46	834	0.4	1	727 107
47	1577	0.4	1	1427 150
48	7958	0.4	1	7714 244
49	3568	0.4	1	3403 165
50	312	0.4	1	251 61
51	1363	0.4	1	1281 82
52	1276	0.4	1	1207 69
53	281	0.4	1	232 49
54	468	0.4	1	423 45
55	999	0.4	1	943 56
56	479	0.4	1	430 49
57	187	0.4	1	156 31
58	171	0.4	1	136 35
59	317	0.4	1	269 48
60	129	0.4	1	93 36
61	148	0.4	1	105 43
62	590	0.4	1	548 42
63	219	0.4	1	179 40
64	211	0.4	1	169 42
65	192	0.4	1	146 46
66	565	0.4	1	512 53
67	102	0.4	1	72 30
68	110	0.4	1	89 21
69	136	0.4	1	105 31
70	143	0.4	1	114 29
71	53	0.4	1	29 24
72	68	0.4	1	43 25
73	129	0.4	1	105 24
74	245	0.4	1	208 37
75	277	0.4	1	256 21
76	323	0.4	1	291 32
77	320	0.4	1	285 35
78	319	0.4	1	280 39
79	296	0.4	1	258 38
80	310	0.4	1	272 38
81	270	0.4	1	227 43
82	276	0.4	1	241 35
83	284	0.4	1	240 44
84	293	0.4	1	246 47
85	219	0.4	1	186 33
86	265	0.4	1	221 44
87	224	0.4	1	188 36
88	233	0.4	1	204 29
89	196	0.4	1	155 41
90	207	0.4	1	179 28
91	178	0.4	1	144 34
92	165	0.4	1	127 38
93	174	0.4	1	142 32
94	152	0.4	1	124 28
95	147	0.4	1	117 30
96	172	0.4	1	140 32
97	134	0.4	1	104 30
98	136	0.4	1	109 27
99	144	0.4	1	111 33
100	135	0.4	1	110 25
101	118	0.4	1	93 25
102	119	0.4	1	90 29
103	114	0.4	1	81 33
104	120	0.4	1	95 25
105	98	0.4	1	71 27
106	117	0.4	1	88 29
107	80	0.4	1	60 20
108	86	0.4	1	63 23
109	78	0.4	1	60 18
110	82	0.4	1	51 31
111	78	0.4	1	56 22
112	85	0.4	1	63 22
113	68	0.4	1	39 29
114	72	0.4	1	43 29
115	71	0.4	1	38 33
116	69	0.4	1	45 24
117	39	0.4	1	25 14
118	52	0.4	1	36 16
119	65	0.4	1	41 24
120	65	0.4	1	43 22
121	52	0.4	1	30 22
122	66	0.4	1	38 28
123	60	0.4	1	32 28
124	40	0.4	1	27 13
125	45	0.4	1	18 27
126	49	0.4	1	29 20
127	40	0.4	1	16 24
128	59	0.4	1	35 24
129	41	0.4	1	26 15
130	40	0.4	1	21 19
131	34	0.4	1	18 16
132	49	0.4	1	28 21
133	45	0.4	1	25 20
134	33	0.4	1	18 15
135	27	0.4	1	17 10
136	34	0.4	1	15 19
137	29	0.4	1	18 11
138	27	0.4	1	18 9
139	29	0.4	1	15 14
140	30	0.4	1	15 15
141	31	0.4	1	14 17
142	26	0.4	1	13 13
143	18	0.4	1	4 14
144	21	0.4	1	6 15
145	19	0.4	1	6 13
146	36	0.4	1	14 22
147	25	0.4	1	8 17
148	25	0.4	1	13 12
149	25	0.4	1	3 22
150	1560	0.4	1	14 1546

RUN STATISTICS FOR INPUT FILE: s153_R1_001.fastq.gz
=============================================
26096616 sequences processed in total

