
SUMMARISING RUN PARAMETERS
==========================
Input filename: s158_R2_001.fastq.gz
Trimming mode: paired-end
Trim Galore version: 0.6.10
Cutadapt version: 3.4
Number of cores used for trimming: 1
Quality Phred score cutoff: 20
Quality encoding type selected: ASCII+33
Using Illumina adapter for trimming (count: 3863). Second best hit was Nextera (count: 5)
Adapter sequence: 'AGATCGGAAGAGC' (Illumina TruSeq, Sanger iPCR; auto-detected)
Maximum trimming error rate: 0.1 (default)
Minimum required adapter overlap (stringency): 1 bp
Minimum required sequence length for both reads before a sequence pair gets removed: 20 bp
Running FastQC on the data once trimming has completed
Output file will be GZIP compressed


This is cutadapt 3.4 with Python 3.9.2
Command line parameters: -j 1 -e 0.1 -q 20 -O 1 -a AGATCGGAAGAGC s158_R2_001.fastq.gz
Processing reads on 1 core in single-end mode ...
Finished in 5229.79 s (77 µs/read; 0.78 M reads/minute).

=== Summary ===

Total reads processed:              68,177,364
Reads with adapters:                24,621,608 (36.1%)
Reads written (passing filters):    68,177,364 (100.0%)

Total basepairs processed: 10,226,604,600 bp
Quality-trimmed:              37,668,014 bp (0.4%)
Total written (filtered):  10,142,628,065 bp (99.2%)

=== Adapter 1 ===

Sequence: AGATCGGAAGAGC; Type: regular 3'; Length: 13; Trimmed: 24621608 times

No. of allowed errors:
1-9 bp: 0; 10-13 bp: 1

Bases preceding removed adapters:
  A: 37.7%
  C: 23.9%
  G: 17.3%
  T: 21.2%
  none/other: 0.0%

Overview of removed sequences
length	count	expect	max.err	error counts
1	18216318	17044341.0	0	18216318
2	4349202	4261085.2	0	4349202
3	1372146	1065271.3	0	1372146
4	290542	266317.8	0	290542
5	64050	66579.5	0	64050
6	16740	16644.9	0	16740
7	8793	4161.2	0	8793
8	8380	1040.3	0	8380
9	7078	260.1	0	5571 1507
10	9003	65.0	1	6412 2591
11	7815	16.3	1	6048 1767
12	7382	4.1	1	6077 1305
13	6271	1.0	1	5308 963
14	6998	1.0	1	5915 1083
15	5648	1.0	1	4875 773
16	6282	1.0	1	5347 935
17	6928	1.0	1	5934 994
18	5020	1.0	1	4332 688
19	5685	1.0	1	4879 806
20	6145	1.0	1	5289 856
21	5208	1.0	1	4425 783
22	5287	1.0	1	4484 803
23	5056	1.0	1	4370 686
24	6058	1.0	1	5214 844
25	5479	1.0	1	4794 685
26	3908	1.0	1	3332 576
27	3940	1.0	1	3376 564
28	4252	1.0	1	3706 546
29	3745	1.0	1	3172 573
30	3714	1.0	1	3195 519
31	3247	1.0	1	2803 444
32	3365	1.0	1	2845 520
33	3732	1.0	1	3139 593
34	3115	1.0	1	2675 440
35	3198	1.0	1	2758 440
36	3174	1.0	1	2729 445
37	2811	1.0	1	2442 369
38	3294	1.0	1	2779 515
39	2983	1.0	1	2578 405
40	3063	1.0	1	2676 387
41	2079	1.0	1	1773 306
42	2894	1.0	1	2469 425
43	2450	1.0	1	2131 319
44	2786	1.0	1	2369 417
45	2773	1.0	1	2352 421
46	2557	1.0	1	2195 362
47	2568	1.0	1	2179 389
48	2328	1.0	1	2003 325
49	2274	1.0	1	1926 348
50	1882	1.0	1	1608 274
51	1940	1.0	1	1583 357
52	1781	1.0	1	1478 303
53	1844	1.0	1	1533 311
54	1922	1.0	1	1572 350
55	1511	1.0	1	1245 266
56	1829	1.0	1	1486 343
57	2389	1.0	1	1961 428
58	1419	1.0	1	1153 266
59	1579	1.0	1	1349 230
60	2173	1.0	1	1780 393
61	1431	1.0	1	1177 254
62	1128	1.0	1	921 207
63	2652	1.0	1	2235 417
64	1227	1.0	1	930 297
65	872	1.0	1	669 203
66	968	1.0	1	759 209
67	1164	1.0	1	967 197
68	1301	1.0	1	1058 243
69	1056	1.0	1	855 201
70	1258	1.0	1	1021 237
71	1280	1.0	1	1062 218
72	1256	1.0	1	1077 179
73	2265	1.0	1	2010 255
74	1916	1.0	1	1725 191
75	2674	1.0	1	2479 195
76	1308	1.0	1	1158 150
77	835	1.0	1	660 175
78	1243	1.0	1	1081 162
79	926	1.0	1	765 161
80	1053	1.0	1	896 157
81	1058	1.0	1	866 192
82	2850	1.0	1	2595 255
83	2885	1.0	1	2670 215
84	2670	1.0	1	2437 233
85	11956	1.0	1	11422 534
86	15324	1.0	1	14716 608
87	1851	1.0	1	1638 213
88	1319	1.0	1	1146 173
89	1053	1.0	1	867 186
90	958	1.0	1	789 169
91	872	1.0	1	706 166
92	1463	1.0	1	1289 174
93	1730	1.0	1	1540 190
94	894	1.0	1	728 166
95	1259	1.0	1	1124 135
96	4560	1.0	1	4307 253
97	875	1.0	1	715 160
98	661	1.0	1	522 139
99	630	1.0	1	502 128
100	665	1.0	1	531 134
101	574	1.0	1	426 148
102	567	1.0	1	447 120
103	698	1.0	1	569 129
104	1050	1.0	1	936 114
105	457	1.0	1	351 106
106	634	1.0	1	514 120
107	411	1.0	1	298 113
108	315	1.0	1	227 88
109	307	1.0	1	207 100
110	302	1.0	1	221 81
111	297	1.0	1	204 93
112	289	1.0	1	194 95
113	261	1.0	1	174 87
114	270	1.0	1	175 95
115	224	1.0	1	152 72
116	191	1.0	1	117 74
117	230	1.0	1	143 87
118	210	1.0	1	118 92
119	183	1.0	1	115 68
120	161	1.0	1	83 78
121	159	1.0	1	90 69
122	157	1.0	1	68 89
123	147	1.0	1	75 72
124	130	1.0	1	60 70
125	131	1.0	1	79 52
126	126	1.0	1	57 69
127	111	1.0	1	50 61
128	112	1.0	1	57 55
129	92	1.0	1	60 32
130	78	1.0	1	43 35
131	73	1.0	1	30 43
132	83	1.0	1	49 34
133	80	1.0	1	38 42
134	120	1.0	1	73 47
135	53	1.0	1	23 30
136	63	1.0	1	29 34
137	61	1.0	1	20 41
138	74	1.0	1	18 56
139	54	1.0	1	19 35
140	55	1.0	1	23 32
141	81	1.0	1	44 37
142	54	1.0	1	26 28
143	44	1.0	1	18 26
144	49	1.0	1	22 27
145	55	1.0	1	20 35
146	73	1.0	1	32 41
147	76	1.0	1	38 38
148	63	1.0	1	15 48
149	54	1.0	1	4 50
150	90	1.0	1	31 59

RUN STATISTICS FOR INPUT FILE: s158_R2_001.fastq.gz
=============================================
68177364 sequences processed in total

Total number of sequences analysed for the sequence pair length validation: 68177364

Number of sequence pairs removed because at least one read was shorter than the length cutoff (20 bp): 35937 (0.05%)
