
SUMMARISING RUN PARAMETERS
==========================
Input filename: s161_R1_001.fastq.gz
Trimming mode: paired-end
Trim Galore version: 0.6.10
Cutadapt version: 3.4
Number of cores used for trimming: 1
Quality Phred score cutoff: 20
Quality encoding type selected: ASCII+33
Using Illumina adapter for trimming (count: 5000). Second best hit was Nextera (count: 16)
Adapter sequence: 'AGATCGGAAGAGC' (Illumina TruSeq, Sanger iPCR; auto-detected)
Maximum trimming error rate: 0.1 (default)
Minimum required adapter overlap (stringency): 1 bp
Minimum required sequence length for both reads before a sequence pair gets removed: 20 bp
Running FastQC on the data once trimming has completed
Output file will be GZIP compressed


This is cutadapt 3.4 with Python 3.9.2
Command line parameters: -j 1 -e 0.1 -q 20 -O 1 -a AGATCGGAAGAGC s161_R1_001.fastq.gz
Processing reads on 1 core in single-end mode ...
Finished in 2627.80 s (55 µs/read; 1.10 M reads/minute).

=== Summary ===

Total reads processed:              48,017,234
Reads with adapters:                17,418,612 (36.3%)
Reads written (passing filters):    48,017,234 (100.0%)

Total basepairs processed: 7,202,585,100 bp
Quality-trimmed:              13,199,510 bp (0.2%)
Total written (filtered):  7,156,872,587 bp (99.4%)

=== Adapter 1 ===

Sequence: AGATCGGAAGAGC; Type: regular 3'; Length: 13; Trimmed: 17418612 times

No. of allowed errors:
1-9 bp: 0; 10-13 bp: 1

Bases preceding removed adapters:
  A: 36.3%
  C: 24.7%
  G: 17.2%
  T: 21.8%
  none/other: 0.0%

Overview of removed sequences
length	count	expect	max.err	error counts
1	13135916	12004308.5	0	13135916
2	2804880	3001077.1	0	2804880
3	889162	750269.3	0	889162
4	207171	187567.3	0	207171
5	50901	46891.8	0	50901
6	17269	11723.0	0	17269
7	10914	2930.7	0	10914
8	10276	732.7	0	10276
9	9754	183.2	0	8912 842
10	10067	45.8	1	8372 1695
11	10279	11.4	1	8887 1392
12	9553	2.9	1	8676 877
13	8729	0.7	1	8041 688
14	8814	0.7	1	8024 790
15	8634	0.7	1	8034 600
16	9061	0.7	1	8146 915
17	9197	0.7	1	8259 938
18	8057	0.7	1	7463 594
19	7446	0.7	1	6873 573
20	7751	0.7	1	7104 647
21	7735	0.7	1	7003 732
22	7220	0.7	1	6668 552
23	7560	0.7	1	6924 636
24	7109	0.7	1	6447 662
25	6775	0.7	1	6245 530
26	6596	0.7	1	6041 555
27	6243	0.7	1	5736 507
28	5130	0.7	1	4783 347
29	5213	0.7	1	4709 504
30	4530	0.7	1	4218 312
31	4109	0.7	1	3773 336
32	3937	0.7	1	3625 312
33	4114	0.7	1	3721 393
34	4290	0.7	1	3879 411
35	3922	0.7	1	3591 331
36	3632	0.7	1	3378 254
37	3942	0.7	1	3632 310
38	3592	0.7	1	3300 292
39	3626	0.7	1	3293 333
40	3682	0.7	1	3364 318
41	3374	0.7	1	3108 266
42	3878	0.7	1	3573 305
43	2912	0.7	1	2633 279
44	3403	0.7	1	3057 346
45	4804	0.7	1	4470 334
46	1564	0.7	1	1383 181
47	2628	0.7	1	2420 208
48	3329	0.7	1	3075 254
49	2524	0.7	1	2302 222
50	1942	0.7	1	1740 202
51	2877	0.7	1	2626 251
52	2008	0.7	1	1838 170
53	1432	0.7	1	1294 138
54	1879	0.7	1	1718 161
55	2328	0.7	1	2147 181
56	1786	0.7	1	1622 164
57	2188	0.7	1	2038 150
58	1812	0.7	1	1663 149
59	1919	0.7	1	1759 160
60	1054	0.7	1	960 94
61	912	0.7	1	790 122
62	1683	0.7	1	1548 135
63	1258	0.7	1	1168 90
64	772	0.7	1	687 85
65	720	0.7	1	651 69
66	1778	0.7	1	1670 108
67	720	0.7	1	654 66
68	1031	0.7	1	929 102
69	642	0.7	1	554 88
70	542	0.7	1	463 79
71	157	0.7	1	85 72
72	157	0.7	1	109 48
73	419	0.7	1	348 71
74	483	0.7	1	414 69
75	631	0.7	1	543 88
76	662	0.7	1	586 76
77	740	0.7	1	649 91
78	733	0.7	1	644 89
79	707	0.7	1	622 85
80	723	0.7	1	638 85
81	740	0.7	1	645 95
82	697	0.7	1	613 84
83	675	0.7	1	587 88
84	611	0.7	1	537 74
85	551	0.7	1	481 70
86	554	0.7	1	487 67
87	527	0.7	1	458 69
88	558	0.7	1	485 73
89	453	0.7	1	405 48
90	479	0.7	1	411 68
91	445	0.7	1	375 70
92	421	0.7	1	374 47
93	409	0.7	1	336 73
94	396	0.7	1	315 81
95	387	0.7	1	311 76
96	334	0.7	1	281 53
97	383	0.7	1	313 70
98	353	0.7	1	287 66
99	349	0.7	1	294 55
100	321	0.7	1	259 62
101	284	0.7	1	240 44
102	251	0.7	1	209 42
103	251	0.7	1	192 59
104	390	0.7	1	345 45
105	194	0.7	1	144 50
106	186	0.7	1	137 49
107	211	0.7	1	150 61
108	175	0.7	1	130 45
109	206	0.7	1	166 40
110	170	0.7	1	129 41
111	159	0.7	1	117 42
112	154	0.7	1	113 41
113	152	0.7	1	110 42
114	118	0.7	1	83 35
115	118	0.7	1	77 41
116	127	0.7	1	91 36
117	113	0.7	1	73 40
118	93	0.7	1	54 39
119	95	0.7	1	51 44
120	68	0.7	1	38 30
121	87	0.7	1	54 33
122	72	0.7	1	27 45
123	80	0.7	1	42 38
124	70	0.7	1	24 46
125	60	0.7	1	21 39
126	54	0.7	1	21 33
127	48	0.7	1	19 29
128	40	0.7	1	15 25
129	49	0.7	1	23 26
130	48	0.7	1	9 39
131	32	0.7	1	5 27
132	37	0.7	1	17 20
133	54	0.7	1	15 39
134	72	0.7	1	23 49
135	40	0.7	1	5 35
136	31	0.7	1	5 26
137	36	0.7	1	8 28
138	27	0.7	1	5 22
139	39	0.7	1	3 36
140	36	0.7	1	12 24
141	49	0.7	1	17 32
142	28	0.7	1	6 22
143	34	0.7	1	1 33
144	30	0.7	1	7 23
145	29	0.7	1	6 23
146	42	0.7	1	7 35
147	35	0.7	1	9 26
148	53	0.7	1	6 47
149	80	0.7	1	0 80
150	2163	0.7	1	7 2156

RUN STATISTICS FOR INPUT FILE: s161_R1_001.fastq.gz
=============================================
48017234 sequences processed in total

