
SUMMARISING RUN PARAMETERS
==========================
Input filename: s162_R2_001.fastq.gz
Trimming mode: paired-end
Trim Galore version: 0.6.10
Cutadapt version: 3.4
Number of cores used for trimming: 1
Quality Phred score cutoff: 20
Quality encoding type selected: ASCII+33
Using Illumina adapter for trimming (count: 10904). Second best hit was Nextera (count: 17)
Adapter sequence: 'AGATCGGAAGAGC' (Illumina TruSeq, Sanger iPCR; auto-detected)
Maximum trimming error rate: 0.1 (default)
Minimum required adapter overlap (stringency): 1 bp
Minimum required sequence length for both reads before a sequence pair gets removed: 20 bp
Running FastQC on the data once trimming has completed
Output file will be GZIP compressed


This is cutadapt 3.4 with Python 3.9.2
Command line parameters: -j 1 -e 0.1 -q 20 -O 1 -a AGATCGGAAGAGC s162_R2_001.fastq.gz
Processing reads on 1 core in single-end mode ...
Finished in 2241.41 s (60 µs/read; 1.00 M reads/minute).

=== Summary ===

Total reads processed:              37,172,221
Reads with adapters:                13,872,150 (37.3%)
Reads written (passing filters):    37,172,221 (100.0%)

Total basepairs processed: 5,575,833,150 bp
Quality-trimmed:              18,103,063 bp (0.3%)
Total written (filtered):  5,522,608,133 bp (99.0%)

=== Adapter 1 ===

Sequence: AGATCGGAAGAGC; Type: regular 3'; Length: 13; Trimmed: 13872150 times

No. of allowed errors:
1-9 bp: 0; 10-13 bp: 1

Bases preceding removed adapters:
  A: 36.7%
  C: 23.8%
  G: 16.8%
  T: 22.7%
  none/other: 0.0%

Overview of removed sequences
length	count	expect	max.err	error counts
1	10242571	9293055.2	0	10242571
2	2202546	2323263.8	0	2202546
3	716222	580816.0	0	716222
4	176446	145204.0	0	176446
5	44864	36301.0	0	44864
6	16740	9075.2	0	16740
7	12020	2268.8	0	12020
8	12245	567.2	0	12245
9	9157	141.8	0	8526 631
10	11555	35.5	1	9630 1925
11	10975	8.9	1	9405 1570
12	11377	2.2	1	9965 1412
13	10087	0.6	1	8942 1145
14	11633	0.6	1	10350 1283
15	10307	0.6	1	9290 1017
16	11047	0.6	1	9964 1083
17	12940	0.6	1	11659 1281
18	8322	0.6	1	7579 743
19	13018	0.6	1	11823 1195
20	9352	0.6	1	8524 828
21	8906	0.6	1	8068 838
22	9944	0.6	1	8916 1028
23	9944	0.6	1	9081 863
24	11331	0.6	1	10220 1111
25	11008	0.6	1	10095 913
26	7615	0.6	1	6954 661
27	7523	0.6	1	6860 663
28	7861	0.6	1	7233 628
29	6844	0.6	1	6247 597
30	6912	0.6	1	6282 630
31	5467	0.6	1	5014 453
32	6310	0.6	1	5760 550
33	6114	0.6	1	5638 476
34	5459	0.6	1	4988 471
35	5827	0.6	1	5374 453
36	7177	0.6	1	6551 626
37	6906	0.6	1	6465 441
38	5438	0.6	1	5038 400
39	5358	0.6	1	4931 427
40	5384	0.6	1	4956 428
41	5870	0.6	1	5412 458
42	5634	0.6	1	5257 377
43	5500	0.6	1	5123 377
44	5817	0.6	1	5399 418
45	6082	0.6	1	5670 412
46	6412	0.6	1	5946 466
47	5332	0.6	1	4958 374
48	5145	0.6	1	4794 351
49	5187	0.6	1	4786 401
50	4134	0.6	1	3834 300
51	4247	0.6	1	3911 336
52	3856	0.6	1	3559 297
53	3742	0.6	1	3483 259
54	4019	0.6	1	3716 303
55	3355	0.6	1	3123 232
56	3887	0.6	1	3601 286
57	5067	0.6	1	4689 378
58	3579	0.6	1	3285 294
59	3279	0.6	1	3062 217
60	4592	0.6	1	4249 343
61	2935	0.6	1	2715 220
62	2282	0.6	1	2120 162
63	4799	0.6	1	4457 342
64	2022	0.6	1	1812 210
65	1721	0.6	1	1570 151
66	1806	0.6	1	1649 157
67	2364	0.6	1	2189 175
68	2229	0.6	1	2051 178
69	1959	0.6	1	1807 152
70	2252	0.6	1	2096 156
71	2126	0.6	1	1989 137
72	1949	0.6	1	1814 135
73	2819	0.6	1	2653 166
74	1988	0.6	1	1854 134
75	1858	0.6	1	1735 123
76	1131	0.6	1	1043 88
77	1221	0.6	1	1122 99
78	1446	0.6	1	1329 117
79	1631	0.6	1	1519 112
80	1842	0.6	1	1710 132
81	1733	0.6	1	1618 115
82	1726	0.6	1	1596 130
83	1779	0.6	1	1645 134
84	1624	0.6	1	1491 133
85	1515	0.6	1	1375 140
86	1373	0.6	1	1262 111
87	1324	0.6	1	1227 97
88	1342	0.6	1	1211 131
89	1222	0.6	1	1113 109
90	1259	0.6	1	1167 92
91	1205	0.6	1	1083 122
92	1082	0.6	1	978 104
93	1044	0.6	1	950 94
94	971	0.6	1	886 85
95	917	0.6	1	822 95
96	896	0.6	1	809 87
97	872	0.6	1	774 98
98	934	0.6	1	832 102
99	892	0.6	1	805 87
100	850	0.6	1	765 85
101	804	0.6	1	722 82
102	705	0.6	1	624 81
103	610	0.6	1	534 76
104	652	0.6	1	583 69
105	493	0.6	1	422 71
106	418	0.6	1	358 60
107	458	0.6	1	392 66
108	493	0.6	1	425 68
109	436	0.6	1	380 56
110	405	0.6	1	345 60
111	403	0.6	1	345 58
112	353	0.6	1	301 52
113	308	0.6	1	264 44
114	314	0.6	1	265 49
115	289	0.6	1	233 56
116	218	0.6	1	168 50
117	230	0.6	1	178 52
118	208	0.6	1	163 45
119	179	0.6	1	129 50
120	149	0.6	1	94 55
121	149	0.6	1	98 51
122	135	0.6	1	88 47
123	117	0.6	1	74 43
124	94	0.6	1	61 33
125	102	0.6	1	59 43
126	70	0.6	1	41 29
127	52	0.6	1	26 26
128	66	0.6	1	29 37
129	50	0.6	1	35 15
130	38	0.6	1	20 18
131	33	0.6	1	13 20
132	60	0.6	1	28 32
133	39	0.6	1	15 24
134	54	0.6	1	29 25
135	33	0.6	1	9 24
136	41	0.6	1	13 28
137	32	0.6	1	14 18
138	36	0.6	1	15 21
139	21	0.6	1	9 12
140	41	0.6	1	17 24
141	40	0.6	1	18 22
142	25	0.6	1	11 14
143	28	0.6	1	7 21
144	20	0.6	1	10 10
145	18	0.6	1	8 10
146	38	0.6	1	18 20
147	43	0.6	1	23 20
148	21	0.6	1	4 17
149	14	0.6	1	1 13
150	87	0.6	1	16 71

RUN STATISTICS FOR INPUT FILE: s162_R2_001.fastq.gz
=============================================
37172221 sequences processed in total

Total number of sequences analysed for the sequence pair length validation: 37172221

Number of sequence pairs removed because at least one read was shorter than the length cutoff (20 bp): 15266 (0.04%)
