
SUMMARISING RUN PARAMETERS
==========================
Input filename: s167_R1_001.fastq.gz
Trimming mode: paired-end
Trim Galore version: 0.6.10
Cutadapt version: 3.4
Number of cores used for trimming: 1
Quality Phred score cutoff: 20
Quality encoding type selected: ASCII+33
Using Illumina adapter for trimming (count: 1977). Second best hit was Nextera (count: 8)
Adapter sequence: 'AGATCGGAAGAGC' (Illumina TruSeq, Sanger iPCR; auto-detected)
Maximum trimming error rate: 0.1 (default)
Minimum required adapter overlap (stringency): 1 bp
Minimum required sequence length for both reads before a sequence pair gets removed: 20 bp
Running FastQC on the data once trimming has completed
Output file will be GZIP compressed


This is cutadapt 3.4 with Python 3.9.2
Command line parameters: -j 1 -e 0.1 -q 20 -O 1 -a AGATCGGAAGAGC s167_R1_001.fastq.gz
Processing reads on 1 core in single-end mode ...
Finished in 1386.52 s (54 µs/read; 1.11 M reads/minute).

=== Summary ===

Total reads processed:              25,544,339
Reads with adapters:                 9,179,820 (35.9%)
Reads written (passing filters):    25,544,339 (100.0%)

Total basepairs processed: 3,831,650,850 bp
Quality-trimmed:               8,201,123 bp (0.2%)
Total written (filtered):  3,809,103,365 bp (99.4%)

=== Adapter 1 ===

Sequence: AGATCGGAAGAGC; Type: regular 3'; Length: 13; Trimmed: 9179820 times

No. of allowed errors:
1-9 bp: 0; 10-13 bp: 1

Bases preceding removed adapters:
  A: 36.0%
  C: 25.2%
  G: 17.4%
  T: 21.4%
  none/other: 0.0%

Overview of removed sequences
length	count	expect	max.err	error counts
1	6994008	6386084.8	0	6994008
2	1496836	1596521.2	0	1496836
3	469665	399130.3	0	469665
4	105925	99782.6	0	105925
5	24638	24945.6	0	24638
6	6952	6236.4	0	6952
7	3990	1559.1	0	3990
8	3692	389.8	0	3692
9	3595	97.4	0	3148 447
10	3559	24.4	1	2785 774
11	3466	6.1	1	2900 566
12	3189	1.5	1	2883 306
13	2601	0.4	1	2424 177
14	2692	0.4	1	2442 250
15	2454	0.4	1	2267 187
16	2559	0.4	1	2334 225
17	2534	0.4	1	2296 238
18	2212	0.4	1	2047 165
19	2075	0.4	1	1916 159
20	2040	0.4	1	1909 131
21	2002	0.4	1	1840 162
22	1910	0.4	1	1748 162
23	1832	0.4	1	1701 131
24	1708	0.4	1	1555 153
25	1551	0.4	1	1437 114
26	1526	0.4	1	1412 114
27	1502	0.4	1	1370 132
28	1368	0.4	1	1263 105
29	1432	0.4	1	1284 148
30	1230	0.4	1	1140 90
31	1170	0.4	1	1078 92
32	1122	0.4	1	1040 82
33	1110	0.4	1	1005 105
34	1091	0.4	1	984 107
35	882	0.4	1	792 90
36	907	0.4	1	817 90
37	965	0.4	1	836 129
38	816	0.4	1	735 81
39	792	0.4	1	729 63
40	777	0.4	1	691 86
41	793	0.4	1	700 93
42	677	0.4	1	602 75
43	591	0.4	1	512 79
44	579	0.4	1	495 84
45	805	0.4	1	726 79
46	240	0.4	1	193 47
47	408	0.4	1	355 53
48	840	0.4	1	747 93
49	384	0.4	1	326 58
50	267	0.4	1	220 47
51	504	0.4	1	450 54
52	389	0.4	1	328 61
53	239	0.4	1	198 41
54	391	0.4	1	337 54
55	533	0.4	1	472 61
56	273	0.4	1	223 50
57	295	0.4	1	263 32
58	197	0.4	1	170 27
59	265	0.4	1	221 44
60	137	0.4	1	101 36
61	115	0.4	1	83 32
62	273	0.4	1	239 34
63	158	0.4	1	129 29
64	96	0.4	1	66 30
65	97	0.4	1	75 22
66	271	0.4	1	237 34
67	73	0.4	1	50 23
68	116	0.4	1	88 28
69	96	0.4	1	58 38
70	60	0.4	1	33 27
71	37	0.4	1	11 26
72	55	0.4	1	27 28
73	70	0.4	1	45 25
74	100	0.4	1	71 29
75	89	0.4	1	65 24
76	110	0.4	1	80 30
77	101	0.4	1	62 39
78	99	0.4	1	66 33
79	98	0.4	1	75 23
80	98	0.4	1	60 38
81	69	0.4	1	43 26
82	94	0.4	1	56 38
83	73	0.4	1	45 28
84	79	0.4	1	57 22
85	81	0.4	1	54 27
86	105	0.4	1	62 43
87	73	0.4	1	42 31
88	70	0.4	1	36 34
89	81	0.4	1	41 40
90	66	0.4	1	44 22
91	80	0.4	1	47 33
92	64	0.4	1	35 29
93	70	0.4	1	39 31
94	62	0.4	1	39 23
95	67	0.4	1	41 26
96	66	0.4	1	43 23
97	68	0.4	1	32 36
98	48	0.4	1	32 16
99	50	0.4	1	26 24
100	51	0.4	1	34 17
101	43	0.4	1	26 17
102	43	0.4	1	23 20
103	66	0.4	1	35 31
104	195	0.4	1	165 30
105	60	0.4	1	32 28
106	41	0.4	1	24 17
107	43	0.4	1	23 20
108	57	0.4	1	24 33
109	47	0.4	1	17 30
110	41	0.4	1	13 28
111	31	0.4	1	12 19
112	35	0.4	1	13 22
113	61	0.4	1	31 30
114	42	0.4	1	21 21
115	35	0.4	1	14 21
116	37	0.4	1	12 25
117	44	0.4	1	24 20
118	30	0.4	1	12 18
119	36	0.4	1	14 22
120	38	0.4	1	22 16
121	38	0.4	1	14 24
122	32	0.4	1	14 18
123	36	0.4	1	20 16
124	21	0.4	1	9 12
125	26	0.4	1	9 17
126	30	0.4	1	7 23
127	18	0.4	1	4 14
128	33	0.4	1	10 23
129	17	0.4	1	6 11
130	28	0.4	1	9 19
131	20	0.4	1	9 11
132	19	0.4	1	5 14
133	23	0.4	1	1 22
134	38	0.4	1	14 24
135	18	0.4	1	5 13
136	25	0.4	1	5 20
137	16	0.4	1	2 14
138	20	0.4	1	5 15
139	11	0.4	1	4 7
140	23	0.4	1	4 19
141	16	0.4	1	7 9
142	13	0.4	1	1 12
143	15	0.4	1	1 14
144	15	0.4	1	4 11
145	17	0.4	1	5 12
146	16	0.4	1	1 15
147	18	0.4	1	2 16
148	23	0.4	1	2 21
149	26	0.4	1	2 24
150	1333	0.4	1	3 1330

RUN STATISTICS FOR INPUT FILE: s167_R1_001.fastq.gz
=============================================
25544339 sequences processed in total

