
SUMMARISING RUN PARAMETERS
==========================
Input filename: s168_R1_001.fastq.gz
Trimming mode: paired-end
Trim Galore version: 0.6.10
Cutadapt version: 3.4
Number of cores used for trimming: 1
Quality Phred score cutoff: 20
Quality encoding type selected: ASCII+33
Using Illumina adapter for trimming (count: 3171). Second best hit was Nextera (count: 4)
Adapter sequence: 'AGATCGGAAGAGC' (Illumina TruSeq, Sanger iPCR; auto-detected)
Maximum trimming error rate: 0.1 (default)
Minimum required adapter overlap (stringency): 1 bp
Minimum required sequence length for both reads before a sequence pair gets removed: 20 bp
Running FastQC on the data once trimming has completed
Output file will be GZIP compressed


This is cutadapt 3.4 with Python 3.9.2
Command line parameters: -j 1 -e 0.1 -q 20 -O 1 -a AGATCGGAAGAGC s168_R1_001.fastq.gz
Processing reads on 1 core in single-end mode ...
Finished in 1434.79 s (54 µs/read; 1.11 M reads/minute).

=== Summary ===

Total reads processed:              26,624,121
Reads with adapters:                 9,608,892 (36.1%)
Reads written (passing filters):    26,624,121 (100.0%)

Total basepairs processed: 3,993,618,150 bp
Quality-trimmed:               7,848,897 bp (0.2%)
Total written (filtered):  3,969,663,369 bp (99.4%)

=== Adapter 1 ===

Sequence: AGATCGGAAGAGC; Type: regular 3'; Length: 13; Trimmed: 9608892 times

No. of allowed errors:
1-9 bp: 0; 10-13 bp: 1

Bases preceding removed adapters:
  A: 36.3%
  C: 24.9%
  G: 17.4%
  T: 21.4%
  none/other: 0.0%

Overview of removed sequences
length	count	expect	max.err	error counts
1	7309926	6656030.2	0	7309926
2	1537866	1664007.6	0	1537866
3	489490	416001.9	0	489490
4	112431	104000.5	0	112431
5	26733	26000.1	0	26733
6	8506	6500.0	0	8506
7	5333	1625.0	0	5333
8	5309	406.3	0	5309
9	4908	101.6	0	4428 480
10	5041	25.4	1	4150 891
11	4970	6.3	1	4329 641
12	4539	1.6	1	4144 395
13	3842	0.4	1	3589 253
14	3916	0.4	1	3602 314
15	3760	0.4	1	3508 252
16	3854	0.4	1	3510 344
17	3767	0.4	1	3454 313
18	3306	0.4	1	3075 231
19	2925	0.4	1	2730 195
20	3042	0.4	1	2831 211
21	3049	0.4	1	2792 257
22	2819	0.4	1	2646 173
23	2731	0.4	1	2525 206
24	2680	0.4	1	2455 225
25	2372	0.4	1	2204 168
26	2471	0.4	1	2302 169
27	2374	0.4	1	2206 168
28	2092	0.4	1	1922 170
29	1993	0.4	1	1794 199
30	1979	0.4	1	1834 145
31	1819	0.4	1	1698 121
32	1873	0.4	1	1734 139
33	1726	0.4	1	1601 125
34	1705	0.4	1	1600 105
35	1482	0.4	1	1365 117
36	1506	0.4	1	1387 119
37	1423	0.4	1	1301 122
38	1172	0.4	1	1079 93
39	1320	0.4	1	1203 117
40	1283	0.4	1	1151 132
41	1254	0.4	1	1153 101
42	1154	0.4	1	1073 81
43	1005	0.4	1	900 105
44	1036	0.4	1	926 110
45	1499	0.4	1	1394 105
46	427	0.4	1	365 62
47	712	0.4	1	643 69
48	1434	0.4	1	1332 102
49	693	0.4	1	634 59
50	444	0.4	1	399 45
51	893	0.4	1	810 83
52	646	0.4	1	574 72
53	391	0.4	1	346 45
54	640	0.4	1	596 44
55	1064	0.4	1	975 89
56	481	0.4	1	438 43
57	578	0.4	1	539 39
58	342	0.4	1	287 55
59	514	0.4	1	466 48
60	216	0.4	1	182 34
61	191	0.4	1	151 40
62	555	0.4	1	515 40
63	385	0.4	1	336 49
64	185	0.4	1	150 35
65	233	0.4	1	189 44
66	599	0.4	1	539 60
67	162	0.4	1	130 32
68	228	0.4	1	198 30
69	153	0.4	1	119 34
70	131	0.4	1	97 34
71	44	0.4	1	27 17
72	80	0.4	1	48 32
73	135	0.4	1	111 24
74	190	0.4	1	153 37
75	194	0.4	1	166 28
76	155	0.4	1	128 27
77	176	0.4	1	143 33
78	151	0.4	1	122 29
79	155	0.4	1	121 34
80	151	0.4	1	117 34
81	173	0.4	1	144 29
82	153	0.4	1	128 25
83	146	0.4	1	111 35
84	149	0.4	1	112 37
85	136	0.4	1	91 45
86	131	0.4	1	104 27
87	109	0.4	1	79 30
88	121	0.4	1	80 41
89	111	0.4	1	80 31
90	124	0.4	1	91 33
91	100	0.4	1	81 19
92	104	0.4	1	74 30
93	100	0.4	1	70 30
94	115	0.4	1	68 47
95	93	0.4	1	55 38
96	95	0.4	1	62 33
97	84	0.4	1	49 35
98	104	0.4	1	71 33
99	83	0.4	1	50 33
100	58	0.4	1	37 21
101	75	0.4	1	51 24
102	81	0.4	1	58 23
103	82	0.4	1	56 26
104	228	0.4	1	197 31
105	62	0.4	1	41 21
106	64	0.4	1	32 32
107	50	0.4	1	29 21
108	65	0.4	1	38 27
109	62	0.4	1	28 34
110	57	0.4	1	32 25
111	56	0.4	1	34 22
112	48	0.4	1	21 27
113	40	0.4	1	21 19
114	64	0.4	1	38 26
115	48	0.4	1	18 30
116	49	0.4	1	25 24
117	44	0.4	1	27 17
118	39	0.4	1	19 20
119	47	0.4	1	25 22
120	55	0.4	1	22 33
121	30	0.4	1	15 15
122	47	0.4	1	24 23
123	29	0.4	1	13 16
124	39	0.4	1	19 20
125	41	0.4	1	15 26
126	26	0.4	1	13 13
127	39	0.4	1	16 23
128	42	0.4	1	14 28
129	36	0.4	1	13 23
130	36	0.4	1	14 22
131	33	0.4	1	9 24
132	28	0.4	1	12 16
133	32	0.4	1	8 24
134	31	0.4	1	7 24
135	30	0.4	1	8 22
136	34	0.4	1	15 19
137	15	0.4	1	3 12
138	25	0.4	1	4 21
139	15	0.4	1	3 12
140	22	0.4	1	10 12
141	29	0.4	1	6 23
142	19	0.4	1	7 12
143	18	0.4	1	6 12
144	19	0.4	1	6 13
145	29	0.4	1	8 21
146	29	0.4	1	7 22
147	27	0.4	1	6 21
148	20	0.4	1	3 17
149	38	0.4	1	2 36
150	1420	0.4	1	7 1413

RUN STATISTICS FOR INPUT FILE: s168_R1_001.fastq.gz
=============================================
26624121 sequences processed in total

