
SUMMARISING RUN PARAMETERS
==========================
Input filename: s169_R1_001.fastq.gz
Trimming mode: paired-end
Trim Galore version: 0.6.10
Cutadapt version: 3.4
Number of cores used for trimming: 1
Quality Phred score cutoff: 20
Quality encoding type selected: ASCII+33
Using Illumina adapter for trimming (count: 2280). Second best hit was smallRNA (count: 7)
Adapter sequence: 'AGATCGGAAGAGC' (Illumina TruSeq, Sanger iPCR; auto-detected)
Maximum trimming error rate: 0.1 (default)
Minimum required adapter overlap (stringency): 1 bp
Minimum required sequence length for both reads before a sequence pair gets removed: 20 bp
Running FastQC on the data once trimming has completed
Output file will be GZIP compressed


This is cutadapt 3.4 with Python 3.9.2
Command line parameters: -j 1 -e 0.1 -q 20 -O 1 -a AGATCGGAAGAGC s169_R1_001.fastq.gz
Processing reads on 1 core in single-end mode ...
Finished in 1356.94 s (54 µs/read; 1.11 M reads/minute).

=== Summary ===

Total reads processed:              25,143,867
Reads with adapters:                 8,999,352 (35.8%)
Reads written (passing filters):    25,143,867 (100.0%)

Total basepairs processed: 3,771,580,050 bp
Quality-trimmed:               7,808,651 bp (0.2%)
Total written (filtered):  3,749,312,271 bp (99.4%)

=== Adapter 1 ===

Sequence: AGATCGGAAGAGC; Type: regular 3'; Length: 13; Trimmed: 8999352 times

No. of allowed errors:
1-9 bp: 0; 10-13 bp: 1

Bases preceding removed adapters:
  A: 36.2%
  C: 24.7%
  G: 17.4%
  T: 21.7%
  none/other: 0.0%

Overview of removed sequences
length	count	expect	max.err	error counts
1	6883427	6285966.8	0	6883427
2	1441720	1571491.7	0	1441720
3	453562	392872.9	0	453562
4	103637	98218.2	0	103637
5	23579	24554.6	0	23579
6	6736	6138.6	0	6736
7	3739	1534.7	0	3739
8	3232	383.7	0	3232
9	3113	95.9	0	2695 418
10	3361	24.0	1	2612 749
11	3142	6.0	1	2657 485
12	3014	1.5	1	2711 303
13	2396	0.4	1	2214 182
14	2586	0.4	1	2331 255
15	2366	0.4	1	2204 162
16	2355	0.4	1	2122 233
17	2457	0.4	1	2237 220
18	2160	0.4	1	2014 146
19	1938	0.4	1	1793 145
20	1951	0.4	1	1786 165
21	1886	0.4	1	1740 146
22	1842	0.4	1	1687 155
23	1824	0.4	1	1681 143
24	1678	0.4	1	1535 143
25	1566	0.4	1	1436 130
26	1519	0.4	1	1394 125
27	1591	0.4	1	1475 116
28	1448	0.4	1	1302 146
29	1422	0.4	1	1290 132
30	1433	0.4	1	1317 116
31	1300	0.4	1	1210 90
32	1321	0.4	1	1233 88
33	1282	0.4	1	1167 115
34	1210	0.4	1	1107 103
35	1106	0.4	1	1022 84
36	1060	0.4	1	971 89
37	1074	0.4	1	975 99
38	1005	0.4	1	910 95
39	922	0.4	1	841 81
40	931	0.4	1	826 105
41	937	0.4	1	833 104
42	997	0.4	1	895 102
43	805	0.4	1	703 102
44	823	0.4	1	734 89
45	1350	0.4	1	1249 101
46	409	0.4	1	345 64
47	676	0.4	1	607 69
48	3291	0.4	1	3164 127
49	1590	0.4	1	1492 98
50	159	0.4	1	122 37
51	574	0.4	1	518 56
52	565	0.4	1	516 49
53	134	0.4	1	105 29
54	225	0.4	1	191 34
55	384	0.4	1	344 40
56	221	0.4	1	192 29
57	85	0.4	1	57 28
58	98	0.4	1	77 21
59	160	0.4	1	127 33
60	69	0.4	1	52 17
61	74	0.4	1	36 38
62	256	0.4	1	228 28
63	106	0.4	1	64 42
64	72	0.4	1	49 23
65	102	0.4	1	70 32
66	252	0.4	1	214 38
67	63	0.4	1	36 27
68	77	0.4	1	48 29
69	60	0.4	1	43 17
70	59	0.4	1	34 25
71	31	0.4	1	8 23
72	39	0.4	1	23 16
73	82	0.4	1	53 29
74	96	0.4	1	72 24
75	122	0.4	1	99 23
76	136	0.4	1	110 26
77	155	0.4	1	123 32
78	149	0.4	1	120 29
79	128	0.4	1	101 27
80	131	0.4	1	107 24
81	117	0.4	1	97 20
82	124	0.4	1	104 20
83	117	0.4	1	95 22
84	139	0.4	1	110 29
85	101	0.4	1	79 22
86	124	0.4	1	95 29
87	107	0.4	1	77 30
88	109	0.4	1	79 30
89	99	0.4	1	80 19
90	104	0.4	1	73 31
91	107	0.4	1	82 25
92	97	0.4	1	68 29
93	89	0.4	1	61 28
94	86	0.4	1	62 24
95	83	0.4	1	53 30
96	96	0.4	1	63 33
97	82	0.4	1	64 18
98	75	0.4	1	44 31
99	76	0.4	1	52 24
100	72	0.4	1	51 21
101	66	0.4	1	42 24
102	56	0.4	1	33 23
103	95	0.4	1	55 40
104	78	0.4	1	55 23
105	57	0.4	1	37 20
106	53	0.4	1	32 21
107	64	0.4	1	50 14
108	56	0.4	1	38 18
109	40	0.4	1	22 18
110	51	0.4	1	33 18
111	49	0.4	1	35 14
112	47	0.4	1	25 22
113	56	0.4	1	41 15
114	49	0.4	1	27 22
115	47	0.4	1	22 25
116	49	0.4	1	23 26
117	52	0.4	1	24 28
118	40	0.4	1	19 21
119	42	0.4	1	24 18
120	42	0.4	1	23 19
121	44	0.4	1	26 18
122	40	0.4	1	24 16
123	41	0.4	1	17 24
124	37	0.4	1	21 16
125	37	0.4	1	17 20
126	34	0.4	1	18 16
127	46	0.4	1	20 26
128	38	0.4	1	22 16
129	29	0.4	1	16 13
130	39	0.4	1	25 14
131	21	0.4	1	11 10
132	29	0.4	1	16 13
133	26	0.4	1	17 9
134	28	0.4	1	17 11
135	18	0.4	1	10 8
136	24	0.4	1	13 11
137	35	0.4	1	20 15
138	28	0.4	1	14 14
139	29	0.4	1	9 20
140	27	0.4	1	10 17
141	25	0.4	1	13 12
142	20	0.4	1	13 7
143	21	0.4	1	8 13
144	24	0.4	1	9 15
145	22	0.4	1	10 12
146	20	0.4	1	7 13
147	27	0.4	1	9 18
148	26	0.4	1	10 16
149	23	0.4	1	4 19
150	1768	0.4	1	7 1761

RUN STATISTICS FOR INPUT FILE: s169_R1_001.fastq.gz
=============================================
25143867 sequences processed in total

