
SUMMARISING RUN PARAMETERS
==========================
Input filename: s170_R1_001.fastq.gz
Trimming mode: paired-end
Trim Galore version: 0.6.10
Cutadapt version: 3.4
Number of cores used for trimming: 1
Quality Phred score cutoff: 20
Quality encoding type selected: ASCII+33
Using Illumina adapter for trimming (count: 3656). Second best hit was Nextera (count: 10)
Adapter sequence: 'AGATCGGAAGAGC' (Illumina TruSeq, Sanger iPCR; auto-detected)
Maximum trimming error rate: 0.1 (default)
Minimum required adapter overlap (stringency): 1 bp
Minimum required sequence length for both reads before a sequence pair gets removed: 20 bp
Running FastQC on the data once trimming has completed
Output file will be GZIP compressed


This is cutadapt 3.4 with Python 3.9.2
Command line parameters: -j 1 -e 0.1 -q 20 -O 1 -a AGATCGGAAGAGC s170_R1_001.fastq.gz
Processing reads on 1 core in single-end mode ...
Finished in 1065.83 s (54 µs/read; 1.11 M reads/minute).

=== Summary ===

Total reads processed:              19,766,000
Reads with adapters:                 7,139,765 (36.1%)
Reads written (passing filters):    19,766,000 (100.0%)

Total basepairs processed: 2,964,900,000 bp
Quality-trimmed:               6,099,855 bp (0.2%)
Total written (filtered):  2,946,735,107 bp (99.4%)

=== Adapter 1 ===

Sequence: AGATCGGAAGAGC; Type: regular 3'; Length: 13; Trimmed: 7139765 times

No. of allowed errors:
1-9 bp: 0; 10-13 bp: 1

Bases preceding removed adapters:
  A: 36.3%
  C: 24.9%
  G: 17.4%
  T: 21.5%
  none/other: 0.0%

Overview of removed sequences
length	count	expect	max.err	error counts
1	5407794	4941500.0	0	5407794
2	1154959	1235375.0	0	1154959
3	362402	308843.8	0	362402
4	83979	77210.9	0	83979
5	20548	19302.7	0	20548
6	6851	4825.7	0	6851
7	4680	1206.4	0	4680
8	4619	301.6	0	4619
9	4191	75.4	0	3850 341
10	4289	18.9	1	3636 653
11	4331	4.7	1	3795 536
12	4067	1.2	1	3747 320
13	3492	0.3	1	3292 200
14	3522	0.3	1	3266 256
15	3377	0.3	1	3127 250
16	3273	0.3	1	2997 276
17	3311	0.3	1	3015 296
18	2863	0.3	1	2680 183
19	2625	0.3	1	2473 152
20	2741	0.3	1	2518 223
21	2593	0.3	1	2422 171
22	2366	0.3	1	2209 157
23	2440	0.3	1	2247 193
24	2334	0.3	1	2132 202
25	2075	0.3	1	1931 144
26	2150	0.3	1	2011 139
27	1899	0.3	1	1758 141
28	1825	0.3	1	1720 105
29	1828	0.3	1	1659 169
30	1598	0.3	1	1513 85
31	1644	0.3	1	1547 97
32	1578	0.3	1	1474 104
33	1476	0.3	1	1366 110
34	1425	0.3	1	1322 103
35	1318	0.3	1	1212 106
36	1127	0.3	1	1040 87
37	1130	0.3	1	1042 88
38	1050	0.3	1	970 80
39	1069	0.3	1	992 77
40	873	0.3	1	791 82
41	940	0.3	1	872 68
42	960	0.3	1	904 56
43	742	0.3	1	684 58
44	782	0.3	1	708 74
45	1176	0.3	1	1112 64
46	368	0.3	1	322 46
47	654	0.3	1	595 59
48	1176	0.3	1	1104 72
49	535	0.3	1	480 55
50	317	0.3	1	277 40
51	692	0.3	1	649 43
52	469	0.3	1	425 44
53	328	0.3	1	287 41
54	461	0.3	1	435 26
55	769	0.3	1	740 29
56	343	0.3	1	308 35
57	415	0.3	1	387 28
58	280	0.3	1	249 31
59	392	0.3	1	365 27
60	140	0.3	1	112 28
61	108	0.3	1	86 22
62	420	0.3	1	386 34
63	209	0.3	1	188 21
64	105	0.3	1	84 21
65	156	0.3	1	135 21
66	396	0.3	1	369 27
67	63	0.3	1	48 15
68	120	0.3	1	102 18
69	98	0.3	1	73 25
70	56	0.3	1	42 14
71	35	0.3	1	16 19
72	46	0.3	1	23 23
73	73	0.3	1	55 18
74	118	0.3	1	93 25
75	112	0.3	1	97 15
76	121	0.3	1	102 19
77	108	0.3	1	89 19
78	98	0.3	1	77 21
79	109	0.3	1	93 16
80	97	0.3	1	79 18
81	97	0.3	1	77 20
82	74	0.3	1	50 24
83	98	0.3	1	78 20
84	91	0.3	1	65 26
85	108	0.3	1	83 25
86	81	0.3	1	57 24
87	79	0.3	1	59 20
88	83	0.3	1	64 19
89	86	0.3	1	63 23
90	80	0.3	1	54 26
91	62	0.3	1	45 17
92	51	0.3	1	36 15
93	75	0.3	1	49 26
94	66	0.3	1	48 18
95	51	0.3	1	37 14
96	45	0.3	1	27 18
97	63	0.3	1	40 23
98	39	0.3	1	25 14
99	59	0.3	1	39 20
100	65	0.3	1	41 24
101	45	0.3	1	28 17
102	47	0.3	1	25 22
103	53	0.3	1	30 23
104	117	0.3	1	107 10
105	56	0.3	1	35 21
106	38	0.3	1	17 21
107	44	0.3	1	19 25
108	35	0.3	1	23 12
109	43	0.3	1	19 24
110	49	0.3	1	25 24
111	36	0.3	1	19 17
112	37	0.3	1	17 20
113	36	0.3	1	17 19
114	35	0.3	1	18 17
115	28	0.3	1	8 20
116	31	0.3	1	10 21
117	26	0.3	1	13 13
118	30	0.3	1	11 19
119	19	0.3	1	8 11
120	25	0.3	1	8 17
121	24	0.3	1	6 18
122	22	0.3	1	6 16
123	24	0.3	1	11 13
124	22	0.3	1	8 14
125	24	0.3	1	7 17
126	27	0.3	1	10 17
127	22	0.3	1	8 14
128	18	0.3	1	11 7
129	9	0.3	1	3 6
130	20	0.3	1	8 12
131	26	0.3	1	7 19
132	20	0.3	1	4 16
133	15	0.3	1	2 13
134	11	0.3	1	3 8
135	18	0.3	1	3 15
136	26	0.3	1	1 25
137	13	0.3	1	1 12
138	10	0.3	1	2 8
139	17	0.3	1	4 13
140	14	0.3	1	0 14
141	10	0.3	1	1 9
142	12	0.3	1	0 12
143	13	0.3	1	0 13
144	14	0.3	1	1 13
145	16	0.3	1	2 14
146	9	0.3	1	2 7
147	25	0.3	1	1 24
148	21	0.3	1	1 20
149	7	0.3	1	0 7
150	674	0.3	1	4 670

RUN STATISTICS FOR INPUT FILE: s170_R1_001.fastq.gz
=============================================
19766000 sequences processed in total

