
SUMMARISING RUN PARAMETERS
==========================
Input filename: s179_R1_001.fastq.gz
Trimming mode: paired-end
Trim Galore version: 0.6.10
Cutadapt version: 3.4
Number of cores used for trimming: 1
Quality Phred score cutoff: 20
Quality encoding type selected: ASCII+33
Using Illumina adapter for trimming (count: 2478). Second best hit was Nextera (count: 7)
Adapter sequence: 'AGATCGGAAGAGC' (Illumina TruSeq, Sanger iPCR; auto-detected)
Maximum trimming error rate: 0.1 (default)
Minimum required adapter overlap (stringency): 1 bp
Minimum required sequence length for both reads before a sequence pair gets removed: 20 bp
Running FastQC on the data once trimming has completed
Output file will be GZIP compressed


This is cutadapt 3.4 with Python 3.9.2
Command line parameters: -j 1 -e 0.1 -q 20 -O 1 -a AGATCGGAAGAGC s179_R1_001.fastq.gz
Processing reads on 1 core in single-end mode ...
Finished in 1350.66 s (53 µs/read; 1.14 M reads/minute).

=== Summary ===

Total reads processed:              25,686,301
Reads with adapters:                 9,196,841 (35.8%)
Reads written (passing filters):    25,686,301 (100.0%)

Total basepairs processed: 3,852,945,150 bp
Quality-trimmed:               7,336,226 bp (0.2%)
Total written (filtered):  3,830,901,620 bp (99.4%)

=== Adapter 1 ===

Sequence: AGATCGGAAGAGC; Type: regular 3'; Length: 13; Trimmed: 9196841 times

No. of allowed errors:
1-9 bp: 0; 10-13 bp: 1

Bases preceding removed adapters:
  A: 35.8%
  C: 24.9%
  G: 17.3%
  T: 22.0%
  none/other: 0.0%

Overview of removed sequences
length	count	expect	max.err	error counts
1	7018437	6421575.2	0	7018437
2	1474798	1605393.8	0	1474798
3	466389	401348.5	0	466389
4	109624	100337.1	0	109624
5	25590	25084.3	0	25590
6	7430	6271.1	0	7430
7	4656	1567.8	0	4656
8	4133	391.9	0	4133
9	3633	98.0	0	3229 404
10	3998	24.5	1	3193 805
11	3868	6.1	1	3317 551
12	3387	1.5	1	3073 314
13	2991	0.4	1	2768 223
14	3130	0.4	1	2862 268
15	2978	0.4	1	2774 204
16	2925	0.4	1	2670 255
17	2950	0.4	1	2697 253
18	2582	0.4	1	2391 191
19	2376	0.4	1	2216 160
20	2371	0.4	1	2191 180
21	2344	0.4	1	2162 182
22	2096	0.4	1	1966 130
23	2204	0.4	1	2068 136
24	2043	0.4	1	1838 205
25	1883	0.4	1	1722 161
26	1748	0.4	1	1624 124
27	1754	0.4	1	1622 132
28	1654	0.4	1	1551 103
29	1640	0.4	1	1483 157
30	1523	0.4	1	1420 103
31	1411	0.4	1	1310 101
32	1362	0.4	1	1257 105
33	1418	0.4	1	1315 103
34	1253	0.4	1	1153 100
35	1204	0.4	1	1108 96
36	1160	0.4	1	1071 89
37	978	0.4	1	892 86
38	1026	0.4	1	936 90
39	941	0.4	1	862 79
40	938	0.4	1	841 97
41	1039	0.4	1	939 100
42	687	0.4	1	584 103
43	811	0.4	1	712 99
44	707	0.4	1	650 57
45	1034	0.4	1	948 86
46	304	0.4	1	256 48
47	574	0.4	1	512 62
48	1011	0.4	1	931 80
49	526	0.4	1	468 58
50	332	0.4	1	281 51
51	634	0.4	1	574 60
52	428	0.4	1	381 47
53	249	0.4	1	212 37
54	461	0.4	1	416 45
55	731	0.4	1	670 61
56	317	0.4	1	283 34
57	333	0.4	1	296 37
58	223	0.4	1	195 28
59	327	0.4	1	301 26
60	148	0.4	1	124 24
61	109	0.4	1	75 34
62	329	0.4	1	303 26
63	205	0.4	1	169 36
64	118	0.4	1	91 27
65	133	0.4	1	99 34
66	375	0.4	1	339 36
67	71	0.4	1	51 20
68	148	0.4	1	114 34
69	94	0.4	1	66 28
70	64	0.4	1	47 17
71	29	0.4	1	9 20
72	61	0.4	1	31 30
73	102	0.4	1	71 31
74	96	0.4	1	75 21
75	95	0.4	1	69 26
76	110	0.4	1	78 32
77	94	0.4	1	70 24
78	105	0.4	1	76 29
79	103	0.4	1	74 29
80	93	0.4	1	65 28
81	91	0.4	1	66 25
82	81	0.4	1	55 26
83	94	0.4	1	75 19
84	101	0.4	1	64 37
85	78	0.4	1	49 29
86	85	0.4	1	65 20
87	65	0.4	1	43 22
88	86	0.4	1	58 28
89	74	0.4	1	38 36
90	69	0.4	1	42 27
91	69	0.4	1	39 30
92	71	0.4	1	44 27
93	58	0.4	1	27 31
94	58	0.4	1	40 18
95	47	0.4	1	27 20
96	60	0.4	1	31 29
97	85	0.4	1	42 43
98	51	0.4	1	28 23
99	56	0.4	1	22 34
100	64	0.4	1	28 36
101	46	0.4	1	22 24
102	54	0.4	1	30 24
103	52	0.4	1	25 27
104	62	0.4	1	33 29
105	52	0.4	1	25 27
106	36	0.4	1	13 23
107	54	0.4	1	23 31
108	43	0.4	1	23 20
109	44	0.4	1	18 26
110	31	0.4	1	17 14
111	47	0.4	1	27 20
112	52	0.4	1	27 25
113	36	0.4	1	17 19
114	47	0.4	1	14 33
115	42	0.4	1	20 22
116	42	0.4	1	15 27
117	41	0.4	1	14 27
118	25	0.4	1	10 15
119	22	0.4	1	13 9
120	38	0.4	1	15 23
121	30	0.4	1	12 18
122	39	0.4	1	13 26
123	28	0.4	1	13 15
124	29	0.4	1	8 21
125	22	0.4	1	8 14
126	27	0.4	1	10 17
127	16	0.4	1	6 10
128	24	0.4	1	5 19
129	26	0.4	1	8 18
130	15	0.4	1	4 11
131	17	0.4	1	2 15
132	20	0.4	1	5 15
133	14	0.4	1	5 9
134	21	0.4	1	4 17
135	14	0.4	1	3 11
136	22	0.4	1	2 20
137	21	0.4	1	4 17
138	16	0.4	1	6 10
139	13	0.4	1	4 9
140	21	0.4	1	2 19
141	17	0.4	1	5 12
142	15	0.4	1	4 11
143	14	0.4	1	3 11
144	12	0.4	1	2 10
145	14	0.4	1	1 13
146	27	0.4	1	2 25
147	24	0.4	1	5 19
148	18	0.4	1	2 16
149	17	0.4	1	0 17
150	1703	0.4	1	3 1700

RUN STATISTICS FOR INPUT FILE: s179_R1_001.fastq.gz
=============================================
25686301 sequences processed in total

