
SUMMARISING RUN PARAMETERS
==========================
Input filename: s002_R1_001.fastq.gz
Trimming mode: paired-end
Trim Galore version: 0.6.10
Cutadapt version: 3.4
Number of cores used for trimming: 1
Quality Phred score cutoff: 20
Quality encoding type selected: ASCII+33
Using Illumina adapter for trimming (count: 2468). Second best hit was smallRNA (count: 6)
Adapter sequence: 'AGATCGGAAGAGC' (Illumina TruSeq, Sanger iPCR; auto-detected)
Maximum trimming error rate: 0.1 (default)
Minimum required adapter overlap (stringency): 1 bp
Minimum required sequence length for both reads before a sequence pair gets removed: 20 bp
Running FastQC on the data once trimming has completed
Output file will be GZIP compressed


This is cutadapt 3.4 with Python 3.9.2
Command line parameters: -j 1 -e 0.1 -q 20 -O 1 -a AGATCGGAAGAGC s002_R1_001.fastq.gz
Processing reads on 1 core in single-end mode ...
Finished in 1911.44 s (78 µs/read; 0.77 M reads/minute).

=== Summary ===

Total reads processed:              24,537,896
Reads with adapters:                 9,023,456 (36.8%)
Reads written (passing filters):    24,537,896 (100.0%)

Total basepairs processed: 3,680,684,400 bp
Quality-trimmed:               7,293,699 bp (0.2%)
Total written (filtered):  3,659,147,758 bp (99.4%)

=== Adapter 1 ===

Sequence: AGATCGGAAGAGC; Type: regular 3'; Length: 13; Trimmed: 9023456 times

No. of allowed errors:
1-9 bp: 0; 10-13 bp: 1

Bases preceding removed adapters:
  A: 37.3%
  C: 23.9%
  G: 16.6%
  T: 22.2%
  none/other: 0.0%

Overview of removed sequences
length	count	expect	max.err	error counts
1	6947878	6134474.0	0	6947878
2	1395709	1533618.5	0	1395709
3	455047	383404.6	0	455047
4	105215	95851.2	0	105215
5	23219	23962.8	0	23219
6	6703	5990.7	0	6703
7	4018	1497.7	0	4018
8	3803	374.4	0	3803
9	3722	93.6	0	3331 391
10	3771	23.4	1	3034 737
11	3518	5.9	1	3037 481
12	3206	1.5	1	2912 294
13	2932	0.4	1	2727 205
14	2882	0.4	1	2640 242
15	2749	0.4	1	2566 183
16	2747	0.4	1	2504 243
17	2677	0.4	1	2426 251
18	2393	0.4	1	2234 159
19	2142	0.4	1	2011 131
20	2229	0.4	1	2074 155
21	2234	0.4	1	2068 166
22	1929	0.4	1	1810 119
23	2045	0.4	1	1894 151
24	1996	0.4	1	1823 173
25	1837	0.4	1	1705 132
26	1652	0.4	1	1545 107
27	1707	0.4	1	1579 128
28	1634	0.4	1	1545 89
29	1647	0.4	1	1494 153
30	1391	0.4	1	1298 93
31	1378	0.4	1	1293 85
32	1317	0.4	1	1227 90
33	1217	0.4	1	1141 76
34	1225	0.4	1	1134 91
35	1091	0.4	1	1015 76
36	1033	0.4	1	965 68
37	1025	0.4	1	943 82
38	1017	0.4	1	926 91
39	861	0.4	1	780 81
40	914	0.4	1	838 76
41	935	0.4	1	847 88
42	778	0.4	1	721 57
43	918	0.4	1	807 111
44	733	0.4	1	661 72
45	1319	0.4	1	1232 87
46	361	0.4	1	303 58
47	590	0.4	1	530 60
48	2254	0.4	1	2158 96
49	626	0.4	1	579 47
50	156	0.4	1	126 30
51	743	0.4	1	676 67
52	447	0.4	1	425 22
53	150	0.4	1	107 43
54	482	0.4	1	440 42
55	686	0.4	1	650 36
56	207	0.4	1	181 26
57	168	0.4	1	140 28
58	113	0.4	1	89 24
59	245	0.4	1	205 40
60	60	0.4	1	39 21
61	66	0.4	1	55 11
62	264	0.4	1	238 26
63	95	0.4	1	75 20
64	71	0.4	1	53 18
65	113	0.4	1	84 29
66	233	0.4	1	204 29
67	40	0.4	1	21 19
68	95	0.4	1	74 21
69	65	0.4	1	46 19
70	72	0.4	1	53 19
71	17	0.4	1	8 9
72	25	0.4	1	11 14
73	65	0.4	1	57 8
74	106	0.4	1	78 28
75	87	0.4	1	74 13
76	97	0.4	1	80 17
77	110	0.4	1	85 25
78	113	0.4	1	93 20
79	109	0.4	1	88 21
80	100	0.4	1	84 16
81	88	0.4	1	66 22
82	77	0.4	1	62 15
83	89	0.4	1	66 23
84	95	0.4	1	69 26
85	64	0.4	1	48 16
86	70	0.4	1	58 12
87	75	0.4	1	41 34
88	71	0.4	1	44 27
89	52	0.4	1	26 26
90	53	0.4	1	28 25
91	72	0.4	1	42 30
92	66	0.4	1	40 26
93	56	0.4	1	27 29
94	45	0.4	1	40 5
95	47	0.4	1	29 18
96	42	0.4	1	24 18
97	42	0.4	1	28 14
98	60	0.4	1	33 27
99	52	0.4	1	32 20
100	37	0.4	1	25 12
101	32	0.4	1	18 14
102	33	0.4	1	19 14
103	43	0.4	1	22 21
104	43	0.4	1	23 20
105	38	0.4	1	22 16
106	35	0.4	1	17 18
107	25	0.4	1	11 14
108	32	0.4	1	14 18
109	35	0.4	1	20 15
110	35	0.4	1	14 21
111	24	0.4	1	13 11
112	24	0.4	1	13 11
113	27	0.4	1	16 11
114	28	0.4	1	12 16
115	31	0.4	1	14 17
116	23	0.4	1	11 12
117	23	0.4	1	7 16
118	15	0.4	1	3 12
119	21	0.4	1	8 13
120	28	0.4	1	11 17
121	14	0.4	1	5 9
122	24	0.4	1	11 13
123	26	0.4	1	9 17
124	29	0.4	1	13 16
125	25	0.4	1	14 11
126	27	0.4	1	11 16
127	15	0.4	1	6 9
128	25	0.4	1	10 15
129	16	0.4	1	6 10
130	16	0.4	1	3 13
131	8	0.4	1	3 5
132	20	0.4	1	6 14
133	17	0.4	1	7 10
134	19	0.4	1	6 13
135	11	0.4	1	4 7
136	20	0.4	1	3 17
137	19	0.4	1	3 16
138	13	0.4	1	4 9
139	17	0.4	1	3 14
140	14	0.4	1	4 10
141	13	0.4	1	4 9
142	15	0.4	1	8 7
143	9	0.4	1	0 9
144	25	0.4	1	7 18
145	10	0.4	1	3 7
146	15	0.4	1	2 13
147	24	0.4	1	2 22
148	17	0.4	1	2 15
149	20	0.4	1	0 20
150	1461	0.4	1	3 1458

RUN STATISTICS FOR INPUT FILE: s002_R1_001.fastq.gz
=============================================
24537896 sequences processed in total

