
SUMMARISING RUN PARAMETERS
==========================
Input filename: s004_R1_001.fastq.gz
Trimming mode: paired-end
Trim Galore version: 0.6.10
Cutadapt version: 3.4
Number of cores used for trimming: 1
Quality Phred score cutoff: 20
Quality encoding type selected: ASCII+33
Using Illumina adapter for trimming (count: 2513). Second best hit was Nextera (count: 6)
Adapter sequence: 'AGATCGGAAGAGC' (Illumina TruSeq, Sanger iPCR; auto-detected)
Maximum trimming error rate: 0.1 (default)
Minimum required adapter overlap (stringency): 1 bp
Minimum required sequence length for both reads before a sequence pair gets removed: 20 bp
Running FastQC on the data once trimming has completed
Output file will be GZIP compressed


This is cutadapt 3.4 with Python 3.9.2
Command line parameters: -j 1 -e 0.1 -q 20 -O 1 -a AGATCGGAAGAGC s004_R1_001.fastq.gz
Processing reads on 1 core in single-end mode ...
Finished in 2002.64 s (79 µs/read; 0.76 M reads/minute).

=== Summary ===

Total reads processed:              25,500,611
Reads with adapters:                 9,367,239 (36.7%)
Reads written (passing filters):    25,500,611 (100.0%)

Total basepairs processed: 3,825,091,650 bp
Quality-trimmed:               7,108,571 bp (0.2%)
Total written (filtered):  3,803,073,784 bp (99.4%)

=== Adapter 1 ===

Sequence: AGATCGGAAGAGC; Type: regular 3'; Length: 13; Trimmed: 9367239 times

No. of allowed errors:
1-9 bp: 0; 10-13 bp: 1

Bases preceding removed adapters:
  A: 36.5%
  C: 24.5%
  G: 16.4%
  T: 22.7%
  none/other: 0.0%

Overview of removed sequences
length	count	expect	max.err	error counts
1	7197258	6375152.8	0	7197258
2	1456013	1593788.2	0	1456013
3	473654	398447.0	0	473654
4	112738	99611.8	0	112738
5	24708	24902.9	0	24708
6	7055	6225.7	0	7055
7	4174	1556.4	0	4174
8	3774	389.1	0	3774
9	3800	97.3	0	3414 386
10	3873	24.3	1	3164 709
11	3734	6.1	1	3216 518
12	3551	1.5	1	3254 297
13	2892	0.4	1	2692 200
14	3000	0.4	1	2756 244
15	2912	0.4	1	2699 213
16	2912	0.4	1	2676 236
17	2996	0.4	1	2751 245
18	2622	0.4	1	2461 161
19	2342	0.4	1	2187 155
20	2354	0.4	1	2191 163
21	2417	0.4	1	2258 159
22	2158	0.4	1	2004 154
23	2220	0.4	1	2054 166
24	2248	0.4	1	2067 181
25	1853	0.4	1	1725 128
26	1867	0.4	1	1725 142
27	1797	0.4	1	1656 141
28	1603	0.4	1	1497 106
29	1784	0.4	1	1625 159
30	1626	0.4	1	1529 97
31	1389	0.4	1	1299 90
32	1514	0.4	1	1435 79
33	1283	0.4	1	1190 93
34	1350	0.4	1	1233 117
35	1173	0.4	1	1094 79
36	1133	0.4	1	1070 63
37	1127	0.4	1	1050 77
38	1133	0.4	1	1064 69
39	947	0.4	1	898 49
40	1051	0.4	1	973 78
41	1021	0.4	1	942 79
42	864	0.4	1	805 59
43	1059	0.4	1	970 89
44	792	0.4	1	717 75
45	1444	0.4	1	1354 90
46	361	0.4	1	323 38
47	675	0.4	1	607 68
48	2336	0.4	1	2242 94
49	690	0.4	1	630 60
50	200	0.4	1	167 33
51	736	0.4	1	692 44
52	492	0.4	1	444 48
53	134	0.4	1	100 34
54	527	0.4	1	484 43
55	755	0.4	1	724 31
56	256	0.4	1	221 35
57	206	0.4	1	179 27
58	108	0.4	1	81 27
59	251	0.4	1	226 25
60	71	0.4	1	43 28
61	62	0.4	1	46 16
62	259	0.4	1	233 26
63	101	0.4	1	74 27
64	72	0.4	1	51 21
65	104	0.4	1	86 18
66	247	0.4	1	223 24
67	52	0.4	1	28 24
68	89	0.4	1	71 18
69	76	0.4	1	63 13
70	92	0.4	1	69 23
71	17	0.4	1	6 11
72	32	0.4	1	17 15
73	83	0.4	1	52 31
74	92	0.4	1	74 18
75	113	0.4	1	97 16
76	108	0.4	1	92 16
77	120	0.4	1	86 34
78	116	0.4	1	93 23
79	96	0.4	1	81 15
80	114	0.4	1	87 27
81	101	0.4	1	73 28
82	100	0.4	1	73 27
83	84	0.4	1	68 16
84	77	0.4	1	48 29
85	71	0.4	1	57 14
86	95	0.4	1	67 28
87	68	0.4	1	48 20
88	71	0.4	1	42 29
89	78	0.4	1	59 19
90	64	0.4	1	45 19
91	87	0.4	1	59 28
92	62	0.4	1	43 19
93	39	0.4	1	23 16
94	49	0.4	1	32 17
95	52	0.4	1	36 16
96	57	0.4	1	39 18
97	48	0.4	1	28 20
98	36	0.4	1	17 19
99	54	0.4	1	30 24
100	55	0.4	1	33 22
101	48	0.4	1	25 23
102	63	0.4	1	34 29
103	39	0.4	1	22 17
104	50	0.4	1	32 18
105	35	0.4	1	19 16
106	41	0.4	1	20 21
107	39	0.4	1	21 18
108	34	0.4	1	23 11
109	44	0.4	1	23 21
110	38	0.4	1	17 21
111	46	0.4	1	21 25
112	34	0.4	1	20 14
113	24	0.4	1	16 8
114	35	0.4	1	13 22
115	43	0.4	1	21 22
116	23	0.4	1	13 10
117	28	0.4	1	13 15
118	26	0.4	1	11 15
119	33	0.4	1	19 14
120	28	0.4	1	11 17
121	21	0.4	1	8 13
122	19	0.4	1	7 12
123	20	0.4	1	8 12
124	28	0.4	1	10 18
125	17	0.4	1	3 14
126	23	0.4	1	5 18
127	15	0.4	1	7 8
128	16	0.4	1	3 13
129	21	0.4	1	3 18
130	25	0.4	1	4 21
131	21	0.4	1	5 16
132	18	0.4	1	7 11
133	11	0.4	1	3 8
134	18	0.4	1	4 14
135	13	0.4	1	6 7
136	13	0.4	1	2 11
137	18	0.4	1	8 10
138	20	0.4	1	4 16
139	20	0.4	1	3 17
140	9	0.4	1	3 6
141	14	0.4	1	6 8
142	13	0.4	1	3 10
143	7	0.4	1	3 4
144	13	0.4	1	4 9
145	12	0.4	1	3 9
146	13	0.4	1	4 9
147	16	0.4	1	4 12
148	11	0.4	1	1 10
149	23	0.4	1	1 22
150	1594	0.4	1	1 1593

RUN STATISTICS FOR INPUT FILE: s004_R1_001.fastq.gz
=============================================
25500611 sequences processed in total

