
SUMMARISING RUN PARAMETERS
==========================
Input filename: s017_R1_001.fastq.gz
Trimming mode: paired-end
Trim Galore version: 0.6.10
Cutadapt version: 3.4
Number of cores used for trimming: 1
Quality Phred score cutoff: 20
Quality encoding type selected: ASCII+33
Using Illumina adapter for trimming (count: 5018). Second best hit was Nextera (count: 7)
Adapter sequence: 'AGATCGGAAGAGC' (Illumina TruSeq, Sanger iPCR; auto-detected)
Maximum trimming error rate: 0.1 (default)
Minimum required adapter overlap (stringency): 1 bp
Minimum required sequence length for both reads before a sequence pair gets removed: 20 bp
Running FastQC on the data once trimming has completed
Output file will be GZIP compressed


This is cutadapt 3.4 with Python 3.9.2
Command line parameters: -j 1 -e 0.1 -q 20 -O 1 -a AGATCGGAAGAGC s017_R1_001.fastq.gz
Processing reads on 1 core in single-end mode ...
Finished in 4749.12 s (192 µs/read; 0.31 M reads/minute).

=== Summary ===

Total reads processed:              24,782,166
Reads with adapters:                 8,902,131 (35.9%)
Reads written (passing filters):    24,782,166 (100.0%)

Total basepairs processed: 3,717,324,900 bp
Quality-trimmed:               6,980,267 bp (0.2%)
Total written (filtered):  3,693,667,193 bp (99.4%)

=== Adapter 1 ===

Sequence: AGATCGGAAGAGC; Type: regular 3'; Length: 13; Trimmed: 8902131 times

No. of allowed errors:
1-9 bp: 0; 10-13 bp: 1

Bases preceding removed adapters:
  A: 35.5%
  C: 25.1%
  G: 17.8%
  T: 21.6%
  none/other: 0.0%

Overview of removed sequences
length	count	expect	max.err	error counts
1	6696323	6195541.5	0	6696323
2	1436837	1548885.4	0	1436837
3	453172	387221.3	0	453172
4	105345	96805.3	0	105345
5	27375	24201.3	0	27375
6	9847	6050.3	0	9847
7	6710	1512.6	0	6710
8	6552	378.1	0	6552
9	5912	94.5	0	5506 406
10	6377	23.6	1	5447 930
11	6222	5.9	1	5480 742
12	5928	1.5	1	5451 477
13	5183	0.4	1	4852 331
14	5268	0.4	1	4854 414
15	4980	0.4	1	4639 341
16	5094	0.4	1	4659 435
17	4961	0.4	1	4554 407
18	4642	0.4	1	4361 281
19	4138	0.4	1	3898 240
20	4258	0.4	1	3940 318
21	4457	0.4	1	4148 309
22	3833	0.4	1	3591 242
23	4049	0.4	1	3775 274
24	3694	0.4	1	3395 299
25	3537	0.4	1	3320 217
26	3284	0.4	1	3077 207
27	3467	0.4	1	3243 224
28	3135	0.4	1	2948 187
29	3029	0.4	1	2797 232
30	2860	0.4	1	2676 184
31	2658	0.4	1	2481 177
32	2746	0.4	1	2574 172
33	2526	0.4	1	2332 194
34	2471	0.4	1	2293 178
35	2684	0.4	1	2501 183
36	2504	0.4	1	2273 231
37	1920	0.4	1	1832 88
38	2132	0.4	1	1983 149
39	2129	0.4	1	1970 159
40	1864	0.4	1	1736 128
41	1801	0.4	1	1674 127
42	1793	0.4	1	1685 108
43	1814	0.4	1	1680 134
44	1448	0.4	1	1358 90
45	2319	0.4	1	2219 100
46	584	0.4	1	523 61
47	1130	0.4	1	1065 65
48	1508	0.4	1	1417 91
49	1212	0.4	1	1132 80
50	997	0.4	1	922 75
51	1231	0.4	1	1144 87
52	1067	0.4	1	998 69
53	855	0.4	1	783 72
54	903	0.4	1	826 77
55	1099	0.4	1	1031 68
56	728	0.4	1	672 56
57	962	0.4	1	901 61
58	868	0.4	1	819 49
59	706	0.4	1	649 57
60	615	0.4	1	564 51
61	487	0.4	1	443 44
62	781	0.4	1	715 66
63	716	0.4	1	654 62
64	477	0.4	1	425 52
65	351	0.4	1	309 42
66	970	0.4	1	911 59
67	509	0.4	1	466 43
68	650	0.4	1	601 49
69	260	0.4	1	223 37
70	198	0.4	1	155 43
71	76	0.4	1	54 22
72	120	0.4	1	97 23
73	229	0.4	1	201 28
74	278	0.4	1	237 41
75	292	0.4	1	258 34
76	286	0.4	1	245 41
77	262	0.4	1	231 31
78	233	0.4	1	200 33
79	247	0.4	1	214 33
80	229	0.4	1	202 27
81	199	0.4	1	161 38
82	188	0.4	1	151 37
83	204	0.4	1	171 33
84	231	0.4	1	195 36
85	182	0.4	1	147 35
86	184	0.4	1	150 34
87	193	0.4	1	154 39
88	156	0.4	1	126 30
89	150	0.4	1	107 43
90	133	0.4	1	104 29
91	145	0.4	1	102 43
92	149	0.4	1	111 38
93	140	0.4	1	103 37
94	138	0.4	1	106 32
95	128	0.4	1	94 34
96	79	0.4	1	55 24
97	117	0.4	1	74 43
98	119	0.4	1	90 29
99	106	0.4	1	76 30
100	104	0.4	1	83 21
101	87	0.4	1	60 27
102	90	0.4	1	63 27
103	92	0.4	1	65 27
104	287	0.4	1	258 29
105	97	0.4	1	62 35
106	70	0.4	1	44 26
107	69	0.4	1	38 31
108	50	0.4	1	35 15
109	63	0.4	1	36 27
110	57	0.4	1	36 21
111	69	0.4	1	47 22
112	69	0.4	1	45 24
113	48	0.4	1	29 19
114	55	0.4	1	31 24
115	52	0.4	1	34 18
116	57	0.4	1	31 26
117	50	0.4	1	27 23
118	60	0.4	1	31 29
119	59	0.4	1	29 30
120	33	0.4	1	16 17
121	50	0.4	1	24 26
122	42	0.4	1	25 17
123	32	0.4	1	17 15
124	26	0.4	1	16 10
125	30	0.4	1	14 16
126	28	0.4	1	13 15
127	33	0.4	1	18 15
128	36	0.4	1	22 14
129	43	0.4	1	17 26
130	27	0.4	1	15 12
131	32	0.4	1	12 20
132	27	0.4	1	15 12
133	16	0.4	1	12 4
134	22	0.4	1	12 10
135	20	0.4	1	8 12
136	29	0.4	1	11 18
137	13	0.4	1	6 7
138	33	0.4	1	12 21
139	14	0.4	1	3 11
140	26	0.4	1	8 18
141	25	0.4	1	10 15
142	20	0.4	1	7 13
143	18	0.4	1	6 12
144	14	0.4	1	4 10
145	15	0.4	1	2 13
146	26	0.4	1	7 19
147	24	0.4	1	11 13
148	10	0.4	1	2 8
149	21	0.4	1	2 19
150	1426	0.4	1	8 1418

RUN STATISTICS FOR INPUT FILE: s017_R1_001.fastq.gz
=============================================
24782166 sequences processed in total

