
SUMMARISING RUN PARAMETERS
==========================
Input filename: s027_R1_001.fastq.gz
Trimming mode: paired-end
Trim Galore version: 0.6.10
Cutadapt version: 3.4
Number of cores used for trimming: 1
Quality Phred score cutoff: 20
Quality encoding type selected: ASCII+33
Using Illumina adapter for trimming (count: 2033). Second best hit was Nextera (count: 8)
Adapter sequence: 'AGATCGGAAGAGC' (Illumina TruSeq, Sanger iPCR; auto-detected)
Maximum trimming error rate: 0.1 (default)
Minimum required adapter overlap (stringency): 1 bp
Minimum required sequence length for both reads before a sequence pair gets removed: 20 bp
Running FastQC on the data once trimming has completed
Output file will be GZIP compressed


This is cutadapt 3.4 with Python 3.9.2
Command line parameters: -j 1 -e 0.1 -q 20 -O 1 -a AGATCGGAAGAGC s027_R1_001.fastq.gz
Processing reads on 1 core in single-end mode ...
Finished in 4864.55 s (194 µs/read; 0.31 M reads/minute).

=== Summary ===

Total reads processed:              25,120,802
Reads with adapters:                 9,120,433 (36.3%)
Reads written (passing filters):    25,120,802 (100.0%)

Total basepairs processed: 3,768,120,300 bp
Quality-trimmed:               8,002,871 bp (0.2%)
Total written (filtered):  3,746,007,602 bp (99.4%)

=== Adapter 1 ===

Sequence: AGATCGGAAGAGC; Type: regular 3'; Length: 13; Trimmed: 9120433 times

No. of allowed errors:
1-9 bp: 0; 10-13 bp: 1

Bases preceding removed adapters:
  A: 36.7%
  C: 24.4%
  G: 16.9%
  T: 22.0%
  none/other: 0.0%

Overview of removed sequences
length	count	expect	max.err	error counts
1	6999185	6280200.5	0	6999185
2	1444581	1570050.1	0	1444581
3	465384	392512.5	0	465384
4	105173	98128.1	0	105173
5	23376	24532.0	0	23376
6	6415	6133.0	0	6415
7	3604	1533.3	0	3604
8	3280	383.3	0	3280
9	3118	95.8	0	2716 402
10	3189	24.0	1	2458 731
11	3167	6.0	1	2679 488
12	2782	1.5	1	2508 274
13	2339	0.4	1	2166 173
14	2484	0.4	1	2268 216
15	2268	0.4	1	2125 143
16	2306	0.4	1	2090 216
17	2326	0.4	1	2111 215
18	2062	0.4	1	1923 139
19	1809	0.4	1	1658 151
20	1922	0.4	1	1773 149
21	1731	0.4	1	1600 131
22	1646	0.4	1	1529 117
23	1713	0.4	1	1590 123
24	1610	0.4	1	1470 140
25	1541	0.4	1	1419 122
26	1424	0.4	1	1318 106
27	1407	0.4	1	1309 98
28	1282	0.4	1	1192 90
29	1316	0.4	1	1186 130
30	1194	0.4	1	1099 95
31	1123	0.4	1	1056 67
32	1093	0.4	1	1010 83
33	1050	0.4	1	979 71
34	998	0.4	1	914 84
35	900	0.4	1	822 78
36	1050	0.4	1	944 106
37	836	0.4	1	791 45
38	731	0.4	1	678 53
39	740	0.4	1	674 66
40	756	0.4	1	676 80
41	760	0.4	1	704 56
42	615	0.4	1	561 54
43	666	0.4	1	590 76
44	591	0.4	1	519 72
45	860	0.4	1	796 64
46	275	0.4	1	237 38
47	519	0.4	1	466 53
48	1080	0.4	1	1000 80
49	391	0.4	1	352 39
50	232	0.4	1	194 38
51	537	0.4	1	494 43
52	385	0.4	1	351 34
53	196	0.4	1	168 28
54	405	0.4	1	355 50
55	627	0.4	1	589 38
56	268	0.4	1	234 34
57	285	0.4	1	265 20
58	168	0.4	1	145 23
59	273	0.4	1	243 30
60	119	0.4	1	100 19
61	82	0.4	1	56 26
62	309	0.4	1	278 31
63	187	0.4	1	172 15
64	92	0.4	1	67 25
65	129	0.4	1	98 31
66	313	0.4	1	282 31
67	62	0.4	1	39 23
68	107	0.4	1	73 34
69	95	0.4	1	69 26
70	69	0.4	1	50 19
71	34	0.4	1	8 26
72	34	0.4	1	22 12
73	79	0.4	1	56 23
74	93	0.4	1	78 15
75	93	0.4	1	77 16
76	108	0.4	1	82 26
77	116	0.4	1	85 31
78	102	0.4	1	74 28
79	88	0.4	1	59 29
80	115	0.4	1	82 33
81	99	0.4	1	71 28
82	91	0.4	1	63 28
83	72	0.4	1	52 20
84	78	0.4	1	52 26
85	84	0.4	1	56 28
86	74	0.4	1	51 23
87	63	0.4	1	42 21
88	85	0.4	1	49 36
89	69	0.4	1	41 28
90	50	0.4	1	31 19
91	61	0.4	1	41 20
92	48	0.4	1	23 25
93	56	0.4	1	34 22
94	55	0.4	1	33 22
95	60	0.4	1	38 22
96	56	0.4	1	31 25
97	59	0.4	1	33 26
98	53	0.4	1	30 23
99	54	0.4	1	24 30
100	49	0.4	1	28 21
101	57	0.4	1	32 25
102	46	0.4	1	19 27
103	34	0.4	1	20 14
104	50	0.4	1	28 22
105	34	0.4	1	20 14
106	34	0.4	1	12 22
107	42	0.4	1	21 21
108	44	0.4	1	21 23
109	26	0.4	1	15 11
110	35	0.4	1	18 17
111	39	0.4	1	17 22
112	27	0.4	1	19 8
113	28	0.4	1	13 15
114	27	0.4	1	14 13
115	26	0.4	1	10 16
116	34	0.4	1	14 20
117	32	0.4	1	11 21
118	27	0.4	1	6 21
119	25	0.4	1	11 14
120	30	0.4	1	12 18
121	27	0.4	1	11 16
122	32	0.4	1	12 20
123	22	0.4	1	10 12
124	28	0.4	1	13 15
125	23	0.4	1	8 15
126	33	0.4	1	16 17
127	13	0.4	1	5 8
128	25	0.4	1	6 19
129	28	0.4	1	12 16
130	17	0.4	1	5 12
131	22	0.4	1	8 14
132	20	0.4	1	7 13
133	21	0.4	1	10 11
134	15	0.4	1	6 9
135	23	0.4	1	3 20
136	16	0.4	1	4 12
137	24	0.4	1	3 21
138	22	0.4	1	8 14
139	18	0.4	1	4 14
140	17	0.4	1	4 13
141	15	0.4	1	2 13
142	11	0.4	1	3 8
143	14	0.4	1	3 11
144	21	0.4	1	5 16
145	17	0.4	1	1 16
146	13	0.4	1	1 12
147	19	0.4	1	4 15
148	15	0.4	1	3 12
149	17	0.4	1	4 13
150	1362	0.4	1	6 1356

RUN STATISTICS FOR INPUT FILE: s027_R1_001.fastq.gz
=============================================
25120802 sequences processed in total

