
SUMMARISING RUN PARAMETERS
==========================
Input filename: s029_R1_001.fastq.gz
Trimming mode: paired-end
Trim Galore version: 0.6.10
Cutadapt version: 3.4
Number of cores used for trimming: 1
Quality Phred score cutoff: 20
Quality encoding type selected: ASCII+33
Using Illumina adapter for trimming (count: 5574). Second best hit was Nextera (count: 5)
Adapter sequence: 'AGATCGGAAGAGC' (Illumina TruSeq, Sanger iPCR; auto-detected)
Maximum trimming error rate: 0.1 (default)
Minimum required adapter overlap (stringency): 1 bp
Minimum required sequence length for both reads before a sequence pair gets removed: 20 bp
Running FastQC on the data once trimming has completed
Output file will be GZIP compressed


This is cutadapt 3.4 with Python 3.9.2
Command line parameters: -j 1 -e 0.1 -q 20 -O 1 -a AGATCGGAAGAGC s029_R1_001.fastq.gz
Processing reads on 1 core in single-end mode ...
Finished in 2947.45 s (129 µs/read; 0.46 M reads/minute).

=== Summary ===

Total reads processed:              22,797,232
Reads with adapters:                 8,487,836 (37.2%)
Reads written (passing filters):    22,797,232 (100.0%)

Total basepairs processed: 3,419,584,800 bp
Quality-trimmed:               5,203,246 bp (0.2%)
Total written (filtered):  3,398,475,105 bp (99.4%)

=== Adapter 1 ===

Sequence: AGATCGGAAGAGC; Type: regular 3'; Length: 13; Trimmed: 8487836 times

No. of allowed errors:
1-9 bp: 0; 10-13 bp: 1

Bases preceding removed adapters:
  A: 34.6%
  C: 25.4%
  G: 15.7%
  T: 24.3%
  none/other: 0.0%

Overview of removed sequences
length	count	expect	max.err	error counts
1	6497020	5699308.0	0	6497020
2	1260547	1424827.0	0	1260547
3	416441	356206.8	0	416441
4	109256	89051.7	0	109256
5	26020	22262.9	0	26020
6	8456	5565.7	0	8456
7	6116	1391.4	0	6116
8	6259	347.9	0	6259
9	5730	87.0	0	5461 269
10	5775	21.7	1	5096 679
11	6058	5.4	1	5421 637
12	5626	1.4	1	5231 395
13	4754	0.3	1	4463 291
14	5135	0.3	1	4742 393
15	4980	0.3	1	4665 315
16	4675	0.3	1	4312 363
17	5003	0.3	1	4606 397
18	4321	0.3	1	4045 276
19	3894	0.3	1	3665 229
20	4130	0.3	1	3841 289
21	4062	0.3	1	3794 268
22	3728	0.3	1	3503 225
23	3929	0.3	1	3678 251
24	3591	0.3	1	3342 249
25	3472	0.3	1	3253 219
26	3241	0.3	1	3057 184
27	3493	0.3	1	3267 226
28	3096	0.3	1	2888 208
29	3096	0.3	1	2869 227
30	2870	0.3	1	2722 148
31	2811	0.3	1	2686 125
32	2591	0.3	1	2461 130
33	2599	0.3	1	2435 164
34	2505	0.3	1	2384 121
35	2568	0.3	1	2406 162
36	2677	0.3	1	2470 207
37	2137	0.3	1	2042 95
38	1949	0.3	1	1864 85
39	2036	0.3	1	1914 122
40	2099	0.3	1	1970 129
41	1950	0.3	1	1847 103
42	1747	0.3	1	1669 78
43	1756	0.3	1	1623 133
44	1644	0.3	1	1540 104
45	2680	0.3	1	2535 145
46	708	0.3	1	650 58
47	1430	0.3	1	1340 90
48	3143	0.3	1	2998 145
49	1393	0.3	1	1314 79
50	659	0.3	1	600 59
51	1720	0.3	1	1633 87
52	1081	0.3	1	1019 62
53	657	0.3	1	609 48
54	1385	0.3	1	1323 62
55	2101	0.3	1	2044 57
56	745	0.3	1	712 33
57	942	0.3	1	904 38
58	503	0.3	1	478 25
59	831	0.3	1	792 39
60	269	0.3	1	247 22
61	251	0.3	1	219 32
62	929	0.3	1	900 29
63	479	0.3	1	453 26
64	205	0.3	1	186 19
65	340	0.3	1	320 20
66	993	0.3	1	961 32
67	171	0.3	1	150 21
68	304	0.3	1	276 28
69	163	0.3	1	145 18
70	134	0.3	1	118 16
71	48	0.3	1	32 16
72	83	0.3	1	64 19
73	202	0.3	1	187 15
74	249	0.3	1	228 21
75	256	0.3	1	234 22
76	304	0.3	1	286 18
77	300	0.3	1	276 24
78	261	0.3	1	244 17
79	199	0.3	1	185 14
80	243	0.3	1	225 18
81	241	0.3	1	214 27
82	230	0.3	1	207 23
83	202	0.3	1	183 19
84	181	0.3	1	161 20
85	232	0.3	1	213 19
86	174	0.3	1	150 24
87	173	0.3	1	148 25
88	151	0.3	1	134 17
89	159	0.3	1	140 19
90	136	0.3	1	121 15
91	150	0.3	1	129 21
92	135	0.3	1	114 21
93	135	0.3	1	114 21
94	134	0.3	1	120 14
95	94	0.3	1	73 21
96	124	0.3	1	101 23
97	83	0.3	1	67 16
98	89	0.3	1	74 15
99	90	0.3	1	72 18
100	89	0.3	1	70 19
101	86	0.3	1	67 19
102	77	0.3	1	62 15
103	73	0.3	1	52 21
104	62	0.3	1	44 18
105	64	0.3	1	45 19
106	55	0.3	1	42 13
107	57	0.3	1	41 16
108	40	0.3	1	31 9
109	46	0.3	1	34 12
110	45	0.3	1	32 13
111	41	0.3	1	27 14
112	47	0.3	1	35 12
113	30	0.3	1	16 14
114	26	0.3	1	14 12
115	31	0.3	1	17 14
116	31	0.3	1	20 11
117	42	0.3	1	22 20
118	26	0.3	1	9 17
119	17	0.3	1	8 9
120	23	0.3	1	12 11
121	28	0.3	1	13 15
122	16	0.3	1	9 7
123	22	0.3	1	9 13
124	26	0.3	1	10 16
125	25	0.3	1	10 15
126	17	0.3	1	8 9
127	32	0.3	1	12 20
128	27	0.3	1	16 11
129	21	0.3	1	7 14
130	18	0.3	1	5 13
131	18	0.3	1	7 11
132	21	0.3	1	12 9
133	15	0.3	1	5 10
134	17	0.3	1	10 7
135	10	0.3	1	3 7
136	17	0.3	1	9 8
137	14	0.3	1	4 10
138	14	0.3	1	3 11
139	11	0.3	1	5 6
140	23	0.3	1	6 17
141	8	0.3	1	2 6
142	6	0.3	1	1 5
143	13	0.3	1	4 9
144	8	0.3	1	1 7
145	16	0.3	1	2 14
146	16	0.3	1	5 11
147	11	0.3	1	2 9
148	11	0.3	1	4 7
149	15	0.3	1	0 15
150	1215	0.3	1	7 1208

RUN STATISTICS FOR INPUT FILE: s029_R1_001.fastq.gz
=============================================
22797232 sequences processed in total

