
SUMMARISING RUN PARAMETERS
==========================
Input filename: s031_R1_001.fastq.gz
Trimming mode: paired-end
Trim Galore version: 0.6.10
Cutadapt version: 3.4
Number of cores used for trimming: 1
Quality Phred score cutoff: 20
Quality encoding type selected: ASCII+33
Using Illumina adapter for trimming (count: 3746). Second best hit was Nextera (count: 13)
Adapter sequence: 'AGATCGGAAGAGC' (Illumina TruSeq, Sanger iPCR; auto-detected)
Maximum trimming error rate: 0.1 (default)
Minimum required adapter overlap (stringency): 1 bp
Minimum required sequence length for both reads before a sequence pair gets removed: 20 bp
Running FastQC on the data once trimming has completed
Output file will be GZIP compressed


This is cutadapt 3.4 with Python 3.9.2
Command line parameters: -j 1 -e 0.1 -q 20 -O 1 -a AGATCGGAAGAGC s031_R1_001.fastq.gz
Processing reads on 1 core in single-end mode ...
Finished in 1602.78 s (81 µs/read; 0.74 M reads/minute).

=== Summary ===

Total reads processed:              19,761,108
Reads with adapters:                 6,920,939 (35.0%)
Reads written (passing filters):    19,761,108 (100.0%)

Total basepairs processed: 2,964,166,200 bp
Quality-trimmed:               6,473,737 bp (0.2%)
Total written (filtered):  2,945,366,443 bp (99.4%)

=== Adapter 1 ===

Sequence: AGATCGGAAGAGC; Type: regular 3'; Length: 13; Trimmed: 6920939 times

No. of allowed errors:
1-9 bp: 0; 10-13 bp: 1

Bases preceding removed adapters:
  A: 35.3%
  C: 25.0%
  G: 18.5%
  T: 21.2%
  none/other: 0.0%

Overview of removed sequences
length	count	expect	max.err	error counts
1	5221756	4940277.0	0	5221756
2	1127783	1235069.2	0	1127783
3	356281	308767.3	0	356281
4	80963	77191.8	0	80963
5	21035	19298.0	0	21035
6	7449	4824.5	0	7449
7	4412	1206.1	0	4412
8	4100	301.5	0	4100
9	3590	75.4	0	3254 336
10	3901	18.8	1	3202 699
11	3764	4.7	1	3246 518
12	3647	1.2	1	3326 321
13	2990	0.3	1	2753 237
14	3135	0.3	1	2892 243
15	2937	0.3	1	2744 193
16	2839	0.3	1	2596 243
17	2977	0.3	1	2698 279
18	2717	0.3	1	2501 216
19	2398	0.3	1	2210 188
20	2592	0.3	1	2388 204
21	2454	0.3	1	2260 194
22	2281	0.3	1	2090 191
23	2257	0.3	1	2096 161
24	2151	0.3	1	1983 168
25	2122	0.3	1	1981 141
26	2037	0.3	1	1892 145
27	2014	0.3	1	1882 132
28	1831	0.3	1	1676 155
29	1796	0.3	1	1623 173
30	1685	0.3	1	1587 98
31	1590	0.3	1	1453 137
32	1624	0.3	1	1510 114
33	1543	0.3	1	1417 126
34	1553	0.3	1	1414 139
35	1315	0.3	1	1223 92
36	1277	0.3	1	1188 89
37	1257	0.3	1	1175 82
38	1155	0.3	1	1078 77
39	1197	0.3	1	1111 86
40	1151	0.3	1	1080 71
41	1132	0.3	1	1043 89
42	1073	0.3	1	1003 70
43	861	0.3	1	797 64
44	912	0.3	1	840 72
45	1480	0.3	1	1370 110
46	362	0.3	1	309 53
47	789	0.3	1	725 64
48	1297	0.3	1	1218 79
49	699	0.3	1	646 53
50	431	0.3	1	389 42
51	799	0.3	1	721 78
52	633	0.3	1	572 61
53	388	0.3	1	360 28
54	727	0.3	1	658 69
55	1037	0.3	1	956 81
56	461	0.3	1	422 39
57	599	0.3	1	566 33
58	347	0.3	1	311 36
59	541	0.3	1	503 38
60	255	0.3	1	216 39
61	191	0.3	1	154 37
62	612	0.3	1	566 46
63	365	0.3	1	340 25
64	187	0.3	1	163 24
65	231	0.3	1	204 27
66	713	0.3	1	662 51
67	163	0.3	1	134 29
68	256	0.3	1	228 28
69	113	0.3	1	95 18
70	113	0.3	1	81 32
71	55	0.3	1	30 25
72	84	0.3	1	57 27
73	146	0.3	1	121 25
74	184	0.3	1	153 31
75	186	0.3	1	164 22
76	191	0.3	1	173 18
77	189	0.3	1	164 25
78	191	0.3	1	163 28
79	193	0.3	1	170 23
80	189	0.3	1	166 23
81	177	0.3	1	149 28
82	177	0.3	1	152 25
83	160	0.3	1	133 27
84	155	0.3	1	136 19
85	167	0.3	1	136 31
86	152	0.3	1	120 32
87	147	0.3	1	123 24
88	129	0.3	1	106 23
89	114	0.3	1	92 22
90	143	0.3	1	123 20
91	119	0.3	1	95 24
92	108	0.3	1	88 20
93	104	0.3	1	76 28
94	113	0.3	1	89 24
95	104	0.3	1	75 29
96	98	0.3	1	82 16
97	118	0.3	1	82 36
98	105	0.3	1	78 27
99	81	0.3	1	66 15
100	86	0.3	1	65 21
101	97	0.3	1	75 22
102	88	0.3	1	70 18
103	78	0.3	1	58 20
104	76	0.3	1	52 24
105	74	0.3	1	52 22
106	80	0.3	1	62 18
107	65	0.3	1	40 25
108	69	0.3	1	45 24
109	88	0.3	1	66 22
110	62	0.3	1	48 14
111	55	0.3	1	38 17
112	44	0.3	1	23 21
113	61	0.3	1	39 22
114	56	0.3	1	37 19
115	45	0.3	1	25 20
116	43	0.3	1	28 15
117	42	0.3	1	22 20
118	57	0.3	1	41 16
119	51	0.3	1	30 21
120	52	0.3	1	28 24
121	32	0.3	1	25 7
122	39	0.3	1	30 9
123	37	0.3	1	18 19
124	43	0.3	1	29 14
125	46	0.3	1	30 16
126	34	0.3	1	19 15
127	32	0.3	1	23 9
128	56	0.3	1	22 34
129	36	0.3	1	19 17
130	36	0.3	1	26 10
131	25	0.3	1	11 14
132	28	0.3	1	17 11
133	23	0.3	1	9 14
134	32	0.3	1	23 9
135	27	0.3	1	13 14
136	32	0.3	1	26 6
137	37	0.3	1	22 15
138	26	0.3	1	10 16
139	17	0.3	1	12 5
140	30	0.3	1	18 12
141	24	0.3	1	10 14
142	14	0.3	1	7 7
143	28	0.3	1	14 14
144	17	0.3	1	6 11
145	18	0.3	1	11 7
146	34	0.3	1	14 20
147	20	0.3	1	8 12
148	27	0.3	1	13 14
149	11	0.3	1	1 10
150	1307	0.3	1	7 1300

RUN STATISTICS FOR INPUT FILE: s031_R1_001.fastq.gz
=============================================
19761108 sequences processed in total

