
SUMMARISING RUN PARAMETERS
==========================
Input filename: s032_R1_001.fastq.gz
Trimming mode: paired-end
Trim Galore version: 0.6.10
Cutadapt version: 3.4
Number of cores used for trimming: 1
Quality Phred score cutoff: 20
Quality encoding type selected: ASCII+33
Using Illumina adapter for trimming (count: 6640). Second best hit was smallRNA (count: 7)
Adapter sequence: 'AGATCGGAAGAGC' (Illumina TruSeq, Sanger iPCR; auto-detected)
Maximum trimming error rate: 0.1 (default)
Minimum required adapter overlap (stringency): 1 bp
Minimum required sequence length for both reads before a sequence pair gets removed: 20 bp
Running FastQC on the data once trimming has completed
Output file will be GZIP compressed


This is cutadapt 3.4 with Python 3.9.2
Command line parameters: -j 1 -e 0.1 -q 20 -O 1 -a AGATCGGAAGAGC s032_R1_001.fastq.gz
Processing reads on 1 core in single-end mode ...
Finished in 2165.48 s (80 µs/read; 0.75 M reads/minute).

=== Summary ===

Total reads processed:              27,111,915
Reads with adapters:                 9,846,313 (36.3%)
Reads written (passing filters):    27,111,915 (100.0%)

Total basepairs processed: 4,066,787,250 bp
Quality-trimmed:               7,378,523 bp (0.2%)
Total written (filtered):  4,039,321,292 bp (99.3%)

=== Adapter 1 ===

Sequence: AGATCGGAAGAGC; Type: regular 3'; Length: 13; Trimmed: 9846313 times

No. of allowed errors:
1-9 bp: 0; 10-13 bp: 1

Bases preceding removed adapters:
  A: 36.4%
  C: 24.4%
  G: 17.5%
  T: 21.7%
  none/other: 0.0%

Overview of removed sequences
length	count	expect	max.err	error counts
1	7422812	6777978.8	0	7422812
2	1529131	1694494.7	0	1529131
3	492540	423623.7	0	492540
4	116834	105905.9	0	116834
5	30440	26476.5	0	30440
6	12221	6619.1	0	12221
7	8487	1654.8	0	8487
8	8583	413.7	0	8583
9	7743	103.4	0	7312 431
10	7862	25.9	1	6817 1045
11	8110	6.5	1	7185 925
12	7726	1.6	1	7152 574
13	6797	0.4	1	6347 450
14	6764	0.4	1	6299 465
15	6506	0.4	1	6120 386
16	6299	0.4	1	5831 468
17	6711	0.4	1	6191 520
18	6221	0.4	1	5816 405
19	5207	0.4	1	4883 324
20	5705	0.4	1	5330 375
21	5464	0.4	1	5101 363
22	5349	0.4	1	5032 317
23	5267	0.4	1	4934 333
24	5157	0.4	1	4771 386
25	4742	0.4	1	4442 300
26	4823	0.4	1	4529 294
27	4994	0.4	1	4702 292
28	4379	0.4	1	4139 240
29	4409	0.4	1	4112 297
30	4032	0.4	1	3814 218
31	3909	0.4	1	3754 155
32	3811	0.4	1	3623 188
33	3750	0.4	1	3524 226
34	3664	0.4	1	3442 222
35	3665	0.4	1	3441 224
36	3752	0.4	1	3428 324
37	3017	0.4	1	2867 150
38	2713	0.4	1	2582 131
39	2920	0.4	1	2772 148
40	3122	0.4	1	2933 189
41	2843	0.4	1	2687 156
42	2688	0.4	1	2521 167
43	2618	0.4	1	2387 231
44	2404	0.4	1	2232 172
45	3847	0.4	1	3672 175
46	1035	0.4	1	930 105
47	2039	0.4	1	1916 123
48	4436	0.4	1	4199 237
49	1894	0.4	1	1769 125
50	1073	0.4	1	1004 69
51	2484	0.4	1	2336 148
52	1570	0.4	1	1467 103
53	887	0.4	1	821 66
54	2129	0.4	1	2049 80
55	3287	0.4	1	3166 121
56	1149	0.4	1	1073 76
57	1435	0.4	1	1372 63
58	838	0.4	1	773 65
59	1467	0.4	1	1403 64
60	502	0.4	1	447 55
61	378	0.4	1	324 54
62	1541	0.4	1	1461 80
63	877	0.4	1	819 58
64	374	0.4	1	334 40
65	571	0.4	1	511 60
66	1610	0.4	1	1550 60
67	265	0.4	1	244 21
68	578	0.4	1	542 36
69	414	0.4	1	379 35
70	354	0.4	1	314 40
71	77	0.4	1	55 22
72	154	0.4	1	120 34
73	315	0.4	1	275 40
74	429	0.4	1	394 35
75	462	0.4	1	420 42
76	481	0.4	1	437 44
77	452	0.4	1	416 36
78	444	0.4	1	401 43
79	456	0.4	1	416 40
80	419	0.4	1	368 51
81	440	0.4	1	402 38
82	328	0.4	1	289 39
83	362	0.4	1	317 45
84	375	0.4	1	330 45
85	352	0.4	1	308 44
86	288	0.4	1	242 46
87	304	0.4	1	269 35
88	256	0.4	1	219 37
89	271	0.4	1	232 39
90	271	0.4	1	240 31
91	225	0.4	1	198 27
92	234	0.4	1	202 32
93	203	0.4	1	176 27
94	229	0.4	1	193 36
95	189	0.4	1	165 24
96	186	0.4	1	150 36
97	190	0.4	1	152 38
98	168	0.4	1	145 23
99	161	0.4	1	144 17
100	131	0.4	1	107 24
101	159	0.4	1	129 30
102	124	0.4	1	93 31
103	153	0.4	1	111 42
104	137	0.4	1	107 30
105	132	0.4	1	97 35
106	117	0.4	1	89 28
107	101	0.4	1	76 25
108	74	0.4	1	51 23
109	83	0.4	1	55 28
110	102	0.4	1	74 28
111	79	0.4	1	62 17
112	86	0.4	1	55 31
113	61	0.4	1	45 16
114	64	0.4	1	40 24
115	80	0.4	1	51 29
116	66	0.4	1	49 17
117	55	0.4	1	37 18
118	58	0.4	1	30 28
119	58	0.4	1	39 19
120	61	0.4	1	33 28
121	40	0.4	1	20 20
122	44	0.4	1	22 22
123	33	0.4	1	20 13
124	46	0.4	1	21 25
125	34	0.4	1	16 18
126	41	0.4	1	17 24
127	41	0.4	1	23 18
128	43	0.4	1	20 23
129	46	0.4	1	22 24
130	36	0.4	1	15 21
131	30	0.4	1	11 19
132	28	0.4	1	10 18
133	26	0.4	1	17 9
134	32	0.4	1	14 18
135	32	0.4	1	13 19
136	45	0.4	1	18 27
137	24	0.4	1	9 15
138	32	0.4	1	15 17
139	25	0.4	1	11 14
140	38	0.4	1	12 26
141	31	0.4	1	10 21
142	14	0.4	1	6 8
143	15	0.4	1	11 4
144	17	0.4	1	5 12
145	22	0.4	1	9 13
146	33	0.4	1	17 16
147	31	0.4	1	11 20
148	27	0.4	1	8 19
149	23	0.4	1	0 23
150	1457	0.4	1	8 1449

RUN STATISTICS FOR INPUT FILE: s032_R1_001.fastq.gz
=============================================
27111915 sequences processed in total

