
SUMMARISING RUN PARAMETERS
==========================
Input filename: s033_R1_001.fastq.gz
Trimming mode: paired-end
Trim Galore version: 0.6.10
Cutadapt version: 3.4
Number of cores used for trimming: 1
Quality Phred score cutoff: 20
Quality encoding type selected: ASCII+33
Using Illumina adapter for trimming (count: 3471). Second best hit was Nextera (count: 11)
Adapter sequence: 'AGATCGGAAGAGC' (Illumina TruSeq, Sanger iPCR; auto-detected)
Maximum trimming error rate: 0.1 (default)
Minimum required adapter overlap (stringency): 1 bp
Minimum required sequence length for both reads before a sequence pair gets removed: 20 bp
Running FastQC on the data once trimming has completed
Output file will be GZIP compressed


This is cutadapt 3.4 with Python 3.9.2
Command line parameters: -j 1 -e 0.1 -q 20 -O 1 -a AGATCGGAAGAGC s033_R1_001.fastq.gz
Processing reads on 1 core in single-end mode ...
Finished in 2067.38 s (81 µs/read; 0.74 M reads/minute).

=== Summary ===

Total reads processed:              25,479,325
Reads with adapters:                 9,092,832 (35.7%)
Reads written (passing filters):    25,479,325 (100.0%)

Total basepairs processed: 3,821,898,750 bp
Quality-trimmed:               7,414,874 bp (0.2%)
Total written (filtered):  3,798,891,636 bp (99.4%)

=== Adapter 1 ===

Sequence: AGATCGGAAGAGC; Type: regular 3'; Length: 13; Trimmed: 9092832 times

No. of allowed errors:
1-9 bp: 0; 10-13 bp: 1

Bases preceding removed adapters:
  A: 36.5%
  C: 24.4%
  G: 17.6%
  T: 21.4%
  none/other: 0.0%

Overview of removed sequences
length	count	expect	max.err	error counts
1	6938680	6369831.2	0	6938680
2	1429151	1592457.8	0	1429151
3	455951	398114.5	0	455951
4	106841	99528.6	0	106841
5	26367	24882.2	0	26367
6	8962	6220.5	0	8962
7	5402	1555.1	0	5402
8	5016	388.8	0	5016
9	4531	97.2	0	4077 454
10	4806	24.3	1	3931 875
11	4597	6.1	1	4033 564
12	4325	1.5	1	3976 349
13	3710	0.4	1	3421 289
14	3871	0.4	1	3559 312
15	3635	0.4	1	3394 241
16	3517	0.4	1	3238 279
17	3653	0.4	1	3298 355
18	3273	0.4	1	3064 209
19	2848	0.4	1	2661 187
20	2988	0.4	1	2746 242
21	2970	0.4	1	2761 209
22	2854	0.4	1	2660 194
23	2766	0.4	1	2559 207
24	2678	0.4	1	2447 231
25	2404	0.4	1	2255 149
26	2372	0.4	1	2215 157
27	2409	0.4	1	2229 180
28	2315	0.4	1	2147 168
29	2339	0.4	1	2147 192
30	2076	0.4	1	1936 140
31	1867	0.4	1	1747 120
32	1906	0.4	1	1796 110
33	1908	0.4	1	1773 135
34	1797	0.4	1	1686 111
35	1833	0.4	1	1682 151
36	1797	0.4	1	1630 167
37	1490	0.4	1	1404 86
38	1345	0.4	1	1266 79
39	1490	0.4	1	1395 95
40	1503	0.4	1	1376 127
41	1415	0.4	1	1331 84
42	1239	0.4	1	1147 92
43	1325	0.4	1	1206 119
44	1080	0.4	1	992 88
45	1708	0.4	1	1607 101
46	490	0.4	1	419 71
47	927	0.4	1	847 80
48	1984	0.4	1	1890 94
49	913	0.4	1	835 78
50	489	0.4	1	416 73
51	1143	0.4	1	1067 76
52	743	0.4	1	681 62
53	437	0.4	1	382 55
54	861	0.4	1	806 55
55	1369	0.4	1	1305 64
56	534	0.4	1	479 55
57	581	0.4	1	547 34
58	373	0.4	1	338 35
59	554	0.4	1	511 43
60	194	0.4	1	164 30
61	178	0.4	1	140 38
62	650	0.4	1	614 36
63	316	0.4	1	284 32
64	163	0.4	1	138 25
65	255	0.4	1	220 35
66	647	0.4	1	605 42
67	116	0.4	1	98 18
68	215	0.4	1	177 38
69	135	0.4	1	114 21
70	122	0.4	1	97 25
71	43	0.4	1	22 21
72	80	0.4	1	44 36
73	137	0.4	1	112 25
74	182	0.4	1	153 29
75	226	0.4	1	190 36
76	196	0.4	1	173 23
77	205	0.4	1	178 27
78	177	0.4	1	143 34
79	174	0.4	1	148 26
80	200	0.4	1	166 34
81	194	0.4	1	160 34
82	172	0.4	1	141 31
83	148	0.4	1	126 22
84	135	0.4	1	103 32
85	133	0.4	1	115 18
86	137	0.4	1	111 26
87	148	0.4	1	114 34
88	139	0.4	1	108 31
89	151	0.4	1	113 38
90	117	0.4	1	90 27
91	121	0.4	1	86 35
92	107	0.4	1	85 22
93	115	0.4	1	86 29
94	95	0.4	1	73 22
95	93	0.4	1	70 23
96	88	0.4	1	71 17
97	75	0.4	1	64 11
98	85	0.4	1	64 21
99	67	0.4	1	45 22
100	85	0.4	1	65 20
101	68	0.4	1	50 18
102	67	0.4	1	39 28
103	68	0.4	1	39 29
104	74	0.4	1	50 24
105	70	0.4	1	43 27
106	63	0.4	1	40 23
107	84	0.4	1	43 41
108	61	0.4	1	35 26
109	46	0.4	1	30 16
110	53	0.4	1	32 21
111	50	0.4	1	29 21
112	42	0.4	1	17 25
113	29	0.4	1	18 11
114	49	0.4	1	21 28
115	35	0.4	1	19 16
116	37	0.4	1	16 21
117	46	0.4	1	24 22
118	31	0.4	1	18 13
119	21	0.4	1	10 11
120	38	0.4	1	14 24
121	33	0.4	1	19 14
122	39	0.4	1	14 25
123	42	0.4	1	20 22
124	41	0.4	1	15 26
125	42	0.4	1	10 32
126	42	0.4	1	18 24
127	37	0.4	1	19 18
128	28	0.4	1	13 15
129	45	0.4	1	15 30
130	30	0.4	1	14 16
131	25	0.4	1	10 15
132	38	0.4	1	16 22
133	22	0.4	1	7 15
134	36	0.4	1	14 22
135	27	0.4	1	11 16
136	19	0.4	1	5 14
137	21	0.4	1	8 13
138	30	0.4	1	10 20
139	14	0.4	1	7 7
140	39	0.4	1	6 33
141	22	0.4	1	5 17
142	13	0.4	1	2 11
143	16	0.4	1	4 12
144	25	0.4	1	13 12
145	15	0.4	1	6 9
146	24	0.4	1	9 15
147	21	0.4	1	8 13
148	25	0.4	1	7 18
149	13	0.4	1	2 11
150	1552	0.4	1	6 1546

RUN STATISTICS FOR INPUT FILE: s033_R1_001.fastq.gz
=============================================
25479325 sequences processed in total

