
SUMMARISING RUN PARAMETERS
==========================
Input filename: s038_R1_001.fastq.gz
Trimming mode: paired-end
Trim Galore version: 0.6.10
Cutadapt version: 3.4
Number of cores used for trimming: 1
Quality Phred score cutoff: 20
Quality encoding type selected: ASCII+33
Using Illumina adapter for trimming (count: 1910). Second best hit was Nextera (count: 7)
Adapter sequence: 'AGATCGGAAGAGC' (Illumina TruSeq, Sanger iPCR; auto-detected)
Maximum trimming error rate: 0.1 (default)
Minimum required adapter overlap (stringency): 1 bp
Minimum required sequence length for both reads before a sequence pair gets removed: 20 bp
Running FastQC on the data once trimming has completed
Output file will be GZIP compressed


This is cutadapt 3.4 with Python 3.9.2
Command line parameters: -j 1 -e 0.1 -q 20 -O 1 -a AGATCGGAAGAGC s038_R1_001.fastq.gz
Processing reads on 1 core in single-end mode ...
Finished in 2026.31 s (82 µs/read; 0.74 M reads/minute).

=== Summary ===

Total reads processed:              24,842,654
Reads with adapters:                 8,895,710 (35.8%)
Reads written (passing filters):    24,842,654 (100.0%)

Total basepairs processed: 3,726,398,100 bp
Quality-trimmed:               7,978,226 bp (0.2%)
Total written (filtered):  3,704,465,141 bp (99.4%)

=== Adapter 1 ===

Sequence: AGATCGGAAGAGC; Type: regular 3'; Length: 13; Trimmed: 8895710 times

No. of allowed errors:
1-9 bp: 0; 10-13 bp: 1

Bases preceding removed adapters:
  A: 36.6%
  C: 24.4%
  G: 17.4%
  T: 21.6%
  none/other: 0.0%

Overview of removed sequences
length	count	expect	max.err	error counts
1	6834012	6210663.5	0	6834012
2	1400167	1552665.9	0	1400167
3	449066	388166.5	0	449066
4	103688	97041.6	0	103688
5	24064	24260.4	0	24064
6	7052	6065.1	0	7052
7	3564	1516.3	0	3564
8	3174	379.1	0	3174
9	3085	94.8	0	2689 396
10	3246	23.7	1	2469 777
11	2994	5.9	1	2525 469
12	2812	1.5	1	2571 241
13	2332	0.4	1	2158 174
14	2385	0.4	1	2170 215
15	2065	0.4	1	1910 155
16	2168	0.4	1	1972 196
17	2261	0.4	1	2052 209
18	1981	0.4	1	1827 154
19	1802	0.4	1	1675 127
20	1859	0.4	1	1711 148
21	1839	0.4	1	1673 166
22	1679	0.4	1	1565 114
23	1646	0.4	1	1516 130
24	1692	0.4	1	1532 160
25	1463	0.4	1	1336 127
26	1444	0.4	1	1339 105
27	1423	0.4	1	1311 112
28	1242	0.4	1	1145 97
29	1262	0.4	1	1137 125
30	1238	0.4	1	1137 101
31	1077	0.4	1	991 86
32	1081	0.4	1	1001 80
33	1029	0.4	1	921 108
34	1047	0.4	1	953 94
35	1026	0.4	1	941 85
36	904	0.4	1	819 85
37	1032	0.4	1	954 78
38	1111	0.4	1	1035 76
39	337	0.4	1	297 40
40	772	0.4	1	698 74
41	756	0.4	1	688 68
42	765	0.4	1	678 87
43	763	0.4	1	693 70
44	650	0.4	1	587 63
45	1012	0.4	1	941 71
46	359	0.4	1	312 47
47	331	0.4	1	293 38
48	685	0.4	1	617 68
49	464	0.4	1	409 55
50	368	0.4	1	315 53
51	567	0.4	1	504 63
52	438	0.4	1	400 38
53	289	0.4	1	254 35
54	461	0.4	1	406 55
55	559	0.4	1	518 41
56	348	0.4	1	306 42
57	399	0.4	1	357 42
58	276	0.4	1	247 29
59	340	0.4	1	310 30
60	157	0.4	1	128 29
61	139	0.4	1	119 20
62	342	0.4	1	307 35
63	257	0.4	1	228 29
64	135	0.4	1	113 22
65	149	0.4	1	123 26
66	436	0.4	1	385 51
67	125	0.4	1	105 20
68	183	0.4	1	158 25
69	90	0.4	1	66 24
70	82	0.4	1	63 19
71	45	0.4	1	20 25
72	65	0.4	1	55 10
73	102	0.4	1	77 25
74	117	0.4	1	95 22
75	123	0.4	1	96 27
76	137	0.4	1	109 28
77	121	0.4	1	106 15
78	125	0.4	1	108 17
79	122	0.4	1	103 19
80	99	0.4	1	83 16
81	122	0.4	1	95 27
82	97	0.4	1	77 20
83	109	0.4	1	85 24
84	94	0.4	1	67 27
85	105	0.4	1	78 27
86	89	0.4	1	64 25
87	84	0.4	1	49 35
88	100	0.4	1	69 31
89	89	0.4	1	61 28
90	85	0.4	1	61 24
91	86	0.4	1	52 34
92	72	0.4	1	50 22
93	73	0.4	1	42 31
94	73	0.4	1	55 18
95	65	0.4	1	49 16
96	67	0.4	1	51 16
97	57	0.4	1	32 25
98	59	0.4	1	42 17
99	68	0.4	1	43 25
100	52	0.4	1	33 19
101	48	0.4	1	30 18
102	59	0.4	1	35 24
103	52	0.4	1	30 22
104	49	0.4	1	32 17
105	50	0.4	1	32 18
106	45	0.4	1	30 15
107	59	0.4	1	38 21
108	41	0.4	1	18 23
109	32	0.4	1	17 15
110	47	0.4	1	26 21
111	43	0.4	1	22 21
112	43	0.4	1	23 20
113	25	0.4	1	13 12
114	21	0.4	1	10 11
115	36	0.4	1	20 16
116	32	0.4	1	12 20
117	45	0.4	1	17 28
118	45	0.4	1	24 21
119	36	0.4	1	15 21
120	37	0.4	1	14 23
121	30	0.4	1	17 13
122	31	0.4	1	17 14
123	40	0.4	1	19 21
124	30	0.4	1	15 15
125	25	0.4	1	12 13
126	27	0.4	1	15 12
127	33	0.4	1	12 21
128	22	0.4	1	12 10
129	18	0.4	1	12 6
130	35	0.4	1	16 19
131	32	0.4	1	15 17
132	28	0.4	1	16 12
133	26	0.4	1	9 17
134	25	0.4	1	7 18
135	23	0.4	1	12 11
136	25	0.4	1	9 16
137	16	0.4	1	7 9
138	25	0.4	1	10 15
139	17	0.4	1	8 9
140	21	0.4	1	7 14
141	14	0.4	1	7 7
142	10	0.4	1	4 6
143	25	0.4	1	7 18
144	17	0.4	1	7 10
145	18	0.4	1	7 11
146	22	0.4	1	11 11
147	32	0.4	1	16 16
148	18	0.4	1	5 13
149	20	0.4	1	2 18
150	1412	0.4	1	7 1405

RUN STATISTICS FOR INPUT FILE: s038_R1_001.fastq.gz
=============================================
24842654 sequences processed in total

