
SUMMARISING RUN PARAMETERS
==========================
Input filename: s042_R1_001.fastq.gz
Trimming mode: paired-end
Trim Galore version: 0.6.10
Cutadapt version: 3.4
Number of cores used for trimming: 1
Quality Phred score cutoff: 20
Quality encoding type selected: ASCII+33
Using Illumina adapter for trimming (count: 1707). Second best hit was smallRNA (count: 8)
Adapter sequence: 'AGATCGGAAGAGC' (Illumina TruSeq, Sanger iPCR; auto-detected)
Maximum trimming error rate: 0.1 (default)
Minimum required adapter overlap (stringency): 1 bp
Minimum required sequence length for both reads before a sequence pair gets removed: 20 bp
Running FastQC on the data once trimming has completed
Output file will be GZIP compressed


This is cutadapt 3.4 with Python 3.9.2
Command line parameters: -j 1 -e 0.1 -q 20 -O 1 -a AGATCGGAAGAGC s042_R1_001.fastq.gz
Processing reads on 1 core in single-end mode ...
Finished in 2202.70 s (81 µs/read; 0.74 M reads/minute).

=== Summary ===

Total reads processed:              27,212,395
Reads with adapters:                10,119,286 (37.2%)
Reads written (passing filters):    27,212,395 (100.0%)

Total basepairs processed: 4,081,859,250 bp
Quality-trimmed:               7,375,653 bp (0.2%)
Total written (filtered):  4,059,368,095 bp (99.4%)

=== Adapter 1 ===

Sequence: AGATCGGAAGAGC; Type: regular 3'; Length: 13; Trimmed: 10119286 times

No. of allowed errors:
1-9 bp: 0; 10-13 bp: 1

Bases preceding removed adapters:
  A: 36.3%
  C: 24.7%
  G: 15.7%
  T: 23.3%
  none/other: 0.0%

Overview of removed sequences
length	count	expect	max.err	error counts
1	7827480	6803098.8	0	7827480
2	1545070	1700774.7	0	1545070
3	512343	425193.7	0	512343
4	127086	106298.4	0	127086
5	26538	26574.6	0	26538
6	6066	6643.7	0	6066
7	3722	1660.9	0	3722
8	3622	415.2	0	3622
9	3474	103.8	0	3096 378
10	3540	26.0	1	2811 729
11	3431	6.5	1	2913 518
12	3094	1.6	1	2823 271
13	2600	0.4	1	2425 175
14	2664	0.4	1	2478 186
15	2510	0.4	1	2355 155
16	2519	0.4	1	2326 193
17	2423	0.4	1	2241 182
18	2075	0.4	1	1938 137
19	1902	0.4	1	1766 136
20	1967	0.4	1	1849 118
21	2000	0.4	1	1854 146
22	1733	0.4	1	1641 92
23	1693	0.4	1	1557 136
24	1721	0.4	1	1559 162
25	1447	0.4	1	1372 75
26	1368	0.4	1	1267 101
27	1476	0.4	1	1385 91
28	1244	0.4	1	1168 76
29	1245	0.4	1	1152 93
30	1106	0.4	1	1025 81
31	1108	0.4	1	1037 71
32	1001	0.4	1	936 65
33	965	0.4	1	906 59
34	949	0.4	1	873 76
35	904	0.4	1	830 74
36	764	0.4	1	715 49
37	895	0.4	1	823 72
38	981	0.4	1	914 67
39	309	0.4	1	270 39
40	604	0.4	1	565 39
41	565	0.4	1	515 50
42	593	0.4	1	545 48
43	588	0.4	1	530 58
44	516	0.4	1	459 57
45	723	0.4	1	684 39
46	271	0.4	1	229 42
47	256	0.4	1	229 27
48	469	0.4	1	442 27
49	343	0.4	1	301 42
50	290	0.4	1	254 36
51	407	0.4	1	372 35
52	291	0.4	1	267 24
53	211	0.4	1	182 29
54	283	0.4	1	249 34
55	327	0.4	1	302 25
56	215	0.4	1	196 19
57	223	0.4	1	199 24
58	202	0.4	1	173 29
59	220	0.4	1	192 28
60	100	0.4	1	85 15
61	100	0.4	1	82 18
62	233	0.4	1	196 37
63	136	0.4	1	114 22
64	87	0.4	1	68 19
65	117	0.4	1	90 27
66	203	0.4	1	181 22
67	87	0.4	1	63 24
68	118	0.4	1	105 13
69	69	0.4	1	59 10
70	61	0.4	1	43 18
71	27	0.4	1	10 17
72	34	0.4	1	15 19
73	48	0.4	1	33 15
74	44	0.4	1	35 9
75	63	0.4	1	54 9
76	68	0.4	1	42 26
77	66	0.4	1	49 17
78	61	0.4	1	39 22
79	56	0.4	1	36 20
80	47	0.4	1	32 15
81	49	0.4	1	33 16
82	54	0.4	1	34 20
83	50	0.4	1	36 14
84	44	0.4	1	29 15
85	48	0.4	1	33 15
86	47	0.4	1	36 11
87	48	0.4	1	29 19
88	37	0.4	1	18 19
89	35	0.4	1	18 17
90	35	0.4	1	21 14
91	44	0.4	1	26 18
92	38	0.4	1	20 18
93	28	0.4	1	16 12
94	35	0.4	1	19 16
95	28	0.4	1	15 13
96	37	0.4	1	24 13
97	28	0.4	1	10 18
98	27	0.4	1	8 19
99	34	0.4	1	11 23
100	28	0.4	1	6 22
101	29	0.4	1	15 14
102	35	0.4	1	17 18
103	29	0.4	1	17 12
104	27	0.4	1	13 14
105	21	0.4	1	9 12
106	25	0.4	1	12 13
107	18	0.4	1	9 9
108	28	0.4	1	9 19
109	21	0.4	1	14 7
110	23	0.4	1	10 13
111	25	0.4	1	7 18
112	22	0.4	1	10 12
113	20	0.4	1	14 6
114	15	0.4	1	4 11
115	25	0.4	1	7 18
116	25	0.4	1	10 15
117	23	0.4	1	9 14
118	19	0.4	1	9 10
119	15	0.4	1	1 14
120	21	0.4	1	9 12
121	21	0.4	1	12 9
122	23	0.4	1	9 14
123	23	0.4	1	7 16
124	25	0.4	1	7 18
125	19	0.4	1	11 8
126	23	0.4	1	8 15
127	17	0.4	1	3 14
128	18	0.4	1	5 13
129	16	0.4	1	6 10
130	18	0.4	1	0 18
131	17	0.4	1	4 13
132	16	0.4	1	5 11
133	7	0.4	1	2 5
134	11	0.4	1	5 6
135	10	0.4	1	4 6
136	17	0.4	1	4 13
137	15	0.4	1	5 10
138	20	0.4	1	6 14
139	16	0.4	1	5 11
140	7	0.4	1	1 6
141	11	0.4	1	6 5
142	10	0.4	1	2 8
143	5	0.4	1	3 2
144	15	0.4	1	3 12
145	10	0.4	1	3 7
146	17	0.4	1	7 10
147	19	0.4	1	9 10
148	11	0.4	1	1 10
149	15	0.4	1	1 14
150	1137	0.4	1	2 1135

RUN STATISTICS FOR INPUT FILE: s042_R1_001.fastq.gz
=============================================
27212395 sequences processed in total

