
SUMMARISING RUN PARAMETERS
==========================
Input filename: s052_R1_001.fastq.gz
Trimming mode: paired-end
Trim Galore version: 0.6.10
Cutadapt version: 3.4
Number of cores used for trimming: 1
Quality Phred score cutoff: 20
Quality encoding type selected: ASCII+33
Using Illumina adapter for trimming (count: 3891). Second best hit was Nextera (count: 7)
Adapter sequence: 'AGATCGGAAGAGC' (Illumina TruSeq, Sanger iPCR; auto-detected)
Maximum trimming error rate: 0.1 (default)
Minimum required adapter overlap (stringency): 1 bp
Minimum required sequence length for both reads before a sequence pair gets removed: 20 bp
Running FastQC on the data once trimming has completed
Output file will be GZIP compressed


This is cutadapt 3.4 with Python 3.9.2
Command line parameters: -j 1 -e 0.1 -q 20 -O 1 -a AGATCGGAAGAGC s052_R1_001.fastq.gz
Processing reads on 1 core in single-end mode ...
Finished in 2037.46 s (84 µs/read; 0.72 M reads/minute).

=== Summary ===

Total reads processed:              24,342,148
Reads with adapters:                 8,439,906 (34.7%)
Reads written (passing filters):    24,342,148 (100.0%)

Total basepairs processed: 3,651,322,200 bp
Quality-trimmed:               6,500,532 bp (0.2%)
Total written (filtered):  3,629,767,429 bp (99.4%)

=== Adapter 1 ===

Sequence: AGATCGGAAGAGC; Type: regular 3'; Length: 13; Trimmed: 8439906 times

No. of allowed errors:
1-9 bp: 0; 10-13 bp: 1

Bases preceding removed adapters:
  A: 34.8%
  C: 25.5%
  G: 18.6%
  T: 21.1%
  none/other: 0.0%

Overview of removed sequences
length	count	expect	max.err	error counts
1	6373502	6085537.0	0	6373502
2	1358412	1521384.2	0	1358412
3	427041	380346.1	0	427041
4	105443	95086.5	0	105443
5	28290	23771.6	0	28290
6	10295	5942.9	0	10295
7	6133	1485.7	0	6133
8	5670	371.4	0	5670
9	5072	92.9	0	4613 459
10	5167	23.2	1	4310 857
11	5035	5.8	1	4380 655
12	4939	1.5	1	4535 404
13	4153	0.4	1	3878 275
14	4275	0.4	1	3936 339
15	4099	0.4	1	3798 301
16	3923	0.4	1	3601 322
17	4044	0.4	1	3700 344
18	3504	0.4	1	3290 214
19	3265	0.4	1	3071 194
20	3303	0.4	1	3079 224
21	3218	0.4	1	3024 194
22	3099	0.4	1	2899 200
23	3242	0.4	1	3021 221
24	2877	0.4	1	2670 207
25	2683	0.4	1	2497 186
26	2458	0.4	1	2310 148
27	2529	0.4	1	2356 173
28	2409	0.4	1	2249 160
29	2322	0.4	1	2142 180
30	2260	0.4	1	2131 129
31	1974	0.4	1	1883 91
32	2082	0.4	1	1978 104
33	1993	0.4	1	1862 131
34	2007	0.4	1	1880 127
35	1799	0.4	1	1700 99
36	1689	0.4	1	1591 98
37	1627	0.4	1	1516 111
38	1531	0.4	1	1442 89
39	1435	0.4	1	1345 90
40	1518	0.4	1	1417 101
41	1492	0.4	1	1392 100
42	1489	0.4	1	1429 60
43	1145	0.4	1	1035 110
44	1128	0.4	1	1043 85
45	1767	0.4	1	1659 108
46	458	0.4	1	415 43
47	949	0.4	1	884 65
48	1591	0.4	1	1517 74
49	881	0.4	1	816 65
50	589	0.4	1	535 54
51	1078	0.4	1	1005 73
52	807	0.4	1	765 42
53	557	0.4	1	510 47
54	769	0.4	1	709 60
55	1193	0.4	1	1130 63
56	600	0.4	1	562 38
57	738	0.4	1	701 37
58	489	0.4	1	450 39
59	594	0.4	1	560 34
60	258	0.4	1	230 28
61	208	0.4	1	179 29
62	687	0.4	1	639 48
63	446	0.4	1	417 29
64	219	0.4	1	194 25
65	297	0.4	1	253 44
66	799	0.4	1	766 33
67	196	0.4	1	171 25
68	322	0.4	1	292 30
69	171	0.4	1	147 24
70	125	0.4	1	106 19
71	53	0.4	1	30 23
72	83	0.4	1	64 19
73	161	0.4	1	146 15
74	181	0.4	1	154 27
75	212	0.4	1	190 22
76	189	0.4	1	155 34
77	183	0.4	1	158 25
78	196	0.4	1	166 30
79	201	0.4	1	167 34
80	162	0.4	1	143 19
81	200	0.4	1	157 43
82	154	0.4	1	130 24
83	147	0.4	1	115 32
84	157	0.4	1	120 37
85	134	0.4	1	113 21
86	149	0.4	1	118 31
87	109	0.4	1	87 22
88	99	0.4	1	76 23
89	109	0.4	1	95 14
90	98	0.4	1	74 24
91	105	0.4	1	80 25
92	95	0.4	1	63 32
93	93	0.4	1	68 25
94	77	0.4	1	51 26
95	91	0.4	1	67 24
96	72	0.4	1	48 24
97	86	0.4	1	57 29
98	76	0.4	1	57 19
99	68	0.4	1	43 25
100	75	0.4	1	47 28
101	48	0.4	1	33 15
102	62	0.4	1	46 16
103	63	0.4	1	36 27
104	59	0.4	1	39 20
105	40	0.4	1	19 21
106	61	0.4	1	33 28
107	39	0.4	1	22 17
108	42	0.4	1	26 16
109	48	0.4	1	19 29
110	45	0.4	1	23 22
111	43	0.4	1	27 16
112	59	0.4	1	32 27
113	36	0.4	1	25 11
114	44	0.4	1	19 25
115	35	0.4	1	19 16
116	43	0.4	1	25 18
117	30	0.4	1	16 14
118	33	0.4	1	15 18
119	38	0.4	1	17 21
120	32	0.4	1	17 15
121	29	0.4	1	17 12
122	48	0.4	1	22 26
123	19	0.4	1	7 12
124	34	0.4	1	9 25
125	39	0.4	1	16 23
126	36	0.4	1	21 15
127	42	0.4	1	15 27
128	42	0.4	1	15 27
129	25	0.4	1	9 16
130	26	0.4	1	8 18
131	26	0.4	1	12 14
132	50	0.4	1	18 32
133	27	0.4	1	13 14
134	34	0.4	1	11 23
135	26	0.4	1	9 17
136	27	0.4	1	13 14
137	28	0.4	1	11 17
138	19	0.4	1	2 17
139	25	0.4	1	6 19
140	38	0.4	1	14 24
141	28	0.4	1	7 21
142	27	0.4	1	4 23
143	21	0.4	1	4 17
144	26	0.4	1	9 17
145	19	0.4	1	4 15
146	36	0.4	1	13 23
147	34	0.4	1	5 29
148	10	0.4	1	2 8
149	37	0.4	1	5 32
150	1954	0.4	1	4 1950

RUN STATISTICS FOR INPUT FILE: s052_R1_001.fastq.gz
=============================================
24342148 sequences processed in total

