
SUMMARISING RUN PARAMETERS
==========================
Input filename: s053_R1_001.fastq.gz
Trimming mode: paired-end
Trim Galore version: 0.6.10
Cutadapt version: 3.4
Number of cores used for trimming: 1
Quality Phred score cutoff: 20
Quality encoding type selected: ASCII+33
Using Illumina adapter for trimming (count: 2496). Second best hit was Nextera (count: 5)
Adapter sequence: 'AGATCGGAAGAGC' (Illumina TruSeq, Sanger iPCR; auto-detected)
Maximum trimming error rate: 0.1 (default)
Minimum required adapter overlap (stringency): 1 bp
Minimum required sequence length for both reads before a sequence pair gets removed: 20 bp
Running FastQC on the data once trimming has completed
Output file will be GZIP compressed


This is cutadapt 3.4 with Python 3.9.2
Command line parameters: -j 1 -e 0.1 -q 20 -O 1 -a AGATCGGAAGAGC s053_R1_001.fastq.gz
Processing reads on 1 core in single-end mode ...
Finished in 2012.26 s (81 µs/read; 0.74 M reads/minute).

=== Summary ===

Total reads processed:              24,793,932
Reads with adapters:                 8,639,340 (34.8%)
Reads written (passing filters):    24,793,932 (100.0%)

Total basepairs processed: 3,719,089,800 bp
Quality-trimmed:              10,242,071 bp (0.3%)
Total written (filtered):  3,692,628,805 bp (99.3%)

=== Adapter 1 ===

Sequence: AGATCGGAAGAGC; Type: regular 3'; Length: 13; Trimmed: 8639340 times

No. of allowed errors:
1-9 bp: 0; 10-13 bp: 1

Bases preceding removed adapters:
  A: 36.3%
  C: 23.8%
  G: 18.2%
  T: 21.6%
  none/other: 0.0%

Overview of removed sequences
length	count	expect	max.err	error counts
1	6573608	6198483.0	0	6573608
2	1428374	1549620.8	0	1428374
3	421556	387405.2	0	421556
4	88722	96851.3	0	88722
5	20413	24212.8	0	20413
6	6876	6053.2	0	6876
7	3270	1513.3	0	3270
8	2952	378.3	0	2952
9	2599	94.6	0	2223 376
10	2952	23.6	1	2173 779
11	2725	5.9	1	2226 499
12	2447	1.5	1	2112 335
13	2267	0.4	1	1970 297
14	2232	0.4	1	1963 269
15	2007	0.4	1	1792 215
16	2084	0.4	1	1819 265
17	2050	0.4	1	1775 275
18	1939	0.4	1	1684 255
19	1668	0.4	1	1491 177
20	1753	0.4	1	1559 194
21	1705	0.4	1	1515 190
22	1692	0.4	1	1459 233
23	1597	0.4	1	1388 209
24	1497	0.4	1	1293 204
25	1416	0.4	1	1230 186
26	1370	0.4	1	1197 173
27	1410	0.4	1	1217 193
28	1183	0.4	1	1027 156
29	1353	0.4	1	1180 173
30	1261	0.4	1	1083 178
31	1070	0.4	1	934 136
32	1195	0.4	1	1039 156
33	1103	0.4	1	924 179
34	1102	0.4	1	903 199
35	1049	0.4	1	885 164
36	1002	0.4	1	846 156
37	1000	0.4	1	836 164
38	892	0.4	1	745 147
39	885	0.4	1	717 168
40	994	0.4	1	795 199
41	947	0.4	1	806 141
42	876	0.4	1	729 147
43	731	0.4	1	598 133
44	799	0.4	1	657 142
45	976	0.4	1	828 148
46	376	0.4	1	290 86
47	554	0.4	1	465 89
48	999	0.4	1	841 158
49	623	0.4	1	480 143
50	397	0.4	1	315 82
51	699	0.4	1	571 128
52	719	0.4	1	588 131
53	426	0.4	1	353 73
54	520	0.4	1	434 86
55	910	0.4	1	805 105
56	586	0.4	1	460 126
57	572	0.4	1	492 80
58	426	0.4	1	349 77
59	484	0.4	1	405 79
60	229	0.4	1	184 45
61	210	0.4	1	161 49
62	684	0.4	1	569 115
63	389	0.4	1	310 79
64	245	0.4	1	192 53
65	256	0.4	1	192 64
66	816	0.4	1	708 108
67	214	0.4	1	170 44
68	262	0.4	1	220 42
69	173	0.4	1	121 52
70	127	0.4	1	88 39
71	116	0.4	1	68 48
72	178	0.4	1	123 55
73	221	0.4	1	173 48
74	288	0.4	1	231 57
75	304	0.4	1	243 61
76	332	0.4	1	268 64
77	347	0.4	1	288 59
78	296	0.4	1	240 56
79	391	0.4	1	318 73
80	330	0.4	1	262 68
81	335	0.4	1	255 80
82	337	0.4	1	254 83
83	319	0.4	1	248 71
84	307	0.4	1	248 59
85	301	0.4	1	235 66
86	287	0.4	1	224 63
87	300	0.4	1	231 69
88	295	0.4	1	232 63
89	319	0.4	1	257 62
90	325	0.4	1	264 61
91	288	0.4	1	216 72
92	326	0.4	1	255 71
93	276	0.4	1	218 58
94	305	0.4	1	235 70
95	329	0.4	1	270 59
96	329	0.4	1	268 61
97	305	0.4	1	248 57
98	323	0.4	1	258 65
99	312	0.4	1	261 51
100	318	0.4	1	264 54
101	290	0.4	1	228 62
102	296	0.4	1	236 60
103	276	0.4	1	226 50
104	294	0.4	1	242 52
105	282	0.4	1	220 62
106	270	0.4	1	223 47
107	236	0.4	1	196 40
108	270	0.4	1	218 52
109	255	0.4	1	195 60
110	254	0.4	1	216 38
111	244	0.4	1	198 46
112	271	0.4	1	217 54
113	225	0.4	1	188 37
114	246	0.4	1	207 39
115	238	0.4	1	195 43
116	212	0.4	1	171 41
117	231	0.4	1	185 46
118	242	0.4	1	187 55
119	212	0.4	1	173 39
120	221	0.4	1	182 39
121	198	0.4	1	162 36
122	214	0.4	1	171 43
123	167	0.4	1	134 33
124	259	0.4	1	211 48
125	156	0.4	1	122 34
126	208	0.4	1	165 43
127	189	0.4	1	164 25
128	152	0.4	1	130 22
129	182	0.4	1	146 36
130	187	0.4	1	165 22
131	139	0.4	1	114 25
132	168	0.4	1	141 27
133	154	0.4	1	138 16
134	172	0.4	1	142 30
135	120	0.4	1	99 21
136	133	0.4	1	111 22
137	96	0.4	1	85 11
138	133	0.4	1	114 19
139	103	0.4	1	93 10
140	114	0.4	1	103 11
141	77	0.4	1	68 9
142	90	0.4	1	71 19
143	102	0.4	1	78 24
144	101	0.4	1	79 22
145	95	0.4	1	80 15
146	94	0.4	1	77 17
147	61	0.4	1	48 13
148	73	0.4	1	56 17
149	76	0.4	1	22 54
150	7728	0.4	1	44 7684

RUN STATISTICS FOR INPUT FILE: s053_R1_001.fastq.gz
=============================================
24793932 sequences processed in total

