
SUMMARISING RUN PARAMETERS
==========================
Input filename: s061_R1_001.fastq.gz
Trimming mode: paired-end
Trim Galore version: 0.6.10
Cutadapt version: 3.4
Number of cores used for trimming: 1
Quality Phred score cutoff: 20
Quality encoding type selected: ASCII+33
Using Illumina adapter for trimming (count: 3429). Second best hit was Nextera (count: 17)
Adapter sequence: 'AGATCGGAAGAGC' (Illumina TruSeq, Sanger iPCR; auto-detected)
Maximum trimming error rate: 0.1 (default)
Minimum required adapter overlap (stringency): 1 bp
Minimum required sequence length for both reads before a sequence pair gets removed: 20 bp
Running FastQC on the data once trimming has completed
Output file will be GZIP compressed


This is cutadapt 3.4 with Python 3.9.2
Command line parameters: -j 1 -e 0.1 -q 20 -O 1 -a AGATCGGAAGAGC s061_R1_001.fastq.gz
Processing reads on 1 core in single-end mode ...
Finished in 2117.90 s (79 µs/read; 0.76 M reads/minute).

=== Summary ===

Total reads processed:              26,737,680
Reads with adapters:                 9,811,974 (36.7%)
Reads written (passing filters):    26,737,680 (100.0%)

Total basepairs processed: 4,010,652,000 bp
Quality-trimmed:               6,409,793 bp (0.2%)
Total written (filtered):  3,987,683,291 bp (99.4%)

=== Adapter 1 ===

Sequence: AGATCGGAAGAGC; Type: regular 3'; Length: 13; Trimmed: 9811974 times

No. of allowed errors:
1-9 bp: 0; 10-13 bp: 1

Bases preceding removed adapters:
  A: 36.5%
  C: 24.5%
  G: 16.7%
  T: 22.3%
  none/other: 0.0%

Overview of removed sequences
length	count	expect	max.err	error counts
1	7499787	6684420.0	0	7499787
2	1522237	1671105.0	0	1522237
3	496299	417776.2	0	496299
4	118692	104444.1	0	118692
5	27410	26111.0	0	27410
6	8833	6527.8	0	8833
7	6061	1631.9	0	6061
8	5913	408.0	0	5913
9	5335	102.0	0	4914 421
10	5533	25.5	1	4739 794
11	5383	6.4	1	4755 628
12	4871	1.6	1	4529 342
13	4521	0.4	1	4248 273
14	4277	0.4	1	3991 286
15	4341	0.4	1	4061 280
16	4033	0.4	1	3687 346
17	4106	0.4	1	3773 333
18	4107	0.4	1	3879 228
19	3224	0.4	1	3048 176
20	3585	0.4	1	3347 238
21	3557	0.4	1	3326 231
22	3246	0.4	1	3070 176
23	3255	0.4	1	3035 220
24	3059	0.4	1	2838 221
25	2812	0.4	1	2618 194
26	2677	0.4	1	2511 166
27	2576	0.4	1	2402 174
28	2507	0.4	1	2368 139
29	2423	0.4	1	2257 166
30	2322	0.4	1	2194 128
31	2153	0.4	1	2020 133
32	2071	0.4	1	1979 92
33	2132	0.4	1	1984 148
34	1945	0.4	1	1829 116
35	2019	0.4	1	1879 140
36	1727	0.4	1	1600 127
37	1672	0.4	1	1554 118
38	1700	0.4	1	1596 104
39	1445	0.4	1	1366 79
40	1453	0.4	1	1341 112
41	1371	0.4	1	1295 76
42	1440	0.4	1	1338 102
43	1529	0.4	1	1373 156
44	992	0.4	1	922 70
45	1861	0.4	1	1755 106
46	451	0.4	1	406 45
47	959	0.4	1	875 84
48	2603	0.4	1	2487 116
49	799	0.4	1	743 56
50	428	0.4	1	385 43
51	1056	0.4	1	995 61
52	766	0.4	1	706 60
53	367	0.4	1	316 51
54	953	0.4	1	901 52
55	1240	0.4	1	1188 52
56	393	0.4	1	369 24
57	520	0.4	1	485 35
58	229	0.4	1	196 33
59	478	0.4	1	441 37
60	143	0.4	1	116 27
61	140	0.4	1	113 27
62	489	0.4	1	446 43
63	293	0.4	1	268 25
64	113	0.4	1	88 25
65	154	0.4	1	127 27
66	499	0.4	1	467 32
67	91	0.4	1	64 27
68	186	0.4	1	161 25
69	141	0.4	1	120 21
70	114	0.4	1	91 23
71	35	0.4	1	13 22
72	56	0.4	1	32 24
73	134	0.4	1	111 23
74	147	0.4	1	127 20
75	151	0.4	1	130 21
76	162	0.4	1	138 24
77	164	0.4	1	140 24
78	138	0.4	1	116 22
79	128	0.4	1	97 31
80	137	0.4	1	110 27
81	143	0.4	1	119 24
82	119	0.4	1	87 32
83	136	0.4	1	112 24
84	126	0.4	1	98 28
85	111	0.4	1	101 10
86	107	0.4	1	78 29
87	100	0.4	1	76 24
88	107	0.4	1	76 31
89	96	0.4	1	62 34
90	86	0.4	1	62 24
91	96	0.4	1	71 25
92	79	0.4	1	56 23
93	69	0.4	1	44 25
94	83	0.4	1	54 29
95	72	0.4	1	43 29
96	75	0.4	1	50 25
97	51	0.4	1	37 14
98	71	0.4	1	54 17
99	59	0.4	1	38 21
100	54	0.4	1	30 24
101	55	0.4	1	34 21
102	64	0.4	1	37 27
103	72	0.4	1	39 33
104	56	0.4	1	36 20
105	63	0.4	1	38 25
106	51	0.4	1	36 15
107	36	0.4	1	16 20
108	45	0.4	1	23 22
109	54	0.4	1	25 29
110	27	0.4	1	9 18
111	35	0.4	1	21 14
112	48	0.4	1	23 25
113	51	0.4	1	24 27
114	42	0.4	1	10 32
115	42	0.4	1	23 19
116	34	0.4	1	24 10
117	32	0.4	1	13 19
118	36	0.4	1	18 18
119	26	0.4	1	10 16
120	29	0.4	1	7 22
121	31	0.4	1	16 15
122	35	0.4	1	7 28
123	26	0.4	1	10 16
124	33	0.4	1	10 23
125	29	0.4	1	16 13
126	20	0.4	1	10 10
127	37	0.4	1	14 23
128	31	0.4	1	8 23
129	22	0.4	1	9 13
130	36	0.4	1	7 29
131	23	0.4	1	7 16
132	30	0.4	1	6 24
133	22	0.4	1	14 8
134	22	0.4	1	11 11
135	27	0.4	1	11 16
136	21	0.4	1	5 16
137	17	0.4	1	5 12
138	15	0.4	1	6 9
139	18	0.4	1	6 12
140	36	0.4	1	12 24
141	29	0.4	1	14 15
142	24	0.4	1	4 20
143	18	0.4	1	6 12
144	14	0.4	1	5 9
145	18	0.4	1	9 9
146	15	0.4	1	6 9
147	24	0.4	1	5 19
148	24	0.4	1	4 20
149	24	0.4	1	2 22
150	1166	0.4	1	1 1165

RUN STATISTICS FOR INPUT FILE: s061_R1_001.fastq.gz
=============================================
26737680 sequences processed in total

