
SUMMARISING RUN PARAMETERS
==========================
Input filename: s067_R1_001.fastq.gz
Trimming mode: paired-end
Trim Galore version: 0.6.10
Cutadapt version: 3.4
Number of cores used for trimming: 1
Quality Phred score cutoff: 20
Quality encoding type selected: ASCII+33
Using Illumina adapter for trimming (count: 3368). Second best hit was Nextera (count: 11)
Adapter sequence: 'AGATCGGAAGAGC' (Illumina TruSeq, Sanger iPCR; auto-detected)
Maximum trimming error rate: 0.1 (default)
Minimum required adapter overlap (stringency): 1 bp
Minimum required sequence length for both reads before a sequence pair gets removed: 20 bp
Running FastQC on the data once trimming has completed
Output file will be GZIP compressed


This is cutadapt 3.4 with Python 3.9.2
Command line parameters: -j 1 -e 0.1 -q 20 -O 1 -a AGATCGGAAGAGC s067_R1_001.fastq.gz
Processing reads on 1 core in single-end mode ...
Finished in 2090.87 s (79 µs/read; 0.76 M reads/minute).

=== Summary ===

Total reads processed:              26,569,985
Reads with adapters:                 9,680,884 (36.4%)
Reads written (passing filters):    26,569,985 (100.0%)

Total basepairs processed: 3,985,497,750 bp
Quality-trimmed:               7,281,659 bp (0.2%)
Total written (filtered):  3,962,109,621 bp (99.4%)

=== Adapter 1 ===

Sequence: AGATCGGAAGAGC; Type: regular 3'; Length: 13; Trimmed: 9680884 times

No. of allowed errors:
1-9 bp: 0; 10-13 bp: 1

Bases preceding removed adapters:
  A: 36.6%
  C: 24.3%
  G: 17.1%
  T: 22.0%
  none/other: 0.0%

Overview of removed sequences
length	count	expect	max.err	error counts
1	7395848	6642496.2	0	7395848
2	1505747	1660624.1	0	1505747
3	488688	415156.0	0	488688
4	115943	103789.0	0	115943
5	28266	25947.3	0	28266
6	10121	6486.8	0	10121
7	6669	1621.7	0	6669
8	6704	405.4	0	6704
9	5783	101.4	0	5365 418
10	5998	25.3	1	5101 897
11	5890	6.3	1	5183 707
12	5586	1.6	1	5146 440
13	4803	0.4	1	4461 342
14	4851	0.4	1	4484 367
15	4549	0.4	1	4255 294
16	4391	0.4	1	4030 361
17	4497	0.4	1	4117 380
18	3789	0.4	1	3558 231
19	3594	0.4	1	3377 217
20	3600	0.4	1	3320 280
21	3485	0.4	1	3263 222
22	3182	0.4	1	3008 174
23	3239	0.4	1	3011 228
24	3060	0.4	1	2803 257
25	2812	0.4	1	2643 169
26	2690	0.4	1	2520 170
27	2643	0.4	1	2467 176
28	2420	0.4	1	2268 152
29	2343	0.4	1	2166 177
30	2195	0.4	1	2060 135
31	1939	0.4	1	1834 105
32	1848	0.4	1	1746 102
33	1874	0.4	1	1749 125
34	1704	0.4	1	1611 93
35	1710	0.4	1	1597 113
36	1665	0.4	1	1554 111
37	1361	0.4	1	1277 84
38	1470	0.4	1	1350 120
39	1240	0.4	1	1150 90
40	1284	0.4	1	1183 101
41	1406	0.4	1	1318 88
42	900	0.4	1	817 83
43	1033	0.4	1	919 114
44	899	0.4	1	811 88
45	1349	0.4	1	1262 87
46	385	0.4	1	343 42
47	732	0.4	1	668 64
48	1023	0.4	1	946 77
49	674	0.4	1	630 44
50	531	0.4	1	491 40
51	779	0.4	1	728 51
52	562	0.4	1	512 50
53	446	0.4	1	404 42
54	571	0.4	1	532 39
55	748	0.4	1	697 51
56	430	0.4	1	396 34
57	517	0.4	1	486 31
58	343	0.4	1	314 29
59	424	0.4	1	381 43
60	204	0.4	1	183 21
61	159	0.4	1	122 37
62	415	0.4	1	364 51
63	315	0.4	1	281 34
64	170	0.4	1	140 30
65	191	0.4	1	161 30
66	405	0.4	1	374 31
67	168	0.4	1	137 31
68	228	0.4	1	197 31
69	131	0.4	1	110 21
70	89	0.4	1	74 15
71	42	0.4	1	18 24
72	59	0.4	1	35 24
73	96	0.4	1	84 12
74	133	0.4	1	109 24
75	127	0.4	1	105 22
76	140	0.4	1	105 35
77	125	0.4	1	106 19
78	125	0.4	1	101 24
79	96	0.4	1	79 17
80	111	0.4	1	84 27
81	102	0.4	1	73 29
82	106	0.4	1	77 29
83	93	0.4	1	72 21
84	94	0.4	1	59 35
85	84	0.4	1	61 23
86	91	0.4	1	59 32
87	76	0.4	1	55 21
88	67	0.4	1	44 23
89	56	0.4	1	43 13
90	56	0.4	1	37 19
91	64	0.4	1	36 28
92	65	0.4	1	50 15
93	61	0.4	1	35 26
94	59	0.4	1	36 23
95	62	0.4	1	37 25
96	52	0.4	1	29 23
97	49	0.4	1	28 21
98	47	0.4	1	17 30
99	58	0.4	1	38 20
100	43	0.4	1	28 15
101	50	0.4	1	28 22
102	35	0.4	1	18 17
103	45	0.4	1	22 23
104	44	0.4	1	19 25
105	34	0.4	1	14 20
106	39	0.4	1	20 19
107	29	0.4	1	16 13
108	41	0.4	1	19 22
109	35	0.4	1	15 20
110	29	0.4	1	13 16
111	25	0.4	1	13 12
112	31	0.4	1	10 21
113	30	0.4	1	18 12
114	27	0.4	1	13 14
115	36	0.4	1	18 18
116	35	0.4	1	14 21
117	37	0.4	1	8 29
118	29	0.4	1	14 15
119	23	0.4	1	8 15
120	27	0.4	1	11 16
121	17	0.4	1	10 7
122	23	0.4	1	9 14
123	32	0.4	1	12 20
124	27	0.4	1	10 17
125	27	0.4	1	13 14
126	24	0.4	1	5 19
127	30	0.4	1	7 23
128	23	0.4	1	12 11
129	20	0.4	1	6 14
130	24	0.4	1	7 17
131	23	0.4	1	4 19
132	17	0.4	1	5 12
133	14	0.4	1	1 13
134	21	0.4	1	8 13
135	18	0.4	1	6 12
136	22	0.4	1	4 18
137	18	0.4	1	4 14
138	15	0.4	1	3 12
139	24	0.4	1	9 15
140	31	0.4	1	9 22
141	21	0.4	1	8 13
142	18	0.4	1	4 14
143	25	0.4	1	8 17
144	11	0.4	1	6 5
145	21	0.4	1	5 16
146	26	0.4	1	7 19
147	22	0.4	1	6 16
148	12	0.4	1	2 10
149	20	0.4	1	1 19
150	1430	0.4	1	3 1427

RUN STATISTICS FOR INPUT FILE: s067_R1_001.fastq.gz
=============================================
26569985 sequences processed in total

