
SUMMARISING RUN PARAMETERS
==========================
Input filename: s083_R1_001.fastq.gz
Trimming mode: paired-end
Trim Galore version: 0.6.10
Cutadapt version: 3.4
Number of cores used for trimming: 1
Quality Phred score cutoff: 20
Quality encoding type selected: ASCII+33
Using Illumina adapter for trimming (count: 7627). Second best hit was Nextera (count: 6)
Adapter sequence: 'AGATCGGAAGAGC' (Illumina TruSeq, Sanger iPCR; auto-detected)
Maximum trimming error rate: 0.1 (default)
Minimum required adapter overlap (stringency): 1 bp
Minimum required sequence length for both reads before a sequence pair gets removed: 20 bp
Running FastQC on the data once trimming has completed
Output file will be GZIP compressed


This is cutadapt 3.4 with Python 3.9.2
Command line parameters: -j 1 -e 0.1 -q 20 -O 1 -a AGATCGGAAGAGC s083_R1_001.fastq.gz
Processing reads on 1 core in single-end mode ...
Finished in 1535.36 s (78 µs/read; 0.77 M reads/minute).

=== Summary ===

Total reads processed:              19,691,251
Reads with adapters:                 7,036,694 (35.7%)
Reads written (passing filters):    19,691,251 (100.0%)

Total basepairs processed: 2,953,687,650 bp
Quality-trimmed:               9,559,780 bp (0.3%)
Total written (filtered):  2,926,953,181 bp (99.1%)

=== Adapter 1 ===

Sequence: AGATCGGAAGAGC; Type: regular 3'; Length: 13; Trimmed: 7036694 times

No. of allowed errors:
1-9 bp: 0; 10-13 bp: 1

Bases preceding removed adapters:
  A: 36.7%
  C: 23.3%
  G: 17.7%
  T: 22.3%
  none/other: 0.0%

Overview of removed sequences
length	count	expect	max.err	error counts
1	5278217	4922812.8	0	5278217
2	1110517	1230703.2	0	1110517
3	341373	307675.8	0	341373
4	73966	76918.9	0	73966
5	18082	19229.7	0	18082
6	8263	4807.4	0	8263
7	5922	1201.9	0	5922
8	5568	300.5	0	5568
9	4902	75.1	0	4557 345
10	5434	18.8	1	4418 1016
11	5150	4.7	1	4395 755
12	5202	1.2	1	4464 738
13	4612	0.3	1	4041 571
14	4543	0.3	1	3976 567
15	4310	0.3	1	3759 551
16	4506	0.3	1	3866 640
17	4651	0.3	1	3980 671
18	4217	0.3	1	3636 581
19	3523	0.3	1	3145 378
20	3934	0.3	1	3462 472
21	3860	0.3	1	3389 471
22	3876	0.3	1	3342 534
23	3649	0.3	1	3222 427
24	3657	0.3	1	3178 479
25	3578	0.3	1	3127 451
26	3371	0.3	1	2924 447
27	3425	0.3	1	2989 436
28	3335	0.3	1	2893 442
29	3177	0.3	1	2747 430
30	3039	0.3	1	2628 411
31	2735	0.3	1	2410 325
32	2903	0.3	1	2543 360
33	2720	0.3	1	2364 356
34	2870	0.3	1	2486 384
35	2600	0.3	1	2307 293
36	2716	0.3	1	2347 369
37	2743	0.3	1	2378 365
38	2380	0.3	1	2137 243
39	2219	0.3	1	1974 245
40	2928	0.3	1	2557 371
41	2602	0.3	1	2318 284
42	2564	0.3	1	2282 282
43	1899	0.3	1	1647 252
44	2058	0.3	1	1779 279
45	3111	0.3	1	2834 277
46	982	0.3	1	818 164
47	1359	0.3	1	1214 145
48	3053	0.3	1	2685 368
49	1658	0.3	1	1468 190
50	946	0.3	1	833 113
51	1976	0.3	1	1749 227
52	2046	0.3	1	1786 260
53	1154	0.3	1	1032 122
54	1600	0.3	1	1427 173
55	3099	0.3	1	2817 282
56	1654	0.3	1	1454 200
57	1776	0.3	1	1628 148
58	1306	0.3	1	1183 123
59	1472	0.3	1	1355 117
60	770	0.3	1	694 76
61	639	0.3	1	555 84
62	2126	0.3	1	1933 193
63	1245	0.3	1	1134 111
64	692	0.3	1	593 99
65	757	0.3	1	669 88
66	2807	0.3	1	2575 232
67	593	0.3	1	523 70
68	753	0.3	1	690 63
69	388	0.3	1	340 48
70	316	0.3	1	264 52
71	227	0.3	1	172 55
72	349	0.3	1	298 51
73	614	0.3	1	559 55
74	761	0.3	1	669 92
75	835	0.3	1	761 74
76	801	0.3	1	724 77
77	838	0.3	1	748 90
78	803	0.3	1	702 101
79	838	0.3	1	760 78
80	856	0.3	1	777 79
81	839	0.3	1	757 82
82	789	0.3	1	713 76
83	759	0.3	1	686 73
84	741	0.3	1	650 91
85	728	0.3	1	659 69
86	665	0.3	1	581 84
87	623	0.3	1	543 80
88	654	0.3	1	577 77
89	600	0.3	1	519 81
90	691	0.3	1	608 83
91	588	0.3	1	528 60
92	598	0.3	1	537 61
93	579	0.3	1	511 68
94	592	0.3	1	536 56
95	532	0.3	1	481 51
96	559	0.3	1	490 69
97	525	0.3	1	467 58
98	559	0.3	1	510 49
99	492	0.3	1	436 56
100	490	0.3	1	443 47
101	452	0.3	1	408 44
102	456	0.3	1	394 62
103	428	0.3	1	382 46
104	405	0.3	1	350 55
105	400	0.3	1	354 46
106	405	0.3	1	365 40
107	382	0.3	1	333 49
108	355	0.3	1	309 46
109	308	0.3	1	271 37
110	326	0.3	1	275 51
111	294	0.3	1	261 33
112	269	0.3	1	227 42
113	262	0.3	1	215 47
114	296	0.3	1	256 40
115	245	0.3	1	200 45
116	211	0.3	1	185 26
117	215	0.3	1	183 32
118	215	0.3	1	181 34
119	210	0.3	1	173 37
120	200	0.3	1	169 31
121	176	0.3	1	152 24
122	175	0.3	1	150 25
123	147	0.3	1	121 26
124	178	0.3	1	157 21
125	130	0.3	1	109 21
126	130	0.3	1	114 16
127	113	0.3	1	99 14
128	142	0.3	1	115 27
129	99	0.3	1	80 19
130	107	0.3	1	92 15
131	81	0.3	1	71 10
132	145	0.3	1	126 19
133	109	0.3	1	88 21
134	100	0.3	1	91 9
135	85	0.3	1	70 15
136	79	0.3	1	69 10
137	77	0.3	1	64 13
138	83	0.3	1	68 15
139	73	0.3	1	64 9
140	72	0.3	1	63 9
141	57	0.3	1	52 5
142	51	0.3	1	45 6
143	57	0.3	1	47 10
144	63	0.3	1	54 9
145	61	0.3	1	48 13
146	76	0.3	1	63 13
147	47	0.3	1	38 9
148	53	0.3	1	42 11
149	42	0.3	1	20 22
150	1953	0.3	1	39 1914

RUN STATISTICS FOR INPUT FILE: s083_R1_001.fastq.gz
=============================================
19691251 sequences processed in total

