
SUMMARISING RUN PARAMETERS
==========================
Input filename: s089_R1_001.fastq.gz
Trimming mode: paired-end
Trim Galore version: 0.6.10
Cutadapt version: 3.4
Number of cores used for trimming: 1
Quality Phred score cutoff: 20
Quality encoding type selected: ASCII+33
Using Illumina adapter for trimming (count: 3990). Second best hit was Nextera (count: 9)
Adapter sequence: 'AGATCGGAAGAGC' (Illumina TruSeq, Sanger iPCR; auto-detected)
Maximum trimming error rate: 0.1 (default)
Minimum required adapter overlap (stringency): 1 bp
Minimum required sequence length for both reads before a sequence pair gets removed: 20 bp
Running FastQC on the data once trimming has completed
Output file will be GZIP compressed


This is cutadapt 3.4 with Python 3.9.2
Command line parameters: -j 1 -e 0.1 -q 20 -O 1 -a AGATCGGAAGAGC s089_R1_001.fastq.gz
Processing reads on 1 core in single-end mode ...
Finished in 1534.80 s (80 µs/read; 0.75 M reads/minute).

=== Summary ===

Total reads processed:              19,159,488
Reads with adapters:                 6,529,407 (34.1%)
Reads written (passing filters):    19,159,488 (100.0%)

Total basepairs processed: 2,873,923,200 bp
Quality-trimmed:               5,520,390 bp (0.2%)
Total written (filtered):  2,856,845,913 bp (99.4%)

=== Adapter 1 ===

Sequence: AGATCGGAAGAGC; Type: regular 3'; Length: 13; Trimmed: 6529407 times

No. of allowed errors:
1-9 bp: 0; 10-13 bp: 1

Bases preceding removed adapters:
  A: 34.7%
  C: 25.5%
  G: 19.3%
  T: 20.6%
  none/other: 0.0%

Overview of removed sequences
length	count	expect	max.err	error counts
1	4901389	4789872.0	0	4901389
2	1077639	1197468.0	0	1077639
3	328308	299367.0	0	328308
4	78708	74841.8	0	78708
5	22507	18710.4	0	22507
6	8884	4677.6	0	8884
7	5467	1169.4	0	5467
8	5280	292.4	0	5280
9	4356	73.1	0	4030 326
10	4782	18.3	1	3991 791
11	4465	4.6	1	3920 545
12	4121	1.1	1	3775 346
13	3629	0.3	1	3357 272
14	3728	0.3	1	3421 307
15	3666	0.3	1	3394 272
16	3426	0.3	1	3152 274
17	3549	0.3	1	3204 345
18	3169	0.3	1	2972 197
19	2801	0.3	1	2607 194
20	2816	0.3	1	2624 192
21	2799	0.3	1	2598 201
22	2619	0.3	1	2421 198
23	2673	0.3	1	2500 173
24	2318	0.3	1	2108 210
25	2192	0.3	1	2030 162
26	1975	0.3	1	1840 135
27	2102	0.3	1	1945 157
28	2027	0.3	1	1874 153
29	1923	0.3	1	1752 171
30	1828	0.3	1	1695 133
31	1665	0.3	1	1551 114
32	1613	0.3	1	1489 124
33	1591	0.3	1	1478 113
34	1572	0.3	1	1461 111
35	1402	0.3	1	1322 80
36	1382	0.3	1	1303 79
37	1487	0.3	1	1378 109
38	1221	0.3	1	1144 77
39	974	0.3	1	901 73
40	1168	0.3	1	1112 56
41	1195	0.3	1	1123 72
42	970	0.3	1	899 71
43	908	0.3	1	813 95
44	861	0.3	1	795 66
45	1279	0.3	1	1189 90
46	387	0.3	1	330 57
47	644	0.3	1	597 47
48	1057	0.3	1	999 58
49	672	0.3	1	629 43
50	422	0.3	1	381 41
51	790	0.3	1	731 59
52	528	0.3	1	483 45
53	395	0.3	1	360 35
54	584	0.3	1	538 46
55	870	0.3	1	830 40
56	426	0.3	1	374 52
57	548	0.3	1	513 35
58	343	0.3	1	318 25
59	393	0.3	1	358 35
60	228	0.3	1	200 28
61	157	0.3	1	121 36
62	456	0.3	1	424 32
63	306	0.3	1	274 32
64	140	0.3	1	109 31
65	164	0.3	1	140 24
66	529	0.3	1	494 35
67	125	0.3	1	104 21
68	174	0.3	1	156 18
69	102	0.3	1	71 31
70	79	0.3	1	49 30
71	47	0.3	1	21 26
72	70	0.3	1	43 27
73	82	0.3	1	65 17
74	132	0.3	1	101 31
75	149	0.3	1	129 20
76	134	0.3	1	104 30
77	124	0.3	1	107 17
78	111	0.3	1	101 10
79	100	0.3	1	77 23
80	106	0.3	1	79 27
81	107	0.3	1	76 31
82	87	0.3	1	73 14
83	86	0.3	1	70 16
84	80	0.3	1	52 28
85	85	0.3	1	66 19
86	84	0.3	1	57 27
87	80	0.3	1	61 19
88	67	0.3	1	51 16
89	73	0.3	1	55 18
90	68	0.3	1	49 19
91	65	0.3	1	38 27
92	71	0.3	1	51 20
93	79	0.3	1	51 28
94	59	0.3	1	44 15
95	33	0.3	1	21 12
96	59	0.3	1	36 23
97	52	0.3	1	39 13
98	48	0.3	1	23 25
99	40	0.3	1	24 16
100	50	0.3	1	28 22
101	39	0.3	1	25 14
102	33	0.3	1	16 17
103	32	0.3	1	10 22
104	30	0.3	1	14 16
105	37	0.3	1	17 20
106	36	0.3	1	24 12
107	30	0.3	1	15 15
108	25	0.3	1	9 16
109	31	0.3	1	19 12
110	31	0.3	1	11 20
111	27	0.3	1	10 17
112	33	0.3	1	17 16
113	25	0.3	1	9 16
114	34	0.3	1	14 20
115	29	0.3	1	8 21
116	34	0.3	1	7 27
117	34	0.3	1	9 25
118	25	0.3	1	6 19
119	28	0.3	1	9 19
120	29	0.3	1	6 23
121	34	0.3	1	11 23
122	18	0.3	1	8 10
123	12	0.3	1	3 9
124	31	0.3	1	15 16
125	12	0.3	1	3 9
126	20	0.3	1	4 16
127	10	0.3	1	1 9
128	12	0.3	1	4 8
129	20	0.3	1	7 13
130	25	0.3	1	4 21
131	23	0.3	1	5 18
132	12	0.3	1	3 9
133	23	0.3	1	2 21
134	22	0.3	1	5 17
135	31	0.3	1	5 26
136	18	0.3	1	3 15
137	17	0.3	1	4 13
138	18	0.3	1	3 15
139	22	0.3	1	2 20
140	15	0.3	1	3 12
141	23	0.3	1	3 20
142	12	0.3	1	1 11
143	19	0.3	1	2 17
144	10	0.3	1	4 6
145	19	0.3	1	5 14
146	17	0.3	1	0 17
147	13	0.3	1	1 12
148	13	0.3	1	4 9
149	22	0.3	1	0 22
150	861	0.3	1	4 857

RUN STATISTICS FOR INPUT FILE: s089_R1_001.fastq.gz
=============================================
19159488 sequences processed in total

