
SUMMARISING RUN PARAMETERS
==========================
Input filename: s090_R1_001.fastq.gz
Trimming mode: paired-end
Trim Galore version: 0.6.10
Cutadapt version: 3.4
Number of cores used for trimming: 1
Quality Phred score cutoff: 20
Quality encoding type selected: ASCII+33
Using Illumina adapter for trimming (count: 3125). Second best hit was Nextera (count: 16)
Adapter sequence: 'AGATCGGAAGAGC' (Illumina TruSeq, Sanger iPCR; auto-detected)
Maximum trimming error rate: 0.1 (default)
Minimum required adapter overlap (stringency): 1 bp
Minimum required sequence length for both reads before a sequence pair gets removed: 20 bp
Running FastQC on the data once trimming has completed
Output file will be GZIP compressed


This is cutadapt 3.4 with Python 3.9.2
Command line parameters: -j 1 -e 0.1 -q 20 -O 1 -a AGATCGGAAGAGC s090_R1_001.fastq.gz
Processing reads on 1 core in single-end mode ...
Finished in 2133.37 s (78 µs/read; 0.77 M reads/minute).

=== Summary ===

Total reads processed:              27,282,941
Reads with adapters:                 9,627,011 (35.3%)
Reads written (passing filters):    27,282,941 (100.0%)

Total basepairs processed: 4,092,441,150 bp
Quality-trimmed:               7,221,904 bp (0.2%)
Total written (filtered):  4,068,938,852 bp (99.4%)

=== Adapter 1 ===

Sequence: AGATCGGAAGAGC; Type: regular 3'; Length: 13; Trimmed: 9627011 times

No. of allowed errors:
1-9 bp: 0; 10-13 bp: 1

Bases preceding removed adapters:
  A: 34.5%
  C: 26.4%
  G: 18.1%
  T: 21.0%
  none/other: 0.0%

Overview of removed sequences
length	count	expect	max.err	error counts
1	7275936	6820735.2	0	7275936
2	1569516	1705183.8	0	1569516
3	490884	426296.0	0	490884
4	118686	106574.0	0	118686
5	29973	26643.5	0	29973
6	9920	6660.9	0	9920
7	6468	1665.2	0	6468
8	6245	416.3	0	6245
9	5264	104.1	0	4780 484
10	5635	26.0	1	4708 927
11	5373	6.5	1	4682 691
12	5085	1.6	1	4628 457
13	4448	0.4	1	4139 309
14	4277	0.4	1	3911 366
15	4082	0.4	1	3791 291
16	3997	0.4	1	3681 316
17	4077	0.4	1	3694 383
18	3646	0.4	1	3394 252
19	3297	0.4	1	3059 238
20	3268	0.4	1	3024 244
21	3268	0.4	1	3025 243
22	2944	0.4	1	2731 213
23	3189	0.4	1	2965 224
24	2825	0.4	1	2585 240
25	2588	0.4	1	2397 191
26	2496	0.4	1	2295 201
27	2540	0.4	1	2362 178
28	2271	0.4	1	2102 169
29	2200	0.4	1	2004 196
30	2135	0.4	1	1970 165
31	1767	0.4	1	1635 132
32	1835	0.4	1	1707 128
33	1828	0.4	1	1689 139
34	1761	0.4	1	1616 145
35	1457	0.4	1	1351 106
36	1527	0.4	1	1394 133
37	1628	0.4	1	1470 158
38	1413	0.4	1	1314 99
39	1065	0.4	1	968 97
40	1322	0.4	1	1205 117
41	1380	0.4	1	1253 127
42	1024	0.4	1	918 106
43	1025	0.4	1	914 111
44	906	0.4	1	824 82
45	1450	0.4	1	1309 141
46	433	0.4	1	369 64
47	738	0.4	1	663 75
48	1207	0.4	1	1083 124
49	700	0.4	1	629 71
50	434	0.4	1	366 68
51	789	0.4	1	728 61
52	693	0.4	1	613 80
53	458	0.4	1	411 47
54	618	0.4	1	555 63
55	942	0.4	1	861 81
56	450	0.4	1	386 64
57	541	0.4	1	483 58
58	384	0.4	1	343 41
59	480	0.4	1	426 54
60	255	0.4	1	215 40
61	191	0.4	1	165 26
62	558	0.4	1	478 80
63	332	0.4	1	294 38
64	174	0.4	1	139 35
65	201	0.4	1	165 36
66	534	0.4	1	471 63
67	157	0.4	1	123 34
68	238	0.4	1	213 25
69	117	0.4	1	87 30
70	106	0.4	1	76 30
71	58	0.4	1	29 29
72	78	0.4	1	50 28
73	133	0.4	1	100 33
74	172	0.4	1	132 40
75	194	0.4	1	156 38
76	187	0.4	1	141 46
77	181	0.4	1	140 41
78	200	0.4	1	150 50
79	140	0.4	1	102 38
80	160	0.4	1	111 49
81	161	0.4	1	122 39
82	143	0.4	1	100 43
83	150	0.4	1	105 45
84	178	0.4	1	132 46
85	120	0.4	1	91 29
86	134	0.4	1	91 43
87	112	0.4	1	83 29
88	159	0.4	1	103 56
89	139	0.4	1	98 41
90	99	0.4	1	73 26
91	118	0.4	1	70 48
92	107	0.4	1	64 43
93	102	0.4	1	73 29
94	98	0.4	1	63 35
95	107	0.4	1	68 39
96	102	0.4	1	64 38
97	92	0.4	1	53 39
98	99	0.4	1	59 40
99	91	0.4	1	61 30
100	85	0.4	1	54 31
101	95	0.4	1	62 33
102	65	0.4	1	45 20
103	73	0.4	1	48 25
104	77	0.4	1	40 37
105	72	0.4	1	40 32
106	71	0.4	1	46 25
107	70	0.4	1	37 33
108	72	0.4	1	41 31
109	71	0.4	1	44 27
110	73	0.4	1	50 23
111	71	0.4	1	36 35
112	63	0.4	1	39 24
113	56	0.4	1	31 25
114	66	0.4	1	36 30
115	72	0.4	1	31 41
116	56	0.4	1	25 31
117	69	0.4	1	32 37
118	52	0.4	1	30 22
119	51	0.4	1	27 24
120	46	0.4	1	28 18
121	56	0.4	1	26 30
122	44	0.4	1	15 29
123	51	0.4	1	26 25
124	44	0.4	1	16 28
125	44	0.4	1	17 27
126	47	0.4	1	21 26
127	41	0.4	1	12 29
128	33	0.4	1	17 16
129	42	0.4	1	12 30
130	28	0.4	1	13 15
131	31	0.4	1	11 20
132	42	0.4	1	16 26
133	25	0.4	1	10 15
134	32	0.4	1	10 22
135	26	0.4	1	10 16
136	31	0.4	1	4 27
137	21	0.4	1	4 17
138	37	0.4	1	11 26
139	24	0.4	1	6 18
140	31	0.4	1	4 27
141	24	0.4	1	4 20
142	21	0.4	1	6 15
143	23	0.4	1	3 20
144	20	0.4	1	3 17
145	16	0.4	1	4 12
146	20	0.4	1	4 16
147	23	0.4	1	7 16
148	9	0.4	1	2 7
149	32	0.4	1	0 32
150	1202	0.4	1	4 1198

RUN STATISTICS FOR INPUT FILE: s090_R1_001.fastq.gz
=============================================
27282941 sequences processed in total

