
SUMMARISING RUN PARAMETERS
==========================
Input filename: s092_R1_001.fastq.gz
Trimming mode: paired-end
Trim Galore version: 0.6.10
Cutadapt version: 3.4
Number of cores used for trimming: 1
Quality Phred score cutoff: 20
Quality encoding type selected: ASCII+33
Using Illumina adapter for trimming (count: 2559). Second best hit was Nextera (count: 3)
Adapter sequence: 'AGATCGGAAGAGC' (Illumina TruSeq, Sanger iPCR; auto-detected)
Maximum trimming error rate: 0.1 (default)
Minimum required adapter overlap (stringency): 1 bp
Minimum required sequence length for both reads before a sequence pair gets removed: 20 bp
Running FastQC on the data once trimming has completed
Output file will be GZIP compressed


This is cutadapt 3.4 with Python 3.9.2
Command line parameters: -j 1 -e 0.1 -q 20 -O 1 -a AGATCGGAAGAGC s092_R1_001.fastq.gz
Processing reads on 1 core in single-end mode ...
Finished in 1565.66 s (80 µs/read; 0.75 M reads/minute).

=== Summary ===

Total reads processed:              19,458,483
Reads with adapters:                 6,582,371 (33.8%)
Reads written (passing filters):    19,458,483 (100.0%)

Total basepairs processed: 2,918,772,450 bp
Quality-trimmed:               5,688,038 bp (0.2%)
Total written (filtered):  2,902,234,382 bp (99.4%)

=== Adapter 1 ===

Sequence: AGATCGGAAGAGC; Type: regular 3'; Length: 13; Trimmed: 6582371 times

No. of allowed errors:
1-9 bp: 0; 10-13 bp: 1

Bases preceding removed adapters:
  A: 34.6%
  C: 25.7%
  G: 19.2%
  T: 20.4%
  none/other: 0.0%

Overview of removed sequences
length	count	expect	max.err	error counts
1	4976841	4864620.8	0	4976841
2	1092866	1216155.2	0	1092866
3	330413	304038.8	0	330413
4	77388	76009.7	0	77388
5	20894	19002.4	0	20894
6	7189	4750.6	0	7189
7	3662	1187.7	0	3662
8	3422	296.9	0	3422
9	2794	74.2	0	2457 337
10	3117	18.6	1	2485 632
11	2956	4.6	1	2498 458
12	2734	1.2	1	2483 251
13	2401	0.3	1	2238 163
14	2477	0.3	1	2232 245
15	2366	0.3	1	2174 192
16	2289	0.3	1	2083 206
17	2308	0.3	1	2107 201
18	2015	0.3	1	1854 161
19	1778	0.3	1	1656 122
20	1873	0.3	1	1729 144
21	1856	0.3	1	1718 138
22	1692	0.3	1	1556 136
23	1790	0.3	1	1635 155
24	1537	0.3	1	1392 145
25	1594	0.3	1	1466 128
26	1433	0.3	1	1352 81
27	1428	0.3	1	1323 105
28	1374	0.3	1	1247 127
29	1314	0.3	1	1192 122
30	1242	0.3	1	1141 101
31	1155	0.3	1	1081 74
32	1103	0.3	1	1018 85
33	1093	0.3	1	982 111
34	1056	0.3	1	955 101
35	952	0.3	1	880 72
36	921	0.3	1	828 93
37	943	0.3	1	870 73
38	858	0.3	1	788 70
39	654	0.3	1	599 55
40	834	0.3	1	759 75
41	791	0.3	1	726 65
42	675	0.3	1	601 74
43	665	0.3	1	603 62
44	560	0.3	1	500 60
45	985	0.3	1	901 84
46	274	0.3	1	237 37
47	471	0.3	1	417 54
48	843	0.3	1	769 74
49	478	0.3	1	426 52
50	233	0.3	1	205 28
51	512	0.3	1	470 42
52	406	0.3	1	362 44
53	272	0.3	1	235 37
54	428	0.3	1	395 33
55	696	0.3	1	640 56
56	293	0.3	1	246 47
57	368	0.3	1	343 25
58	257	0.3	1	225 32
59	304	0.3	1	268 36
60	151	0.3	1	117 34
61	132	0.3	1	105 27
62	364	0.3	1	334 30
63	234	0.3	1	197 37
64	128	0.3	1	98 30
65	114	0.3	1	95 19
66	365	0.3	1	332 33
67	69	0.3	1	56 13
68	137	0.3	1	117 20
69	60	0.3	1	40 20
70	45	0.3	1	30 15
71	37	0.3	1	16 21
72	48	0.3	1	31 17
73	88	0.3	1	64 24
74	110	0.3	1	89 21
75	92	0.3	1	83 9
76	125	0.3	1	97 28
77	120	0.3	1	104 16
78	87	0.3	1	71 16
79	100	0.3	1	83 17
80	100	0.3	1	68 32
81	94	0.3	1	61 33
82	93	0.3	1	66 27
83	79	0.3	1	64 15
84	74	0.3	1	47 27
85	62	0.3	1	41 21
86	74	0.3	1	51 23
87	75	0.3	1	59 16
88	57	0.3	1	36 21
89	64	0.3	1	43 21
90	71	0.3	1	45 26
91	61	0.3	1	46 15
92	45	0.3	1	31 14
93	58	0.3	1	38 20
94	57	0.3	1	32 25
95	72	0.3	1	45 27
96	62	0.3	1	45 17
97	39	0.3	1	21 18
98	46	0.3	1	22 24
99	46	0.3	1	32 14
100	49	0.3	1	32 17
101	48	0.3	1	25 23
102	45	0.3	1	24 21
103	43	0.3	1	17 26
104	30	0.3	1	12 18
105	54	0.3	1	25 29
106	38	0.3	1	20 18
107	40	0.3	1	22 18
108	31	0.3	1	14 17
109	30	0.3	1	19 11
110	43	0.3	1	18 25
111	36	0.3	1	23 13
112	35	0.3	1	16 19
113	44	0.3	1	17 27
114	21	0.3	1	5 16
115	26	0.3	1	8 18
116	41	0.3	1	13 28
117	31	0.3	1	13 18
118	29	0.3	1	12 17
119	39	0.3	1	13 26
120	32	0.3	1	13 19
121	23	0.3	1	12 11
122	34	0.3	1	13 21
123	28	0.3	1	10 18
124	28	0.3	1	7 21
125	22	0.3	1	9 13
126	20	0.3	1	5 15
127	29	0.3	1	9 20
128	25	0.3	1	9 16
129	22	0.3	1	5 17
130	28	0.3	1	5 23
131	26	0.3	1	10 16
132	30	0.3	1	8 22
133	17	0.3	1	6 11
134	18	0.3	1	7 11
135	23	0.3	1	5 18
136	19	0.3	1	4 15
137	26	0.3	1	7 19
138	29	0.3	1	6 23
139	24	0.3	1	4 20
140	27	0.3	1	9 18
141	17	0.3	1	4 13
142	15	0.3	1	5 10
143	21	0.3	1	7 14
144	8	0.3	1	1 7
145	20	0.3	1	4 16
146	15	0.3	1	5 10
147	17	0.3	1	2 15
148	10	0.3	1	2 8
149	16	0.3	1	4 12
150	891	0.3	1	4 887

RUN STATISTICS FOR INPUT FILE: s092_R1_001.fastq.gz
=============================================
19458483 sequences processed in total

