
SUMMARISING RUN PARAMETERS
==========================
Input filename: s097_R1_001.fastq.gz
Trimming mode: paired-end
Trim Galore version: 0.6.10
Cutadapt version: 3.4
Number of cores used for trimming: 1
Quality Phred score cutoff: 20
Quality encoding type selected: ASCII+33
Using Illumina adapter for trimming (count: 2526). Second best hit was Nextera (count: 6)
Adapter sequence: 'AGATCGGAAGAGC' (Illumina TruSeq, Sanger iPCR; auto-detected)
Maximum trimming error rate: 0.1 (default)
Minimum required adapter overlap (stringency): 1 bp
Minimum required sequence length for both reads before a sequence pair gets removed: 20 bp
Running FastQC on the data once trimming has completed
Output file will be GZIP compressed


This is cutadapt 3.4 with Python 3.9.2
Command line parameters: -j 1 -e 0.1 -q 20 -O 1 -a AGATCGGAAGAGC s097_R1_001.fastq.gz
Processing reads on 1 core in single-end mode ...
Finished in 1985.68 s (78 µs/read; 0.77 M reads/minute).

=== Summary ===

Total reads processed:              25,318,967
Reads with adapters:                 8,824,262 (34.9%)
Reads written (passing filters):    25,318,967 (100.0%)

Total basepairs processed: 3,797,845,050 bp
Quality-trimmed:               7,287,074 bp (0.2%)
Total written (filtered):  3,775,974,972 bp (99.4%)

=== Adapter 1 ===

Sequence: AGATCGGAAGAGC; Type: regular 3'; Length: 13; Trimmed: 8824262 times

No. of allowed errors:
1-9 bp: 0; 10-13 bp: 1

Bases preceding removed adapters:
  A: 35.0%
  C: 25.3%
  G: 18.5%
  T: 21.2%
  none/other: 0.0%

Overview of removed sequences
length	count	expect	max.err	error counts
1	6702040	6329741.8	0	6702040
2	1423833	1582435.4	0	1423833
3	448750	395608.9	0	448750
4	106950	98902.2	0	106950
5	27917	24725.6	0	27917
6	9786	6181.4	0	9786
7	5614	1545.3	0	5614
8	5254	386.3	0	5254
9	4500	96.6	0	4066 434
10	4723	24.1	1	3816 907
11	4555	6.0	1	3938 617
12	4188	1.5	1	3837 351
13	3552	0.4	1	3273 279
14	3681	0.4	1	3375 306
15	3415	0.4	1	3123 292
16	3320	0.4	1	3060 260
17	3263	0.4	1	2919 344
18	3084	0.4	1	2848 236
19	2595	0.4	1	2414 181
20	2788	0.4	1	2584 204
21	2679	0.4	1	2488 191
22	2446	0.4	1	2289 157
23	2295	0.4	1	2104 191
24	2219	0.4	1	2052 167
25	1978	0.4	1	1830 148
26	1867	0.4	1	1749 118
27	1899	0.4	1	1758 141
28	1783	0.4	1	1677 106
29	1624	0.4	1	1480 144
30	1445	0.4	1	1339 106
31	1429	0.4	1	1326 103
32	1410	0.4	1	1305 105
33	1348	0.4	1	1221 127
34	1303	0.4	1	1206 97
35	1249	0.4	1	1143 106
36	1114	0.4	1	1029 85
37	974	0.4	1	898 76
38	930	0.4	1	851 79
39	914	0.4	1	820 94
40	866	0.4	1	791 75
41	956	0.4	1	860 96
42	915	0.4	1	860 55
43	611	0.4	1	549 62
44	633	0.4	1	568 65
45	1054	0.4	1	969 85
46	245	0.4	1	201 44
47	505	0.4	1	458 47
48	763	0.4	1	700 63
49	513	0.4	1	451 62
50	326	0.4	1	273 53
51	491	0.4	1	440 51
52	429	0.4	1	386 43
53	313	0.4	1	272 41
54	378	0.4	1	347 31
55	548	0.4	1	510 38
56	296	0.4	1	256 40
57	374	0.4	1	336 38
58	256	0.4	1	232 24
59	246	0.4	1	211 35
60	166	0.4	1	128 38
61	132	0.4	1	96 36
62	339	0.4	1	292 47
63	252	0.4	1	219 33
64	149	0.4	1	117 32
65	138	0.4	1	101 37
66	362	0.4	1	330 32
67	129	0.4	1	105 24
68	153	0.4	1	117 36
69	67	0.4	1	46 21
70	70	0.4	1	43 27
71	45	0.4	1	17 28
72	46	0.4	1	22 24
73	73	0.4	1	59 14
74	89	0.4	1	63 26
75	100	0.4	1	81 19
76	88	0.4	1	62 26
77	82	0.4	1	58 24
78	86	0.4	1	62 24
79	81	0.4	1	57 24
80	67	0.4	1	50 17
81	91	0.4	1	68 23
82	90	0.4	1	63 27
83	58	0.4	1	35 23
84	73	0.4	1	55 18
85	60	0.4	1	44 16
86	64	0.4	1	37 27
87	70	0.4	1	39 31
88	70	0.4	1	36 34
89	66	0.4	1	39 27
90	46	0.4	1	25 21
91	48	0.4	1	33 15
92	60	0.4	1	36 24
93	54	0.4	1	27 27
94	47	0.4	1	23 24
95	57	0.4	1	31 26
96	43	0.4	1	21 22
97	39	0.4	1	18 21
98	36	0.4	1	15 21
99	47	0.4	1	20 27
100	46	0.4	1	27 19
101	38	0.4	1	18 20
102	38	0.4	1	12 26
103	37	0.4	1	21 16
104	46	0.4	1	18 28
105	42	0.4	1	17 25
106	38	0.4	1	17 21
107	24	0.4	1	14 10
108	41	0.4	1	13 28
109	38	0.4	1	12 26
110	42	0.4	1	14 28
111	41	0.4	1	11 30
112	36	0.4	1	7 29
113	30	0.4	1	15 15
114	46	0.4	1	13 33
115	33	0.4	1	10 23
116	36	0.4	1	4 32
117	37	0.4	1	12 25
118	27	0.4	1	9 18
119	28	0.4	1	8 20
120	23	0.4	1	8 15
121	15	0.4	1	4 11
122	31	0.4	1	10 21
123	24	0.4	1	5 19
124	38	0.4	1	6 32
125	33	0.4	1	6 27
126	32	0.4	1	6 26
127	30	0.4	1	6 24
128	25	0.4	1	4 21
129	27	0.4	1	8 19
130	31	0.4	1	11 20
131	20	0.4	1	4 16
132	31	0.4	1	8 23
133	14	0.4	1	4 10
134	34	0.4	1	13 21
135	28	0.4	1	6 22
136	18	0.4	1	3 15
137	17	0.4	1	5 12
138	21	0.4	1	5 16
139	16	0.4	1	3 13
140	17	0.4	1	3 14
141	23	0.4	1	4 19
142	21	0.4	1	3 18
143	27	0.4	1	8 19
144	8	0.4	1	2 6
145	21	0.4	1	3 18
146	15	0.4	1	3 12
147	23	0.4	1	5 18
148	13	0.4	1	3 10
149	28	0.4	1	1 27
150	3549	0.4	1	6 3543

RUN STATISTICS FOR INPUT FILE: s097_R1_001.fastq.gz
=============================================
25318967 sequences processed in total

