
SUMMARISING RUN PARAMETERS
==========================
Input filename: s113_R1_001.fastq.gz
Trimming mode: paired-end
Trim Galore version: 0.6.10
Cutadapt version: 3.4
Number of cores used for trimming: 1
Quality Phred score cutoff: 20
Quality encoding type selected: ASCII+33
Using Illumina adapter for trimming (count: 3087). Second best hit was Nextera (count: 8)
Adapter sequence: 'AGATCGGAAGAGC' (Illumina TruSeq, Sanger iPCR; auto-detected)
Maximum trimming error rate: 0.1 (default)
Minimum required adapter overlap (stringency): 1 bp
Minimum required sequence length for both reads before a sequence pair gets removed: 20 bp
Running FastQC on the data once trimming has completed
Output file will be GZIP compressed


This is cutadapt 3.4 with Python 3.9.2
Command line parameters: -j 1 -e 0.1 -q 20 -O 1 -a AGATCGGAAGAGC s113_R1_001.fastq.gz
Processing reads on 1 core in single-end mode ...
Finished in 2068.65 s (81 µs/read; 0.74 M reads/minute).

=== Summary ===

Total reads processed:              25,668,465
Reads with adapters:                 9,277,954 (36.1%)
Reads written (passing filters):    25,668,465 (100.0%)

Total basepairs processed: 3,850,269,750 bp
Quality-trimmed:               7,464,197 bp (0.2%)
Total written (filtered):  3,827,404,931 bp (99.4%)

=== Adapter 1 ===

Sequence: AGATCGGAAGAGC; Type: regular 3'; Length: 13; Trimmed: 9277954 times

No. of allowed errors:
1-9 bp: 0; 10-13 bp: 1

Bases preceding removed adapters:
  A: 36.3%
  C: 24.9%
  G: 17.3%
  T: 21.5%
  none/other: 0.0%

Overview of removed sequences
length	count	expect	max.err	error counts
1	7042936	6417116.2	0	7042936
2	1498871	1604279.1	0	1498871
3	473730	401069.8	0	473730
4	108214	100267.4	0	108214
5	25928	25066.9	0	25928
6	8397	6266.7	0	8397
7	5581	1566.7	0	5581
8	5441	391.7	0	5441
9	4955	97.9	0	4562 393
10	5161	24.5	1	4279 882
11	5098	6.1	1	4404 694
12	4549	1.5	1	4175 374
13	3947	0.4	1	3713 234
14	4006	0.4	1	3643 363
15	3780	0.4	1	3526 254
16	3867	0.4	1	3538 329
17	3815	0.4	1	3448 367
18	3345	0.4	1	3117 228
19	3136	0.4	1	2920 216
20	3073	0.4	1	2862 211
21	3038	0.4	1	2817 221
22	2724	0.4	1	2555 169
23	2741	0.4	1	2528 213
24	2621	0.4	1	2405 216
25	2382	0.4	1	2225 157
26	2300	0.4	1	2142 158
27	2271	0.4	1	2122 149
28	2112	0.4	1	1950 162
29	2065	0.4	1	1879 186
30	1855	0.4	1	1727 128
31	1804	0.4	1	1686 118
32	1683	0.4	1	1582 101
33	1640	0.4	1	1535 105
34	1566	0.4	1	1459 107
35	1420	0.4	1	1316 104
36	1433	0.4	1	1297 136
37	1385	0.4	1	1282 103
38	1206	0.4	1	1119 87
39	1108	0.4	1	1004 104
40	1172	0.4	1	1059 113
41	1061	0.4	1	973 88
42	1056	0.4	1	968 88
43	1037	0.4	1	948 89
44	820	0.4	1	735 85
45	1288	0.4	1	1198 90
46	326	0.4	1	271 55
47	660	0.4	1	595 65
48	939	0.4	1	865 74
49	589	0.4	1	525 64
50	528	0.4	1	456 72
51	707	0.4	1	637 70
52	568	0.4	1	506 62
53	449	0.4	1	398 51
54	475	0.4	1	432 43
55	713	0.4	1	644 69
56	411	0.4	1	372 39
57	566	0.4	1	503 63
58	368	0.4	1	327 41
59	398	0.4	1	351 47
60	227	0.4	1	198 29
61	188	0.4	1	150 38
62	424	0.4	1	380 44
63	344	0.4	1	310 34
64	172	0.4	1	150 22
65	173	0.4	1	142 31
66	449	0.4	1	399 50
67	172	0.4	1	139 33
68	224	0.4	1	202 22
69	127	0.4	1	96 31
70	108	0.4	1	83 25
71	37	0.4	1	18 19
72	55	0.4	1	33 22
73	83	0.4	1	67 16
74	127	0.4	1	98 29
75	160	0.4	1	121 39
76	152	0.4	1	115 37
77	162	0.4	1	122 40
78	120	0.4	1	89 31
79	127	0.4	1	97 30
80	122	0.4	1	97 25
81	141	0.4	1	102 39
82	110	0.4	1	75 35
83	121	0.4	1	86 35
84	116	0.4	1	84 32
85	102	0.4	1	68 34
86	96	0.4	1	71 25
87	92	0.4	1	58 34
88	96	0.4	1	65 31
89	107	0.4	1	65 42
90	93	0.4	1	60 33
91	93	0.4	1	59 34
92	83	0.4	1	51 32
93	72	0.4	1	46 26
94	63	0.4	1	41 22
95	75	0.4	1	47 28
96	76	0.4	1	50 26
97	82	0.4	1	47 35
98	52	0.4	1	32 20
99	74	0.4	1	43 31
100	81	0.4	1	45 36
101	76	0.4	1	40 36
102	64	0.4	1	37 27
103	59	0.4	1	33 26
104	60	0.4	1	32 28
105	47	0.4	1	27 20
106	46	0.4	1	29 17
107	59	0.4	1	31 28
108	55	0.4	1	31 24
109	44	0.4	1	24 20
110	43	0.4	1	18 25
111	54	0.4	1	28 26
112	46	0.4	1	24 22
113	49	0.4	1	24 25
114	51	0.4	1	23 28
115	40	0.4	1	14 26
116	32	0.4	1	13 19
117	35	0.4	1	22 13
118	26	0.4	1	10 16
119	41	0.4	1	15 26
120	42	0.4	1	15 27
121	36	0.4	1	18 18
122	30	0.4	1	14 16
123	26	0.4	1	5 21
124	41	0.4	1	16 25
125	31	0.4	1	18 13
126	28	0.4	1	11 17
127	31	0.4	1	13 18
128	25	0.4	1	8 17
129	34	0.4	1	11 23
130	27	0.4	1	10 17
131	25	0.4	1	9 16
132	28	0.4	1	10 18
133	13	0.4	1	8 5
134	12	0.4	1	4 8
135	24	0.4	1	8 16
136	23	0.4	1	8 15
137	34	0.4	1	6 28
138	12	0.4	1	7 5
139	27	0.4	1	5 22
140	16	0.4	1	5 11
141	12	0.4	1	2 10
142	36	0.4	1	4 32
143	18	0.4	1	6 12
144	9	0.4	1	2 7
145	23	0.4	1	5 18
146	25	0.4	1	6 19
147	16	0.4	1	4 12
148	16	0.4	1	5 11
149	14	0.4	1	0 14
150	1400	0.4	1	2 1398

RUN STATISTICS FOR INPUT FILE: s113_R1_001.fastq.gz
=============================================
25668465 sequences processed in total

