
SUMMARISING RUN PARAMETERS
==========================
Input filename: s114_R1_001.fastq.gz
Trimming mode: paired-end
Trim Galore version: 0.6.10
Cutadapt version: 3.4
Number of cores used for trimming: 1
Quality Phred score cutoff: 20
Quality encoding type selected: ASCII+33
Using Illumina adapter for trimming (count: 2305). Second best hit was Nextera (count: 6)
Adapter sequence: 'AGATCGGAAGAGC' (Illumina TruSeq, Sanger iPCR; auto-detected)
Maximum trimming error rate: 0.1 (default)
Minimum required adapter overlap (stringency): 1 bp
Minimum required sequence length for both reads before a sequence pair gets removed: 20 bp
Running FastQC on the data once trimming has completed
Output file will be GZIP compressed


This is cutadapt 3.4 with Python 3.9.2
Command line parameters: -j 1 -e 0.1 -q 20 -O 1 -a AGATCGGAAGAGC s114_R1_001.fastq.gz
Processing reads on 1 core in single-end mode ...
Finished in 1651.04 s (80 µs/read; 0.75 M reads/minute).

=== Summary ===

Total reads processed:              20,640,900
Reads with adapters:                 7,513,060 (36.4%)
Reads written (passing filters):    20,640,900 (100.0%)

Total basepairs processed: 3,096,135,000 bp
Quality-trimmed:               6,421,102 bp (0.2%)
Total written (filtered):  3,077,906,986 bp (99.4%)

=== Adapter 1 ===

Sequence: AGATCGGAAGAGC; Type: regular 3'; Length: 13; Trimmed: 7513060 times

No. of allowed errors:
1-9 bp: 0; 10-13 bp: 1

Bases preceding removed adapters:
  A: 36.9%
  C: 24.2%
  G: 16.8%
  T: 22.1%
  none/other: 0.0%

Overview of removed sequences
length	count	expect	max.err	error counts
1	5771767	5160225.0	0	5771767
2	1175805	1290056.2	0	1175805
3	377875	322514.1	0	377875
4	87336	80628.5	0	87336
5	19814	20157.1	0	19814
6	5970	5039.3	0	5970
7	3625	1259.8	0	3625
8	3373	315.0	0	3373
9	3239	78.7	0	2910 329
10	3298	19.7	1	2702 596
11	3066	4.9	1	2622 444
12	2798	1.2	1	2561 237
13	2488	0.3	1	2315 173
14	2509	0.3	1	2300 209
15	2288	0.3	1	2107 181
16	2295	0.3	1	2086 209
17	2350	0.3	1	2123 227
18	1995	0.3	1	1850 145
19	1749	0.3	1	1618 131
20	1811	0.3	1	1655 156
21	1773	0.3	1	1628 145
22	1646	0.3	1	1525 121
23	1708	0.3	1	1576 132
24	1624	0.3	1	1492 132
25	1501	0.3	1	1393 108
26	1470	0.3	1	1356 114
27	1404	0.3	1	1284 120
28	1271	0.3	1	1181 90
29	1304	0.3	1	1189 115
30	1105	0.3	1	1046 59
31	1020	0.3	1	946 74
32	1051	0.3	1	991 60
33	1047	0.3	1	974 73
34	1069	0.3	1	979 90
35	880	0.3	1	813 67
36	855	0.3	1	796 59
37	801	0.3	1	731 70
38	829	0.3	1	747 82
39	709	0.3	1	661 48
40	705	0.3	1	639 66
41	669	0.3	1	604 65
42	756	0.3	1	708 48
43	573	0.3	1	523 50
44	622	0.3	1	551 71
45	1024	0.3	1	966 58
46	276	0.3	1	226 50
47	474	0.3	1	423 51
48	2043	0.3	1	1954 89
49	763	0.3	1	705 58
50	115	0.3	1	84 31
51	419	0.3	1	384 35
52	390	0.3	1	359 31
53	100	0.3	1	75 25
54	271	0.3	1	249 22
55	378	0.3	1	356 22
56	129	0.3	1	109 20
57	86	0.3	1	65 21
58	73	0.3	1	52 21
59	123	0.3	1	106 17
60	43	0.3	1	22 21
61	56	0.3	1	36 20
62	180	0.3	1	163 17
63	61	0.3	1	42 19
64	54	0.3	1	41 13
65	64	0.3	1	48 16
66	192	0.3	1	162 30
67	37	0.3	1	17 20
68	41	0.3	1	23 18
69	34	0.3	1	16 18
70	36	0.3	1	22 14
71	20	0.3	1	12 8
72	23	0.3	1	13 10
73	37	0.3	1	26 11
74	86	0.3	1	61 25
75	76	0.3	1	57 19
76	71	0.3	1	64 7
77	88	0.3	1	63 25
78	88	0.3	1	73 15
79	79	0.3	1	63 16
80	74	0.3	1	57 17
81	90	0.3	1	74 16
82	71	0.3	1	60 11
83	61	0.3	1	51 10
84	75	0.3	1	59 16
85	55	0.3	1	48 7
86	48	0.3	1	34 14
87	71	0.3	1	54 17
88	58	0.3	1	39 19
89	50	0.3	1	35 15
90	46	0.3	1	29 17
91	54	0.3	1	31 23
92	45	0.3	1	30 15
93	36	0.3	1	20 16
94	59	0.3	1	34 25
95	50	0.3	1	32 18
96	45	0.3	1	24 21
97	40	0.3	1	20 20
98	44	0.3	1	29 15
99	42	0.3	1	28 14
100	46	0.3	1	26 20
101	39	0.3	1	23 16
102	40	0.3	1	25 15
103	25	0.3	1	14 11
104	25	0.3	1	18 7
105	29	0.3	1	16 13
106	23	0.3	1	12 11
107	21	0.3	1	13 8
108	31	0.3	1	23 8
109	36	0.3	1	16 20
110	23	0.3	1	8 15
111	33	0.3	1	13 20
112	21	0.3	1	11 10
113	22	0.3	1	14 8
114	20	0.3	1	10 10
115	23	0.3	1	10 13
116	25	0.3	1	16 9
117	27	0.3	1	9 18
118	23	0.3	1	8 15
119	16	0.3	1	7 9
120	17	0.3	1	10 7
121	17	0.3	1	8 9
122	17	0.3	1	7 10
123	21	0.3	1	11 10
124	15	0.3	1	4 11
125	15	0.3	1	7 8
126	13	0.3	1	7 6
127	20	0.3	1	6 14
128	19	0.3	1	5 14
129	13	0.3	1	5 8
130	13	0.3	1	1 12
131	10	0.3	1	1 9
132	17	0.3	1	6 11
133	20	0.3	1	8 12
134	15	0.3	1	3 12
135	22	0.3	1	5 17
136	18	0.3	1	3 15
137	14	0.3	1	6 8
138	13	0.3	1	3 10
139	10	0.3	1	0 10
140	10	0.3	1	2 8
141	5	0.3	1	0 5
142	11	0.3	1	1 10
143	13	0.3	1	2 11
144	5	0.3	1	3 2
145	5	0.3	1	0 5
146	13	0.3	1	0 13
147	14	0.3	1	0 14
148	13	0.3	1	5 8
149	16	0.3	1	0 16
150	1101	0.3	1	1 1100

RUN STATISTICS FOR INPUT FILE: s114_R1_001.fastq.gz
=============================================
20640900 sequences processed in total

