
SUMMARISING RUN PARAMETERS
==========================
Input filename: s116_R1_001.fastq.gz
Trimming mode: paired-end
Trim Galore version: 0.6.10
Cutadapt version: 3.4
Number of cores used for trimming: 1
Quality Phred score cutoff: 20
Quality encoding type selected: ASCII+33
Using Illumina adapter for trimming (count: 3822). Second best hit was smallRNA (count: 6)
Adapter sequence: 'AGATCGGAAGAGC' (Illumina TruSeq, Sanger iPCR; auto-detected)
Maximum trimming error rate: 0.1 (default)
Minimum required adapter overlap (stringency): 1 bp
Minimum required sequence length for both reads before a sequence pair gets removed: 20 bp
Running FastQC on the data once trimming has completed
Output file will be GZIP compressed


This is cutadapt 3.4 with Python 3.9.2
Command line parameters: -j 1 -e 0.1 -q 20 -O 1 -a AGATCGGAAGAGC s116_R1_001.fastq.gz
Processing reads on 1 core in single-end mode ...
Finished in 2163.55 s (80 µs/read; 0.75 M reads/minute).

=== Summary ===

Total reads processed:              27,154,103
Reads with adapters:                 9,630,242 (35.5%)
Reads written (passing filters):    27,154,103 (100.0%)

Total basepairs processed: 4,073,115,450 bp
Quality-trimmed:               7,231,378 bp (0.2%)
Total written (filtered):  4,049,109,485 bp (99.4%)

=== Adapter 1 ===

Sequence: AGATCGGAAGAGC; Type: regular 3'; Length: 13; Trimmed: 9630242 times

No. of allowed errors:
1-9 bp: 0; 10-13 bp: 1

Bases preceding removed adapters:
  A: 35.6%
  C: 25.3%
  G: 18.1%
  T: 21.0%
  none/other: 0.0%

Overview of removed sequences
length	count	expect	max.err	error counts
1	7272928	6788525.8	0	7272928
2	1561356	1697131.4	0	1561356
3	490037	424282.9	0	490037
4	114376	106070.7	0	114376
5	29921	26517.7	0	29921
6	10494	6629.4	0	10494
7	6840	1657.4	0	6840
8	6519	414.3	0	6519
9	5934	103.6	0	5476 458
10	6096	25.9	1	5128 968
11	6101	6.5	1	5379 722
12	5694	1.6	1	5221 473
13	4914	0.4	1	4559 355
14	5104	0.4	1	4701 403
15	4728	0.4	1	4399 329
16	4587	0.4	1	4207 380
17	4632	0.4	1	4257 375
18	4214	0.4	1	3916 298
19	3663	0.4	1	3435 228
20	3828	0.4	1	3577 251
21	3836	0.4	1	3584 252
22	3433	0.4	1	3207 226
23	3485	0.4	1	3243 242
24	3336	0.4	1	3023 313
25	3098	0.4	1	2893 205
26	3048	0.4	1	2835 213
27	2793	0.4	1	2606 187
28	2664	0.4	1	2504 160
29	2547	0.4	1	2322 225
30	2302	0.4	1	2151 151
31	2189	0.4	1	2053 136
32	2275	0.4	1	2153 122
33	2142	0.4	1	1992 150
34	2127	0.4	1	1981 146
35	1920	0.4	1	1801 119
36	1936	0.4	1	1768 168
37	1745	0.4	1	1606 139
38	1612	0.4	1	1521 91
39	1530	0.4	1	1410 120
40	1519	0.4	1	1388 131
41	1378	0.4	1	1266 112
42	1346	0.4	1	1225 121
43	1444	0.4	1	1315 129
44	1066	0.4	1	978 88
45	1747	0.4	1	1625 122
46	491	0.4	1	429 62
47	975	0.4	1	902 73
48	1298	0.4	1	1171 127
49	848	0.4	1	777 71
50	729	0.4	1	653 76
51	931	0.4	1	838 93
52	732	0.4	1	666 66
53	623	0.4	1	548 75
54	748	0.4	1	690 58
55	928	0.4	1	859 69
56	561	0.4	1	512 49
57	735	0.4	1	673 62
58	526	0.4	1	490 36
59	552	0.4	1	499 53
60	372	0.4	1	332 40
61	309	0.4	1	249 60
62	564	0.4	1	525 39
63	461	0.4	1	425 36
64	309	0.4	1	264 45
65	257	0.4	1	218 39
66	675	0.4	1	622 53
67	270	0.4	1	225 45
68	372	0.4	1	323 49
69	203	0.4	1	173 30
70	126	0.4	1	92 34
71	53	0.4	1	29 24
72	78	0.4	1	49 29
73	175	0.4	1	129 46
74	187	0.4	1	144 43
75	199	0.4	1	174 25
76	167	0.4	1	131 36
77	211	0.4	1	174 37
78	190	0.4	1	155 35
79	183	0.4	1	140 43
80	157	0.4	1	127 30
81	160	0.4	1	125 35
82	170	0.4	1	131 39
83	145	0.4	1	108 37
84	124	0.4	1	99 25
85	135	0.4	1	104 31
86	144	0.4	1	103 41
87	115	0.4	1	77 38
88	117	0.4	1	84 33
89	106	0.4	1	79 27
90	107	0.4	1	73 34
91	118	0.4	1	67 51
92	88	0.4	1	62 26
93	88	0.4	1	59 29
94	90	0.4	1	56 34
95	85	0.4	1	60 25
96	107	0.4	1	68 39
97	92	0.4	1	48 44
98	62	0.4	1	36 26
99	64	0.4	1	41 23
100	59	0.4	1	40 19
101	69	0.4	1	40 29
102	59	0.4	1	34 25
103	81	0.4	1	47 34
104	61	0.4	1	38 23
105	54	0.4	1	30 24
106	72	0.4	1	32 40
107	41	0.4	1	19 22
108	61	0.4	1	34 27
109	58	0.4	1	29 29
110	51	0.4	1	25 26
111	51	0.4	1	29 22
112	47	0.4	1	21 26
113	47	0.4	1	18 29
114	50	0.4	1	19 31
115	51	0.4	1	26 25
116	46	0.4	1	24 22
117	37	0.4	1	10 27
118	43	0.4	1	15 28
119	40	0.4	1	12 28
120	34	0.4	1	9 25
121	25	0.4	1	10 15
122	40	0.4	1	10 30
123	27	0.4	1	8 19
124	23	0.4	1	6 17
125	57	0.4	1	19 38
126	15	0.4	1	6 9
127	39	0.4	1	13 26
128	33	0.4	1	14 19
129	24	0.4	1	12 12
130	40	0.4	1	8 32
131	22	0.4	1	10 12
132	32	0.4	1	13 19
133	30	0.4	1	6 24
134	41	0.4	1	19 22
135	26	0.4	1	8 18
136	20	0.4	1	8 12
137	29	0.4	1	5 24
138	25	0.4	1	3 22
139	37	0.4	1	7 30
140	25	0.4	1	5 20
141	29	0.4	1	5 24
142	18	0.4	1	3 15
143	22	0.4	1	3 19
144	15	0.4	1	1 14
145	21	0.4	1	3 18
146	27	0.4	1	6 21
147	30	0.4	1	3 27
148	21	0.4	1	3 18
149	27	0.4	1	0 27
150	1514	0.4	1	4 1510

RUN STATISTICS FOR INPUT FILE: s116_R1_001.fastq.gz
=============================================
27154103 sequences processed in total

