
SUMMARISING RUN PARAMETERS
==========================
Input filename: s121_R1_001.fastq.gz
Trimming mode: paired-end
Trim Galore version: 0.6.10
Cutadapt version: 3.4
Number of cores used for trimming: 1
Quality Phred score cutoff: 20
Quality encoding type selected: ASCII+33
Using Illumina adapter for trimming (count: 2251). Second best hit was smallRNA (count: 10)
Adapter sequence: 'AGATCGGAAGAGC' (Illumina TruSeq, Sanger iPCR; auto-detected)
Maximum trimming error rate: 0.1 (default)
Minimum required adapter overlap (stringency): 1 bp
Minimum required sequence length for both reads before a sequence pair gets removed: 20 bp
Running FastQC on the data once trimming has completed
Output file will be GZIP compressed


This is cutadapt 3.4 with Python 3.9.2
Command line parameters: -j 1 -e 0.1 -q 20 -O 1 -a AGATCGGAAGAGC s121_R1_001.fastq.gz
Processing reads on 1 core in single-end mode ...
Finished in 1618.72 s (79 µs/read; 0.76 M reads/minute).

=== Summary ===

Total reads processed:              20,445,574
Reads with adapters:                 7,310,443 (35.8%)
Reads written (passing filters):    20,445,574 (100.0%)

Total basepairs processed: 3,066,836,100 bp
Quality-trimmed:               6,467,918 bp (0.2%)
Total written (filtered):  3,048,844,433 bp (99.4%)

=== Adapter 1 ===

Sequence: AGATCGGAAGAGC; Type: regular 3'; Length: 13; Trimmed: 7310443 times

No. of allowed errors:
1-9 bp: 0; 10-13 bp: 1

Bases preceding removed adapters:
  A: 36.2%
  C: 25.0%
  G: 17.5%
  T: 21.3%
  none/other: 0.0%

Overview of removed sequences
length	count	expect	max.err	error counts
1	5559523	5111393.5	0	5559523
2	1196913	1277848.4	0	1196913
3	372049	319462.1	0	372049
4	83464	79865.5	0	83464
5	20051	19966.4	0	20051
6	6323	4991.6	0	6323
7	3783	1247.9	0	3783
8	3599	312.0	0	3599
9	3285	78.0	0	2936 349
10	3508	19.5	1	2813 695
11	3222	4.9	1	2735 487
12	2910	1.2	1	2630 280
13	2609	0.3	1	2419 190
14	2449	0.3	1	2284 165
15	2410	0.3	1	2245 165
16	2268	0.3	1	2072 196
17	2286	0.3	1	2086 200
18	2000	0.3	1	1865 135
19	1746	0.3	1	1628 118
20	1854	0.3	1	1708 146
21	1771	0.3	1	1631 140
22	1710	0.3	1	1580 130
23	1790	0.3	1	1651 139
24	1413	0.3	1	1287 126
25	1349	0.3	1	1250 99
26	1219	0.3	1	1129 90
27	1302	0.3	1	1190 112
28	1261	0.3	1	1165 96
29	1081	0.3	1	979 102
30	1122	0.3	1	1029 93
31	910	0.3	1	843 67
32	916	0.3	1	842 74
33	836	0.3	1	778 58
34	825	0.3	1	749 76
35	869	0.3	1	787 82
36	745	0.3	1	662 83
37	694	0.3	1	650 44
38	630	0.3	1	590 40
39	637	0.3	1	572 65
40	685	0.3	1	610 75
41	494	0.3	1	443 51
42	541	0.3	1	495 46
43	586	0.3	1	528 58
44	406	0.3	1	352 54
45	810	0.3	1	750 60
46	253	0.3	1	205 48
47	307	0.3	1	278 29
48	538	0.3	1	481 57
49	241	0.3	1	214 27
50	242	0.3	1	208 34
51	352	0.3	1	308 44
52	338	0.3	1	303 35
53	238	0.3	1	217 21
54	301	0.3	1	266 35
55	434	0.3	1	400 34
56	177	0.3	1	153 24
57	281	0.3	1	260 21
58	178	0.3	1	157 21
59	216	0.3	1	181 35
60	110	0.3	1	91 19
61	86	0.3	1	60 26
62	262	0.3	1	236 26
63	179	0.3	1	159 20
64	109	0.3	1	78 31
65	89	0.3	1	68 21
66	306	0.3	1	268 38
67	71	0.3	1	55 16
68	119	0.3	1	105 14
69	50	0.3	1	39 11
70	55	0.3	1	35 20
71	35	0.3	1	12 23
72	37	0.3	1	23 14
73	67	0.3	1	43 24
74	65	0.3	1	43 22
75	71	0.3	1	52 19
76	71	0.3	1	56 15
77	89	0.3	1	72 17
78	75	0.3	1	52 23
79	80	0.3	1	63 17
80	80	0.3	1	59 21
81	87	0.3	1	62 25
82	86	0.3	1	54 32
83	72	0.3	1	53 19
84	52	0.3	1	34 18
85	75	0.3	1	57 18
86	72	0.3	1	55 17
87	50	0.3	1	35 15
88	67	0.3	1	47 20
89	50	0.3	1	28 22
90	50	0.3	1	37 13
91	41	0.3	1	23 18
92	50	0.3	1	29 21
93	54	0.3	1	32 22
94	48	0.3	1	30 18
95	56	0.3	1	31 25
96	37	0.3	1	23 14
97	53	0.3	1	30 23
98	42	0.3	1	20 22
99	36	0.3	1	19 17
100	32	0.3	1	18 14
101	55	0.3	1	30 25
102	34	0.3	1	24 10
103	33	0.3	1	21 12
104	46	0.3	1	22 24
105	43	0.3	1	26 17
106	35	0.3	1	19 16
107	38	0.3	1	16 22
108	33	0.3	1	14 19
109	42	0.3	1	21 21
110	32	0.3	1	13 19
111	27	0.3	1	12 15
112	41	0.3	1	20 21
113	22	0.3	1	9 13
114	29	0.3	1	13 16
115	30	0.3	1	12 18
116	17	0.3	1	8 9
117	30	0.3	1	17 13
118	30	0.3	1	15 15
119	26	0.3	1	6 20
120	25	0.3	1	5 20
121	20	0.3	1	3 17
122	28	0.3	1	5 23
123	30	0.3	1	5 25
124	28	0.3	1	11 17
125	26	0.3	1	11 15
126	19	0.3	1	11 8
127	21	0.3	1	11 10
128	32	0.3	1	12 20
129	18	0.3	1	4 14
130	25	0.3	1	6 19
131	21	0.3	1	3 18
132	25	0.3	1	9 16
133	13	0.3	1	5 8
134	21	0.3	1	6 15
135	17	0.3	1	4 13
136	25	0.3	1	9 16
137	14	0.3	1	3 11
138	17	0.3	1	4 13
139	7	0.3	1	2 5
140	15	0.3	1	4 11
141	8	0.3	1	1 7
142	14	0.3	1	4 10
143	14	0.3	1	3 11
144	17	0.3	1	5 12
145	16	0.3	1	0 16
146	15	0.3	1	3 12
147	15	0.3	1	2 13
148	12	0.3	1	3 9
149	20	0.3	1	0 20
150	1056	0.3	1	4 1052

RUN STATISTICS FOR INPUT FILE: s121_R1_001.fastq.gz
=============================================
20445574 sequences processed in total

