
SUMMARISING RUN PARAMETERS
==========================
Input filename: s123_R1_001.fastq.gz
Trimming mode: paired-end
Trim Galore version: 0.6.10
Cutadapt version: 3.4
Number of cores used for trimming: 1
Quality Phred score cutoff: 20
Quality encoding type selected: ASCII+33
Using Illumina adapter for trimming (count: 5167). Second best hit was Nextera (count: 8)
Adapter sequence: 'AGATCGGAAGAGC' (Illumina TruSeq, Sanger iPCR; auto-detected)
Maximum trimming error rate: 0.1 (default)
Minimum required adapter overlap (stringency): 1 bp
Minimum required sequence length for both reads before a sequence pair gets removed: 20 bp
Running FastQC on the data once trimming has completed
Output file will be GZIP compressed


This is cutadapt 3.4 with Python 3.9.2
Command line parameters: -j 1 -e 0.1 -q 20 -O 1 -a AGATCGGAAGAGC s123_R1_001.fastq.gz
Processing reads on 1 core in single-end mode ...
Finished in 2137.45 s (81 µs/read; 0.74 M reads/minute).

=== Summary ===

Total reads processed:              26,526,136
Reads with adapters:                 9,514,798 (35.9%)
Reads written (passing filters):    26,526,136 (100.0%)

Total basepairs processed: 3,978,920,400 bp
Quality-trimmed:               7,289,464 bp (0.2%)
Total written (filtered):  3,954,096,980 bp (99.4%)

=== Adapter 1 ===

Sequence: AGATCGGAAGAGC; Type: regular 3'; Length: 13; Trimmed: 9514798 times

No. of allowed errors:
1-9 bp: 0; 10-13 bp: 1

Bases preceding removed adapters:
  A: 35.5%
  C: 25.4%
  G: 17.9%
  T: 21.2%
  none/other: 0.0%

Overview of removed sequences
length	count	expect	max.err	error counts
1	7130365	6631534.0	0	7130365
2	1535658	1657883.5	0	1535658
3	487431	414470.9	0	487431
4	116420	103617.7	0	116420
5	32383	25904.4	0	32383
6	13236	6476.1	0	13236
7	9678	1619.0	0	9678
8	9930	404.8	0	9930
9	8461	101.2	0	7960 501
10	8955	25.3	1	7906 1049
11	8754	6.3	1	7817 937
12	8094	1.6	1	7541 553
13	7181	0.4	1	6755 426
14	7064	0.4	1	6569 495
15	6546	0.4	1	6175 371
16	6529	0.4	1	5993 536
17	6684	0.4	1	6202 482
18	5600	0.4	1	5247 353
19	5210	0.4	1	4894 316
20	5363	0.4	1	5023 340
21	5059	0.4	1	4758 301
22	4698	0.4	1	4429 269
23	5119	0.4	1	4820 299
24	4028	0.4	1	3713 315
25	4148	0.4	1	3870 278
26	3664	0.4	1	3470 194
27	3849	0.4	1	3623 226
28	3725	0.4	1	3525 200
29	3254	0.4	1	3028 226
30	3256	0.4	1	3074 182
31	2727	0.4	1	2596 131
32	2848	0.4	1	2678 170
33	2533	0.4	1	2386 147
34	2589	0.4	1	2420 169
35	2600	0.4	1	2417 183
36	2089	0.4	1	1959 130
37	1945	0.4	1	1842 103
38	1771	0.4	1	1673 98
39	1872	0.4	1	1772 100
40	2064	0.4	1	1924 140
41	1544	0.4	1	1435 109
42	1616	0.4	1	1528 88
43	1806	0.4	1	1676 130
44	1280	0.4	1	1185 95
45	2227	0.4	1	2111 116
46	648	0.4	1	573 75
47	972	0.4	1	895 77
48	1509	0.4	1	1421 88
49	897	0.4	1	826 71
50	712	0.4	1	661 51
51	1150	0.4	1	1062 88
52	905	0.4	1	848 57
53	645	0.4	1	586 59
54	738	0.4	1	679 59
55	1191	0.4	1	1117 74
56	579	0.4	1	541 38
57	798	0.4	1	755 43
58	562	0.4	1	516 46
59	587	0.4	1	548 39
60	347	0.4	1	310 37
61	252	0.4	1	212 40
62	652	0.4	1	617 35
63	513	0.4	1	467 46
64	261	0.4	1	229 32
65	268	0.4	1	234 34
66	788	0.4	1	724 64
67	234	0.4	1	205 29
68	323	0.4	1	284 39
69	152	0.4	1	124 28
70	116	0.4	1	93 23
71	43	0.4	1	25 18
72	76	0.4	1	50 26
73	155	0.4	1	138 17
74	192	0.4	1	168 24
75	200	0.4	1	176 24
76	224	0.4	1	187 37
77	190	0.4	1	157 33
78	176	0.4	1	150 26
79	182	0.4	1	155 27
80	176	0.4	1	154 22
81	161	0.4	1	136 25
82	160	0.4	1	135 25
83	150	0.4	1	124 26
84	143	0.4	1	116 27
85	136	0.4	1	112 24
86	123	0.4	1	94 29
87	107	0.4	1	83 24
88	99	0.4	1	70 29
89	99	0.4	1	74 25
90	128	0.4	1	88 40
91	99	0.4	1	69 30
92	82	0.4	1	58 24
93	77	0.4	1	53 24
94	87	0.4	1	58 29
95	64	0.4	1	43 21
96	85	0.4	1	65 20
97	88	0.4	1	55 33
98	57	0.4	1	37 20
99	76	0.4	1	46 30
100	60	0.4	1	33 27
101	68	0.4	1	35 33
102	66	0.4	1	50 16
103	61	0.4	1	33 28
104	60	0.4	1	36 24
105	57	0.4	1	37 20
106	53	0.4	1	28 25
107	47	0.4	1	23 24
108	63	0.4	1	29 34
109	37	0.4	1	23 14
110	60	0.4	1	26 34
111	49	0.4	1	21 28
112	46	0.4	1	24 22
113	45	0.4	1	28 17
114	39	0.4	1	18 21
115	32	0.4	1	12 20
116	37	0.4	1	14 23
117	38	0.4	1	15 23
118	32	0.4	1	8 24
119	31	0.4	1	16 15
120	26	0.4	1	10 16
121	32	0.4	1	12 20
122	38	0.4	1	20 18
123	27	0.4	1	12 15
124	27	0.4	1	10 17
125	32	0.4	1	12 20
126	29	0.4	1	12 17
127	35	0.4	1	8 27
128	33	0.4	1	14 19
129	24	0.4	1	10 14
130	27	0.4	1	7 20
131	19	0.4	1	6 13
132	25	0.4	1	7 18
133	20	0.4	1	5 15
134	26	0.4	1	5 21
135	29	0.4	1	8 21
136	23	0.4	1	8 15
137	25	0.4	1	2 23
138	25	0.4	1	5 20
139	17	0.4	1	5 12
140	16	0.4	1	4 12
141	23	0.4	1	5 18
142	18	0.4	1	3 15
143	23	0.4	1	2 21
144	20	0.4	1	2 18
145	19	0.4	1	2 17
146	17	0.4	1	4 13
147	25	0.4	1	5 20
148	19	0.4	1	4 15
149	29	0.4	1	4 25
150	1782	0.4	1	7 1775

RUN STATISTICS FOR INPUT FILE: s123_R1_001.fastq.gz
=============================================
26526136 sequences processed in total

