
SUMMARISING RUN PARAMETERS
==========================
Input filename: s128_R2_001.fastq.gz
Trimming mode: paired-end
Trim Galore version: 0.6.10
Cutadapt version: 3.4
Number of cores used for trimming: 1
Quality Phred score cutoff: 20
Quality encoding type selected: ASCII+33
Using Illumina adapter for trimming (count: 3264). Second best hit was smallRNA (count: 6)
Adapter sequence: 'AGATCGGAAGAGC' (Illumina TruSeq, Sanger iPCR; auto-detected)
Maximum trimming error rate: 0.1 (default)
Minimum required adapter overlap (stringency): 1 bp
Minimum required sequence length for both reads before a sequence pair gets removed: 20 bp
Running FastQC on the data once trimming has completed
Output file will be GZIP compressed


This is cutadapt 3.4 with Python 3.9.2
Command line parameters: -j 1 -e 0.1 -q 20 -O 1 -a AGATCGGAAGAGC s128_R2_001.fastq.gz
Processing reads on 1 core in single-end mode ...
Finished in 2069.42 s (83 µs/read; 0.73 M reads/minute).

=== Summary ===

Total reads processed:              25,078,494
Reads with adapters:                 7,935,986 (31.6%)
Reads written (passing filters):    25,078,494 (100.0%)

Total basepairs processed: 3,761,774,100 bp
Quality-trimmed:              15,346,344 bp (0.4%)
Total written (filtered):  3,731,333,680 bp (99.2%)

=== Adapter 1 ===

Sequence: AGATCGGAAGAGC; Type: regular 3'; Length: 13; Trimmed: 7935986 times

No. of allowed errors:
1-9 bp: 0; 10-13 bp: 1

Bases preceding removed adapters:
  A: 33.2%
  C: 25.7%
  G: 21.2%
  T: 19.9%
  none/other: 0.0%

Overview of removed sequences
length	count	expect	max.err	error counts
1	5884559	6269623.5	0	5884559
2	1410358	1567405.9	0	1410358
3	389134	391851.5	0	389134
4	83619	97962.9	0	83619
5	24944	24490.7	0	24944
6	10419	6122.7	0	10419
7	5661	1530.7	0	5661
8	4806	382.7	0	4806
9	3469	95.7	0	3122 347
10	4874	23.9	1	3735 1139
11	4075	6.0	1	3305 770
12	4654	1.5	1	3899 755
13	3483	0.4	1	3009 474
14	4016	0.4	1	3372 644
15	2950	0.4	1	2605 345
16	3086	0.4	1	2679 407
17	4067	0.4	1	3519 548
18	1980	0.4	1	1722 258
19	4050	0.4	1	3463 587
20	2423	0.4	1	2106 317
21	2057	0.4	1	1808 249
22	2670	0.4	1	2357 313
23	2486	0.4	1	2152 334
24	2933	0.4	1	2500 433
25	2725	0.4	1	2410 315
26	1970	0.4	1	1737 233
27	1987	0.4	1	1730 257
28	2324	0.4	1	1995 329
29	1801	0.4	1	1577 224
30	2153	0.4	1	1839 314
31	1536	0.4	1	1374 162
32	2075	0.4	1	1817 258
33	1600	0.4	1	1401 199
34	2006	0.4	1	1720 286
35	1843	0.4	1	1624 219
36	1594	0.4	1	1389 205
37	1286	0.4	1	1121 165
38	1584	0.4	1	1398 186
39	1277	0.4	1	1132 145
40	1178	0.4	1	1040 138
41	977	0.4	1	857 120
42	1321	0.4	1	1140 181
43	984	0.4	1	858 126
44	1191	0.4	1	1025 166
45	1179	0.4	1	1016 163
46	1008	0.4	1	854 154
47	1077	0.4	1	922 155
48	909	0.4	1	776 133
49	928	0.4	1	800 128
50	782	0.4	1	660 122
51	866	0.4	1	745 121
52	803	0.4	1	650 153
53	854	0.4	1	701 153
54	891	0.4	1	749 142
55	623	0.4	1	532 91
56	771	0.4	1	634 137
57	1108	0.4	1	921 187
58	599	0.4	1	492 107
59	545	0.4	1	465 80
60	877	0.4	1	721 156
61	569	0.4	1	476 93
62	519	0.4	1	441 78
63	1363	0.4	1	1180 183
64	613	0.4	1	491 122
65	379	0.4	1	299 80
66	424	0.4	1	356 68
67	661	0.4	1	564 97
68	468	0.4	1	404 64
69	481	0.4	1	387 94
70	612	0.4	1	512 100
71	469	0.4	1	406 63
72	434	0.4	1	371 63
73	549	0.4	1	480 69
74	347	0.4	1	288 59
75	267	0.4	1	224 43
76	156	0.4	1	116 40
77	236	0.4	1	165 71
78	289	0.4	1	227 62
79	329	0.4	1	269 60
80	309	0.4	1	245 64
81	350	0.4	1	285 65
82	326	0.4	1	261 65
83	324	0.4	1	254 70
84	293	0.4	1	247 46
85	339	0.4	1	279 60
86	332	0.4	1	263 69
87	339	0.4	1	271 68
88	316	0.4	1	252 64
89	300	0.4	1	232 68
90	304	0.4	1	250 54
91	285	0.4	1	227 58
92	267	0.4	1	197 70
93	281	0.4	1	209 72
94	275	0.4	1	204 71
95	242	0.4	1	188 54
96	297	0.4	1	235 62
97	269	0.4	1	208 61
98	279	0.4	1	223 56
99	263	0.4	1	205 58
100	255	0.4	1	201 54
101	265	0.4	1	202 63
102	250	0.4	1	189 61
103	263	0.4	1	210 53
104	200	0.4	1	151 49
105	212	0.4	1	162 50
106	217	0.4	1	182 35
107	224	0.4	1	173 51
108	218	0.4	1	180 38
109	193	0.4	1	139 54
110	199	0.4	1	156 43
111	205	0.4	1	158 47
112	205	0.4	1	164 41
113	184	0.4	1	145 39
114	196	0.4	1	170 26
115	166	0.4	1	127 39
116	154	0.4	1	117 37
117	183	0.4	1	138 45
118	161	0.4	1	126 35
119	162	0.4	1	124 38
120	162	0.4	1	129 33
121	152	0.4	1	124 28
122	147	0.4	1	108 39
123	144	0.4	1	104 40
124	152	0.4	1	112 40
125	117	0.4	1	93 24
126	125	0.4	1	89 36
127	125	0.4	1	96 29
128	129	0.4	1	89 40
129	114	0.4	1	81 33
130	112	0.4	1	79 33
131	103	0.4	1	73 30
132	111	0.4	1	82 29
133	85	0.4	1	70 15
134	90	0.4	1	68 22
135	75	0.4	1	58 17
136	62	0.4	1	51 11
137	65	0.4	1	49 16
138	59	0.4	1	48 11
139	44	0.4	1	29 15
140	73	0.4	1	48 25
141	46	0.4	1	32 14
142	57	0.4	1	42 15
143	46	0.4	1	32 14
144	50	0.4	1	36 14
145	50	0.4	1	32 18
146	53	0.4	1	35 18
147	55	0.4	1	35 20
148	39	0.4	1	22 17
149	28	0.4	1	18 10
150	44	0.4	1	20 24

RUN STATISTICS FOR INPUT FILE: s128_R2_001.fastq.gz
=============================================
25078494 sequences processed in total

Total number of sequences analysed for the sequence pair length validation: 25078494

Number of sequence pairs removed because at least one read was shorter than the length cutoff (20 bp): 14278 (0.06%)
