
SUMMARISING RUN PARAMETERS
==========================
Input filename: s137_R1_001.fastq.gz
Trimming mode: paired-end
Trim Galore version: 0.6.10
Cutadapt version: 3.4
Number of cores used for trimming: 1
Quality Phred score cutoff: 20
Quality encoding type selected: ASCII+33
Using Illumina adapter for trimming (count: 3175). Second best hit was Nextera (count: 4)
Adapter sequence: 'AGATCGGAAGAGC' (Illumina TruSeq, Sanger iPCR; auto-detected)
Maximum trimming error rate: 0.1 (default)
Minimum required adapter overlap (stringency): 1 bp
Minimum required sequence length for both reads before a sequence pair gets removed: 20 bp
Running FastQC on the data once trimming has completed
Output file will be GZIP compressed


This is cutadapt 3.4 with Python 3.9.2
Command line parameters: -j 1 -e 0.1 -q 20 -O 1 -a AGATCGGAAGAGC s137_R1_001.fastq.gz
Processing reads on 1 core in single-end mode ...
Finished in 2175.34 s (79 µs/read; 0.76 M reads/minute).

=== Summary ===

Total reads processed:              27,469,444
Reads with adapters:                 9,954,710 (36.2%)
Reads written (passing filters):    27,469,444 (100.0%)

Total basepairs processed: 4,120,416,600 bp
Quality-trimmed:               8,072,595 bp (0.2%)
Total written (filtered):  4,095,791,167 bp (99.4%)

=== Adapter 1 ===

Sequence: AGATCGGAAGAGC; Type: regular 3'; Length: 13; Trimmed: 9954710 times

No. of allowed errors:
1-9 bp: 0; 10-13 bp: 1

Bases preceding removed adapters:
  A: 36.3%
  C: 24.9%
  G: 17.2%
  T: 21.5%
  none/other: 0.0%

Overview of removed sequences
length	count	expect	max.err	error counts
1	7567658	6867361.0	0	7567658
2	1592528	1716840.2	0	1592528
3	508184	429210.1	0	508184
4	117390	107302.5	0	117390
5	28091	26825.6	0	28091
6	9254	6706.4	0	9254
7	6153	1676.6	0	6153
8	5899	419.2	0	5899
9	5344	104.8	0	4932 412
10	5572	26.2	1	4653 919
11	5415	6.5	1	4755 660
12	5025	1.6	1	4627 398
13	4350	0.4	1	4083 267
14	4561	0.4	1	4184 377
15	4207	0.4	1	3926 281
16	4072	0.4	1	3723 349
17	4245	0.4	1	3884 361
18	3636	0.4	1	3405 231
19	3391	0.4	1	3207 184
20	3412	0.4	1	3197 215
21	3312	0.4	1	3070 242
22	3067	0.4	1	2890 177
23	2960	0.4	1	2750 210
24	2951	0.4	1	2725 226
25	2670	0.4	1	2494 176
26	2502	0.4	1	2337 165
27	2544	0.4	1	2391 153
28	2361	0.4	1	2193 168
29	2303	0.4	1	2115 188
30	2042	0.4	1	1918 124
31	1884	0.4	1	1771 113
32	1909	0.4	1	1777 132
33	1773	0.4	1	1617 156
34	1825	0.4	1	1671 154
35	1724	0.4	1	1607 117
36	1528	0.4	1	1369 159
37	1400	0.4	1	1327 73
38	1394	0.4	1	1300 94
39	1373	0.4	1	1287 86
40	1305	0.4	1	1190 115
41	1168	0.4	1	1099 69
42	1264	0.4	1	1156 108
43	1183	0.4	1	1067 116
44	877	0.4	1	803 74
45	1552	0.4	1	1452 100
46	381	0.4	1	327 54
47	672	0.4	1	609 63
48	1017	0.4	1	948 69
49	726	0.4	1	663 63
50	567	0.4	1	519 48
51	698	0.4	1	636 62
52	648	0.4	1	592 56
53	493	0.4	1	457 36
54	564	0.4	1	506 58
55	714	0.4	1	655 59
56	459	0.4	1	407 52
57	583	0.4	1	543 40
58	441	0.4	1	383 58
59	426	0.4	1	375 51
60	289	0.4	1	255 34
61	243	0.4	1	197 46
62	474	0.4	1	427 47
63	387	0.4	1	344 43
64	234	0.4	1	203 31
65	181	0.4	1	152 29
66	546	0.4	1	501 45
67	239	0.4	1	199 40
68	292	0.4	1	264 28
69	138	0.4	1	111 27
70	123	0.4	1	87 36
71	43	0.4	1	25 18
72	74	0.4	1	57 17
73	107	0.4	1	87 20
74	132	0.4	1	110 22
75	132	0.4	1	112 20
76	165	0.4	1	128 37
77	149	0.4	1	124 25
78	120	0.4	1	91 29
79	138	0.4	1	113 25
80	135	0.4	1	101 34
81	129	0.4	1	99 30
82	125	0.4	1	89 36
83	124	0.4	1	90 34
84	123	0.4	1	89 34
85	98	0.4	1	71 27
86	113	0.4	1	72 41
87	84	0.4	1	61 23
88	97	0.4	1	54 43
89	102	0.4	1	74 28
90	99	0.4	1	62 37
91	92	0.4	1	58 34
92	77	0.4	1	51 26
93	71	0.4	1	41 30
94	68	0.4	1	44 24
95	60	0.4	1	36 24
96	87	0.4	1	57 30
97	73	0.4	1	41 32
98	86	0.4	1	44 42
99	50	0.4	1	26 24
100	43	0.4	1	25 18
101	83	0.4	1	42 41
102	74	0.4	1	31 43
103	42	0.4	1	25 17
104	51	0.4	1	31 20
105	55	0.4	1	33 22
106	50	0.4	1	32 18
107	56	0.4	1	29 27
108	44	0.4	1	19 25
109	48	0.4	1	23 25
110	32	0.4	1	20 12
111	34	0.4	1	19 15
112	46	0.4	1	24 22
113	41	0.4	1	20 21
114	44	0.4	1	12 32
115	32	0.4	1	15 17
116	42	0.4	1	14 28
117	30	0.4	1	17 13
118	31	0.4	1	19 12
119	38	0.4	1	25 13
120	45	0.4	1	17 28
121	25	0.4	1	6 19
122	29	0.4	1	11 18
123	36	0.4	1	7 29
124	20	0.4	1	8 12
125	32	0.4	1	8 24
126	25	0.4	1	5 20
127	34	0.4	1	6 28
128	24	0.4	1	9 15
129	27	0.4	1	11 16
130	29	0.4	1	11 18
131	20	0.4	1	13 7
132	37	0.4	1	13 24
133	29	0.4	1	4 25
134	21	0.4	1	6 15
135	21	0.4	1	2 19
136	27	0.4	1	9 18
137	21	0.4	1	5 16
138	24	0.4	1	7 17
139	14	0.4	1	3 11
140	17	0.4	1	8 9
141	16	0.4	1	4 12
142	24	0.4	1	7 17
143	16	0.4	1	2 14
144	12	0.4	1	3 9
145	18	0.4	1	4 14
146	26	0.4	1	10 16
147	25	0.4	1	7 18
148	15	0.4	1	4 11
149	17	0.4	1	0 17
150	1322	0.4	1	7 1315

RUN STATISTICS FOR INPUT FILE: s137_R1_001.fastq.gz
=============================================
27469444 sequences processed in total

