
SUMMARISING RUN PARAMETERS
==========================
Input filename: s140_R1_001.fastq.gz
Trimming mode: paired-end
Trim Galore version: 0.6.10
Cutadapt version: 3.4
Number of cores used for trimming: 1
Quality Phred score cutoff: 20
Quality encoding type selected: ASCII+33
Using Illumina adapter for trimming (count: 3475). Second best hit was Nextera (count: 15)
Adapter sequence: 'AGATCGGAAGAGC' (Illumina TruSeq, Sanger iPCR; auto-detected)
Maximum trimming error rate: 0.1 (default)
Minimum required adapter overlap (stringency): 1 bp
Minimum required sequence length for both reads before a sequence pair gets removed: 20 bp
Running FastQC on the data once trimming has completed
Output file will be GZIP compressed


This is cutadapt 3.4 with Python 3.9.2
Command line parameters: -j 1 -e 0.1 -q 20 -O 1 -a AGATCGGAAGAGC s140_R1_001.fastq.gz
Processing reads on 1 core in single-end mode ...
Finished in 2297.40 s (82 µs/read; 0.73 M reads/minute).

=== Summary ===

Total reads processed:              28,071,666
Reads with adapters:                10,222,354 (36.4%)
Reads written (passing filters):    28,071,666 (100.0%)

Total basepairs processed: 4,210,749,900 bp
Quality-trimmed:               8,217,132 bp (0.2%)
Total written (filtered):  4,185,267,378 bp (99.4%)

=== Adapter 1 ===

Sequence: AGATCGGAAGAGC; Type: regular 3'; Length: 13; Trimmed: 10222354 times

No. of allowed errors:
1-9 bp: 0; 10-13 bp: 1

Bases preceding removed adapters:
  A: 36.5%
  C: 24.5%
  G: 17.0%
  T: 22.0%
  none/other: 0.0%

Overview of removed sequences
length	count	expect	max.err	error counts
1	7783243	7017916.5	0	7783243
2	1611478	1754479.1	0	1611478
3	517481	438619.8	0	517481
4	121653	109654.9	0	121653
5	29299	27413.7	0	29299
6	10366	6853.4	0	10366
7	6843	1713.4	0	6843
8	6797	428.3	0	6797
9	6062	107.1	0	5578 484
10	6210	26.8	1	5293 917
11	6022	6.7	1	5266 756
12	5742	1.7	1	5266 476
13	4912	0.4	1	4593 319
14	4971	0.4	1	4613 358
15	4819	0.4	1	4516 303
16	4768	0.4	1	4382 386
17	4831	0.4	1	4426 405
18	4231	0.4	1	3983 248
19	3814	0.4	1	3574 240
20	3891	0.4	1	3636 255
21	3776	0.4	1	3531 245
22	3452	0.4	1	3236 216
23	3579	0.4	1	3360 219
24	3366	0.4	1	3098 268
25	3113	0.4	1	2931 182
26	2888	0.4	1	2742 146
27	2953	0.4	1	2764 189
28	2797	0.4	1	2638 159
29	2633	0.4	1	2433 200
30	2416	0.4	1	2272 144
31	2223	0.4	1	2084 139
32	2337	0.4	1	2204 133
33	2122	0.4	1	1982 140
34	2020	0.4	1	1875 145
35	2096	0.4	1	1993 103
36	1762	0.4	1	1618 144
37	1639	0.4	1	1549 90
38	1574	0.4	1	1469 105
39	1498	0.4	1	1384 114
40	1463	0.4	1	1352 111
41	1299	0.4	1	1205 94
42	1372	0.4	1	1278 94
43	1322	0.4	1	1210 112
44	987	0.4	1	914 73
45	1698	0.4	1	1616 82
46	436	0.4	1	374 62
47	877	0.4	1	813 64
48	1088	0.4	1	1026 62
49	837	0.4	1	780 57
50	591	0.4	1	543 48
51	814	0.4	1	746 68
52	700	0.4	1	637 63
53	562	0.4	1	519 43
54	677	0.4	1	605 72
55	859	0.4	1	787 72
56	502	0.4	1	458 44
57	585	0.4	1	551 34
58	490	0.4	1	448 42
59	451	0.4	1	415 36
60	305	0.4	1	273 32
61	237	0.4	1	206 31
62	471	0.4	1	426 45
63	365	0.4	1	332 33
64	257	0.4	1	220 37
65	216	0.4	1	181 35
66	556	0.4	1	516 40
67	228	0.4	1	197 31
68	318	0.4	1	276 42
69	142	0.4	1	105 37
70	102	0.4	1	87 15
71	45	0.4	1	27 18
72	77	0.4	1	40 37
73	134	0.4	1	101 33
74	140	0.4	1	117 23
75	159	0.4	1	133 26
76	151	0.4	1	131 20
77	139	0.4	1	110 29
78	132	0.4	1	108 24
79	145	0.4	1	123 22
80	127	0.4	1	101 26
81	123	0.4	1	94 29
82	113	0.4	1	78 35
83	97	0.4	1	77 20
84	95	0.4	1	72 23
85	106	0.4	1	78 28
86	89	0.4	1	70 19
87	73	0.4	1	47 26
88	91	0.4	1	64 27
89	118	0.4	1	78 40
90	79	0.4	1	49 30
91	82	0.4	1	59 23
92	74	0.4	1	46 28
93	66	0.4	1	45 21
94	64	0.4	1	46 18
95	58	0.4	1	36 22
96	58	0.4	1	44 14
97	55	0.4	1	28 27
98	71	0.4	1	35 36
99	67	0.4	1	35 32
100	45	0.4	1	30 15
101	65	0.4	1	37 28
102	48	0.4	1	22 26
103	47	0.4	1	28 19
104	47	0.4	1	26 21
105	35	0.4	1	20 15
106	43	0.4	1	18 25
107	50	0.4	1	31 19
108	43	0.4	1	18 25
109	41	0.4	1	23 18
110	36	0.4	1	19 17
111	33	0.4	1	20 13
112	28	0.4	1	12 16
113	31	0.4	1	11 20
114	42	0.4	1	16 26
115	27	0.4	1	9 18
116	36	0.4	1	14 22
117	40	0.4	1	15 25
118	35	0.4	1	11 24
119	23	0.4	1	10 13
120	38	0.4	1	16 22
121	25	0.4	1	12 13
122	28	0.4	1	8 20
123	37	0.4	1	9 28
124	38	0.4	1	17 21
125	29	0.4	1	9 20
126	24	0.4	1	11 13
127	18	0.4	1	4 14
128	28	0.4	1	6 22
129	30	0.4	1	6 24
130	28	0.4	1	6 22
131	17	0.4	1	3 14
132	20	0.4	1	8 12
133	19	0.4	1	6 13
134	32	0.4	1	6 26
135	20	0.4	1	4 16
136	21	0.4	1	6 15
137	31	0.4	1	8 23
138	18	0.4	1	3 15
139	17	0.4	1	6 11
140	16	0.4	1	2 14
141	25	0.4	1	11 14
142	22	0.4	1	5 17
143	14	0.4	1	6 8
144	14	0.4	1	5 9
145	17	0.4	1	2 15
146	11	0.4	1	3 8
147	29	0.4	1	13 16
148	17	0.4	1	0 17
149	19	0.4	1	0 19
150	1545	0.4	1	1 1544

RUN STATISTICS FOR INPUT FILE: s140_R1_001.fastq.gz
=============================================
28071666 sequences processed in total

