
SUMMARISING RUN PARAMETERS
==========================
Input filename: s141_R1_001.fastq.gz
Trimming mode: paired-end
Trim Galore version: 0.6.10
Cutadapt version: 3.4
Number of cores used for trimming: 1
Quality Phred score cutoff: 20
Quality encoding type selected: ASCII+33
Using Illumina adapter for trimming (count: 2418). Second best hit was smallRNA (count: 8)
Adapter sequence: 'AGATCGGAAGAGC' (Illumina TruSeq, Sanger iPCR; auto-detected)
Maximum trimming error rate: 0.1 (default)
Minimum required adapter overlap (stringency): 1 bp
Minimum required sequence length for both reads before a sequence pair gets removed: 20 bp
Running FastQC on the data once trimming has completed
Output file will be GZIP compressed


This is cutadapt 3.4 with Python 3.9.2
Command line parameters: -j 1 -e 0.1 -q 20 -O 1 -a AGATCGGAAGAGC s141_R1_001.fastq.gz
Processing reads on 1 core in single-end mode ...
Finished in 2186.07 s (82 µs/read; 0.73 M reads/minute).

=== Summary ===

Total reads processed:              26,699,385
Reads with adapters:                 9,709,649 (36.4%)
Reads written (passing filters):    26,699,385 (100.0%)

Total basepairs processed: 4,004,907,750 bp
Quality-trimmed:               8,062,575 bp (0.2%)
Total written (filtered):  3,981,442,436 bp (99.4%)

=== Adapter 1 ===

Sequence: AGATCGGAAGAGC; Type: regular 3'; Length: 13; Trimmed: 9709649 times

No. of allowed errors:
1-9 bp: 0; 10-13 bp: 1

Bases preceding removed adapters:
  A: 36.6%
  C: 24.4%
  G: 16.9%
  T: 22.0%
  none/other: 0.0%

Overview of removed sequences
length	count	expect	max.err	error counts
1	7438651	6674846.2	0	7438651
2	1533141	1668711.6	0	1533141
3	493951	417177.9	0	493951
4	113805	104294.5	0	113805
5	25468	26073.6	0	25468
6	7548	6518.4	0	7548
7	4518	1629.6	0	4518
8	4438	407.4	0	4438
9	3898	101.9	0	3484 414
10	4212	25.5	1	3395 817
11	4027	6.4	1	3458 569
12	3713	1.6	1	3418 295
13	3202	0.4	1	2998 204
14	3257	0.4	1	2973 284
15	2929	0.4	1	2727 202
16	2971	0.4	1	2701 270
17	2977	0.4	1	2727 250
18	2585	0.4	1	2434 151
19	2372	0.4	1	2206 166
20	2436	0.4	1	2270 166
21	2395	0.4	1	2224 171
22	2198	0.4	1	2044 154
23	2215	0.4	1	2059 156
24	2093	0.4	1	1898 195
25	1872	0.4	1	1743 129
26	1865	0.4	1	1721 144
27	1898	0.4	1	1755 143
28	1644	0.4	1	1538 106
29	1662	0.4	1	1516 146
30	1522	0.4	1	1428 94
31	1329	0.4	1	1240 89
32	1450	0.4	1	1344 106
33	1345	0.4	1	1243 102
34	1289	0.4	1	1195 94
35	1275	0.4	1	1182 93
36	1252	0.4	1	1146 106
37	1101	0.4	1	1008 93
38	963	0.4	1	899 64
39	974	0.4	1	881 93
40	896	0.4	1	814 82
41	869	0.4	1	796 73
42	931	0.4	1	829 102
43	863	0.4	1	770 93
44	727	0.4	1	647 80
45	1178	0.4	1	1087 91
46	314	0.4	1	262 52
47	588	0.4	1	517 71
48	1312	0.4	1	1214 98
49	482	0.4	1	420 62
50	290	0.4	1	242 48
51	631	0.4	1	578 53
52	473	0.4	1	428 45
53	217	0.4	1	196 21
54	527	0.4	1	473 54
55	673	0.4	1	617 56
56	313	0.4	1	271 42
57	302	0.4	1	278 24
58	192	0.4	1	147 45
59	304	0.4	1	258 46
60	79	0.4	1	59 20
61	107	0.4	1	74 33
62	342	0.4	1	306 36
63	156	0.4	1	128 28
64	92	0.4	1	64 28
65	134	0.4	1	111 23
66	298	0.4	1	271 27
67	70	0.4	1	41 29
68	148	0.4	1	118 30
69	96	0.4	1	71 25
70	59	0.4	1	42 17
71	41	0.4	1	11 30
72	58	0.4	1	25 33
73	73	0.4	1	55 18
74	84	0.4	1	61 23
75	109	0.4	1	86 23
76	103	0.4	1	90 13
77	110	0.4	1	78 32
78	81	0.4	1	64 17
79	105	0.4	1	77 28
80	94	0.4	1	71 23
81	84	0.4	1	61 23
82	90	0.4	1	63 27
83	76	0.4	1	52 24
84	67	0.4	1	46 21
85	90	0.4	1	61 29
86	83	0.4	1	47 36
87	60	0.4	1	46 14
88	73	0.4	1	53 20
89	71	0.4	1	39 32
90	85	0.4	1	49 36
91	74	0.4	1	50 24
92	60	0.4	1	37 23
93	65	0.4	1	43 22
94	48	0.4	1	24 24
95	66	0.4	1	39 27
96	59	0.4	1	30 29
97	59	0.4	1	40 19
98	52	0.4	1	31 21
99	52	0.4	1	25 27
100	54	0.4	1	28 26
101	38	0.4	1	19 19
102	43	0.4	1	23 20
103	66	0.4	1	33 33
104	51	0.4	1	37 14
105	57	0.4	1	26 31
106	47	0.4	1	19 28
107	38	0.4	1	24 14
108	50	0.4	1	19 31
109	41	0.4	1	23 18
110	53	0.4	1	20 33
111	34	0.4	1	16 18
112	39	0.4	1	12 27
113	30	0.4	1	15 15
114	30	0.4	1	13 17
115	32	0.4	1	7 25
116	37	0.4	1	8 29
117	33	0.4	1	14 19
118	22	0.4	1	10 12
119	30	0.4	1	14 16
120	28	0.4	1	10 18
121	34	0.4	1	9 25
122	27	0.4	1	10 17
123	29	0.4	1	10 19
124	28	0.4	1	9 19
125	24	0.4	1	8 16
126	35	0.4	1	13 22
127	24	0.4	1	6 18
128	30	0.4	1	8 22
129	31	0.4	1	7 24
130	20	0.4	1	4 16
131	17	0.4	1	4 13
132	21	0.4	1	6 15
133	28	0.4	1	10 18
134	15	0.4	1	7 8
135	13	0.4	1	3 10
136	24	0.4	1	4 20
137	15	0.4	1	2 13
138	14	0.4	1	4 10
139	27	0.4	1	9 18
140	26	0.4	1	7 19
141	17	0.4	1	3 14
142	18	0.4	1	0 18
143	15	0.4	1	4 11
144	10	0.4	1	0 10
145	8	0.4	1	0 8
146	17	0.4	1	2 15
147	22	0.4	1	7 15
148	13	0.4	1	2 11
149	24	0.4	1	0 24
150	1894	0.4	1	8 1886

RUN STATISTICS FOR INPUT FILE: s141_R1_001.fastq.gz
=============================================
26699385 sequences processed in total

