
SUMMARISING RUN PARAMETERS
==========================
Input filename: s147_R1_001.fastq.gz
Trimming mode: paired-end
Trim Galore version: 0.6.10
Cutadapt version: 3.4
Number of cores used for trimming: 1
Quality Phred score cutoff: 20
Quality encoding type selected: ASCII+33
Using Illumina adapter for trimming (count: 3604). Second best hit was Nextera (count: 5)
Adapter sequence: 'AGATCGGAAGAGC' (Illumina TruSeq, Sanger iPCR; auto-detected)
Maximum trimming error rate: 0.1 (default)
Minimum required adapter overlap (stringency): 1 bp
Minimum required sequence length for both reads before a sequence pair gets removed: 20 bp
Running FastQC on the data once trimming has completed
Output file will be GZIP compressed


This is cutadapt 3.4 with Python 3.9.2
Command line parameters: -j 1 -e 0.1 -q 20 -O 1 -a AGATCGGAAGAGC s147_R1_001.fastq.gz
Processing reads on 1 core in single-end mode ...
Finished in 2003.45 s (80 µs/read; 0.75 M reads/minute).

=== Summary ===

Total reads processed:              24,888,321
Reads with adapters:                 8,243,716 (33.1%)
Reads written (passing filters):    24,888,321 (100.0%)

Total basepairs processed: 3,733,248,150 bp
Quality-trimmed:              10,489,741 bp (0.3%)
Total written (filtered):  3,705,403,559 bp (99.3%)

=== Adapter 1 ===

Sequence: AGATCGGAAGAGC; Type: regular 3'; Length: 13; Trimmed: 8243716 times

No. of allowed errors:
1-9 bp: 0; 10-13 bp: 1

Bases preceding removed adapters:
  A: 33.5%
  C: 25.3%
  G: 20.4%
  T: 20.8%
  none/other: 0.0%

Overview of removed sequences
length	count	expect	max.err	error counts
1	6094272	6222080.2	0	6094272
2	1442268	1555520.1	0	1442268
3	438898	388880.0	0	438898
4	87666	97220.0	0	87666
5	23685	24305.0	0	23685
6	9518	6076.3	0	9518
7	5155	1519.1	0	5155
8	4508	379.8	0	4508
9	3879	94.9	0	3496 383
10	4597	23.7	1	3614 983
11	4412	5.9	1	3628 784
12	4313	1.5	1	3723 590
13	3572	0.4	1	3100 472
14	3441	0.4	1	3039 402
15	3354	0.4	1	2955 399
16	3299	0.4	1	2847 452
17	3368	0.4	1	2939 429
18	3076	0.4	1	2670 406
19	2612	0.4	1	2342 270
20	2811	0.4	1	2502 309
21	2760	0.4	1	2440 320
22	2669	0.4	1	2345 324
23	2556	0.4	1	2212 344
24	2536	0.4	1	2196 340
25	2389	0.4	1	2118 271
26	2217	0.4	1	1940 277
27	2255	0.4	1	1983 272
28	2131	0.4	1	1872 259
29	1972	0.4	1	1688 284
30	1955	0.4	1	1711 244
31	1686	0.4	1	1489 197
32	1874	0.4	1	1636 238
33	1751	0.4	1	1509 242
34	1752	0.4	1	1498 254
35	1620	0.4	1	1405 215
36	1655	0.4	1	1382 273
37	1495	0.4	1	1307 188
38	1320	0.4	1	1165 155
39	1368	0.4	1	1170 198
40	1408	0.4	1	1218 190
41	1605	0.4	1	1298 307
42	1523	0.4	1	1305 218
43	1232	0.4	1	1001 231
44	1378	0.4	1	1141 237
45	2272	0.4	1	2009 263
46	680	0.4	1	528 152
47	1044	0.4	1	858 186
48	4661	0.4	1	4311 350
49	3032	0.4	1	2736 296
50	389	0.4	1	282 107
51	859	0.4	1	744 115
52	1120	0.4	1	971 149
53	358	0.4	1	275 83
54	344	0.4	1	281 63
55	799	0.4	1	694 105
56	537	0.4	1	431 106
57	236	0.4	1	177 59
58	262	0.4	1	182 80
59	315	0.4	1	250 65
60	205	0.4	1	149 56
61	199	0.4	1	147 52
62	625	0.4	1	526 99
63	292	0.4	1	244 48
64	284	0.4	1	200 84
65	279	0.4	1	220 59
66	710	0.4	1	597 113
67	213	0.4	1	163 50
68	110	0.4	1	72 38
69	104	0.4	1	76 28
70	118	0.4	1	85 33
71	88	0.4	1	55 33
72	125	0.4	1	70 55
73	210	0.4	1	165 45
74	320	0.4	1	260 60
75	379	0.4	1	327 52
76	413	0.4	1	350 63
77	435	0.4	1	372 63
78	396	0.4	1	342 54
79	433	0.4	1	355 78
80	426	0.4	1	352 74
81	433	0.4	1	367 66
82	433	0.4	1	347 86
83	423	0.4	1	353 70
84	436	0.4	1	358 78
85	428	0.4	1	357 71
86	406	0.4	1	333 73
87	440	0.4	1	362 78
88	414	0.4	1	319 95
89	365	0.4	1	298 67
90	403	0.4	1	343 60
91	381	0.4	1	308 73
92	343	0.4	1	277 66
93	362	0.4	1	309 53
94	411	0.4	1	344 67
95	366	0.4	1	318 48
96	353	0.4	1	295 58
97	328	0.4	1	275 53
98	397	0.4	1	325 72
99	360	0.4	1	293 67
100	373	0.4	1	310 63
101	348	0.4	1	297 51
102	342	0.4	1	296 46
103	369	0.4	1	319 50
104	324	0.4	1	269 55
105	349	0.4	1	281 68
106	328	0.4	1	284 44
107	278	0.4	1	226 52
108	334	0.4	1	287 47
109	327	0.4	1	278 49
110	341	0.4	1	289 52
111	294	0.4	1	254 40
112	365	0.4	1	301 64
113	280	0.4	1	239 41
114	302	0.4	1	247 55
115	323	0.4	1	279 44
116	265	0.4	1	221 44
117	265	0.4	1	216 49
118	287	0.4	1	232 55
119	276	0.4	1	243 33
120	250	0.4	1	206 44
121	276	0.4	1	238 38
122	233	0.4	1	203 30
123	231	0.4	1	192 39
124	252	0.4	1	209 43
125	240	0.4	1	201 39
126	249	0.4	1	199 50
127	214	0.4	1	174 40
128	268	0.4	1	229 39
129	213	0.4	1	188 25
130	224	0.4	1	190 34
131	215	0.4	1	188 27
132	213	0.4	1	194 19
133	190	0.4	1	169 21
134	175	0.4	1	157 18
135	138	0.4	1	129 9
136	177	0.4	1	156 21
137	162	0.4	1	146 16
138	172	0.4	1	145 27
139	146	0.4	1	126 20
140	148	0.4	1	127 21
141	111	0.4	1	102 9
142	119	0.4	1	100 19
143	100	0.4	1	89 11
144	106	0.4	1	90 16
145	96	0.4	1	81 15
146	133	0.4	1	110 23
147	67	0.4	1	55 12
148	84	0.4	1	70 14
149	77	0.4	1	26 51
150	7502	0.4	1	66 7436

RUN STATISTICS FOR INPUT FILE: s147_R1_001.fastq.gz
=============================================
24888321 sequences processed in total

