
SUMMARISING RUN PARAMETERS
==========================
Input filename: s147_R2_001.fastq.gz
Trimming mode: paired-end
Trim Galore version: 0.6.10
Cutadapt version: 3.4
Number of cores used for trimming: 1
Quality Phred score cutoff: 20
Quality encoding type selected: ASCII+33
Using Illumina adapter for trimming (count: 3604). Second best hit was Nextera (count: 5)
Adapter sequence: 'AGATCGGAAGAGC' (Illumina TruSeq, Sanger iPCR; auto-detected)
Maximum trimming error rate: 0.1 (default)
Minimum required adapter overlap (stringency): 1 bp
Minimum required sequence length for both reads before a sequence pair gets removed: 20 bp
Running FastQC on the data once trimming has completed
Output file will be GZIP compressed


This is cutadapt 3.4 with Python 3.9.2
Command line parameters: -j 1 -e 0.1 -q 20 -O 1 -a AGATCGGAAGAGC s147_R2_001.fastq.gz
Processing reads on 1 core in single-end mode ...
Finished in 2101.19 s (84 µs/read; 0.71 M reads/minute).

=== Summary ===

Total reads processed:              24,888,321
Reads with adapters:                 8,106,032 (32.6%)
Reads written (passing filters):    24,888,321 (100.0%)

Total basepairs processed: 3,733,248,150 bp
Quality-trimmed:              15,632,641 bp (0.4%)
Total written (filtered):  3,700,902,527 bp (99.1%)

=== Adapter 1 ===

Sequence: AGATCGGAAGAGC; Type: regular 3'; Length: 13; Trimmed: 8106032 times

No. of allowed errors:
1-9 bp: 0; 10-13 bp: 1

Bases preceding removed adapters:
  A: 32.7%
  C: 25.9%
  G: 20.8%
  T: 20.6%
  none/other: 0.0%

Overview of removed sequences
length	count	expect	max.err	error counts
1	5949316	6222080.2	0	5949316
2	1445915	1555520.1	0	1445915
3	436782	388880.0	0	436782
4	89118	97220.0	0	89118
5	24890	24305.0	0	24890
6	9690	6076.3	0	9690
7	5528	1519.1	0	5528
8	4995	379.8	0	4995
9	3553	94.9	0	3203 350
10	5053	23.7	1	3894 1159
11	4495	5.9	1	3668 827
12	4597	1.5	1	3894 703
13	3582	0.4	1	3120 462
14	4231	0.4	1	3591 640
15	3075	0.4	1	2707 368
16	3349	0.4	1	2935 414
17	4130	0.4	1	3597 533
18	2212	0.4	1	1972 240
19	4075	0.4	1	3528 547
20	2571	0.4	1	2262 309
21	2328	0.4	1	2046 282
22	2703	0.4	1	2401 302
23	2549	0.4	1	2245 304
24	3114	0.4	1	2676 438
25	2830	0.4	1	2524 306
26	2088	0.4	1	1810 278
27	2132	0.4	1	1870 262
28	2373	0.4	1	2053 320
29	1841	0.4	1	1623 218
30	2272	0.4	1	2033 239
31	1729	0.4	1	1537 192
32	2126	0.4	1	1869 257
33	1683	0.4	1	1486 197
34	2105	0.4	1	1836 269
35	1933	0.4	1	1719 214
36	1552	0.4	1	1384 168
37	1482	0.4	1	1329 153
38	1806	0.4	1	1622 184
39	1299	0.4	1	1143 156
40	1290	0.4	1	1126 164
41	1066	0.4	1	929 137
42	1376	0.4	1	1223 153
43	1121	0.4	1	996 125
44	1391	0.4	1	1201 190
45	1320	0.4	1	1156 164
46	1107	0.4	1	971 136
47	1198	0.4	1	1040 158
48	994	0.4	1	878 116
49	1082	0.4	1	948 134
50	969	0.4	1	854 115
51	958	0.4	1	817 141
52	953	0.4	1	831 122
53	907	0.4	1	780 127
54	1022	0.4	1	878 144
55	741	0.4	1	645 96
56	893	0.4	1	747 146
57	1262	0.4	1	1072 190
58	684	0.4	1	575 109
59	638	0.4	1	551 87
60	1070	0.4	1	912 158
61	716	0.4	1	617 99
62	626	0.4	1	546 80
63	1553	0.4	1	1393 160
64	656	0.4	1	537 119
65	407	0.4	1	349 58
66	514	0.4	1	431 83
67	835	0.4	1	733 102
68	634	0.4	1	555 79
69	596	0.4	1	528 68
70	771	0.4	1	692 79
71	640	0.4	1	574 66
72	580	0.4	1	514 66
73	760	0.4	1	691 69
74	489	0.4	1	425 64
75	390	0.4	1	343 47
76	238	0.4	1	183 55
77	326	0.4	1	277 49
78	379	0.4	1	321 58
79	416	0.4	1	370 46
80	465	0.4	1	394 71
81	478	0.4	1	410 68
82	480	0.4	1	403 77
83	474	0.4	1	404 70
84	484	0.4	1	408 76
85	488	0.4	1	411 77
86	464	0.4	1	396 68
87	478	0.4	1	412 66
88	418	0.4	1	365 53
89	420	0.4	1	353 67
90	471	0.4	1	413 58
91	408	0.4	1	351 57
92	390	0.4	1	330 60
93	429	0.4	1	373 56
94	426	0.4	1	378 48
95	414	0.4	1	366 48
96	411	0.4	1	361 50
97	364	0.4	1	315 49
98	435	0.4	1	380 55
99	407	0.4	1	357 50
100	428	0.4	1	370 58
101	402	0.4	1	349 53
102	402	0.4	1	348 54
103	386	0.4	1	351 35
104	370	0.4	1	313 57
105	378	0.4	1	337 41
106	360	0.4	1	311 49
107	325	0.4	1	271 54
108	366	0.4	1	332 34
109	350	0.4	1	315 35
110	370	0.4	1	324 46
111	331	0.4	1	293 38
112	388	0.4	1	343 45
113	311	0.4	1	264 47
114	325	0.4	1	295 30
115	343	0.4	1	311 32
116	302	0.4	1	258 44
117	271	0.4	1	242 29
118	303	0.4	1	267 36
119	298	0.4	1	264 34
120	266	0.4	1	230 36
121	291	0.4	1	260 31
122	257	0.4	1	221 36
123	255	0.4	1	219 36
124	271	0.4	1	240 31
125	251	0.4	1	219 32
126	259	0.4	1	229 30
127	229	0.4	1	202 27
128	279	0.4	1	247 32
129	221	0.4	1	209 12
130	230	0.4	1	205 25
131	224	0.4	1	199 25
132	224	0.4	1	201 23
133	190	0.4	1	169 21
134	174	0.4	1	159 15
135	142	0.4	1	124 18
136	189	0.4	1	155 34
137	164	0.4	1	145 19
138	157	0.4	1	141 16
139	147	0.4	1	127 20
140	149	0.4	1	129 20
141	120	0.4	1	102 18
142	113	0.4	1	97 16
143	111	0.4	1	88 23
144	104	0.4	1	83 21
145	100	0.4	1	83 17
146	135	0.4	1	108 27
147	71	0.4	1	51 20
148	87	0.4	1	66 21
149	53	0.4	1	29 24
150	86	0.4	1	63 23

RUN STATISTICS FOR INPUT FILE: s147_R2_001.fastq.gz
=============================================
24888321 sequences processed in total

Total number of sequences analysed for the sequence pair length validation: 24888321

Number of sequence pairs removed because at least one read was shorter than the length cutoff (20 bp): 20527 (0.08%)
