
SUMMARISING RUN PARAMETERS
==========================
Input filename: s149_R1_001.fastq.gz
Trimming mode: paired-end
Trim Galore version: 0.6.10
Cutadapt version: 3.4
Number of cores used for trimming: 1
Quality Phred score cutoff: 20
Quality encoding type selected: ASCII+33
Using Illumina adapter for trimming (count: 4302). Second best hit was Nextera (count: 7)
Adapter sequence: 'AGATCGGAAGAGC' (Illumina TruSeq, Sanger iPCR; auto-detected)
Maximum trimming error rate: 0.1 (default)
Minimum required adapter overlap (stringency): 1 bp
Minimum required sequence length for both reads before a sequence pair gets removed: 20 bp
Running FastQC on the data once trimming has completed
Output file will be GZIP compressed


This is cutadapt 3.4 with Python 3.9.2
Command line parameters: -j 1 -e 0.1 -q 20 -O 1 -a AGATCGGAAGAGC s149_R1_001.fastq.gz
Processing reads on 1 core in single-end mode ...
Finished in 1634.52 s (84 µs/read; 0.72 M reads/minute).

=== Summary ===

Total reads processed:              19,531,786
Reads with adapters:                 7,128,262 (36.5%)
Reads written (passing filters):    19,531,786 (100.0%)

Total basepairs processed: 2,929,767,900 bp
Quality-trimmed:               6,179,201 bp (0.2%)
Total written (filtered):  2,911,165,749 bp (99.4%)

=== Adapter 1 ===

Sequence: AGATCGGAAGAGC; Type: regular 3'; Length: 13; Trimmed: 7128262 times

No. of allowed errors:
1-9 bp: 0; 10-13 bp: 1

Bases preceding removed adapters:
  A: 36.8%
  C: 24.3%
  G: 17.0%
  T: 21.9%
  none/other: 0.0%

Overview of removed sequences
length	count	expect	max.err	error counts
1	5416577	4882946.5	0	5416577
2	1124671	1220736.6	0	1124671
3	359367	305184.2	0	359367
4	82543	76296.0	0	82543
5	20355	19074.0	0	20355
6	7332	4768.5	0	7332
7	5021	1192.1	0	5021
8	4948	298.0	0	4948
9	4686	74.5	0	4370 316
10	4586	18.6	1	3940 646
11	4563	4.7	1	4005 558
12	4367	1.2	1	4023 344
13	3743	0.3	1	3488 255
14	3907	0.3	1	3590 317
15	3584	0.3	1	3314 270
16	3688	0.3	1	3388 300
17	3694	0.3	1	3373 321
18	3267	0.3	1	3088 179
19	2977	0.3	1	2810 167
20	3027	0.3	1	2809 218
21	3034	0.3	1	2818 216
22	2720	0.3	1	2557 163
23	2664	0.3	1	2475 189
24	2730	0.3	1	2527 203
25	2415	0.3	1	2266 149
26	2298	0.3	1	2149 149
27	2289	0.3	1	2122 167
28	2097	0.3	1	1957 140
29	2035	0.3	1	1868 167
30	1908	0.3	1	1786 122
31	1763	0.3	1	1657 106
32	1770	0.3	1	1661 109
33	1709	0.3	1	1601 108
34	1649	0.3	1	1549 100
35	1538	0.3	1	1400 138
36	1482	0.3	1	1360 122
37	1406	0.3	1	1304 102
38	1232	0.3	1	1167 65
39	1327	0.3	1	1219 108
40	1162	0.3	1	1095 67
41	1105	0.3	1	1017 88
42	1178	0.3	1	1087 91
43	1178	0.3	1	1101 77
44	850	0.3	1	765 85
45	1589	0.3	1	1483 106
46	388	0.3	1	343 45
47	810	0.3	1	749 61
48	2035	0.3	1	1918 117
49	629	0.3	1	575 54
50	314	0.3	1	272 42
51	964	0.3	1	910 54
52	594	0.3	1	546 48
53	306	0.3	1	266 40
54	709	0.3	1	650 59
55	1158	0.3	1	1108 50
56	373	0.3	1	339 34
57	485	0.3	1	448 37
58	263	0.3	1	240 23
59	472	0.3	1	447 25
60	108	0.3	1	97 11
61	121	0.3	1	104 17
62	526	0.3	1	493 33
63	240	0.3	1	210 30
64	112	0.3	1	90 22
65	180	0.3	1	154 26
66	467	0.3	1	440 27
67	70	0.3	1	52 18
68	118	0.3	1	102 16
69	108	0.3	1	88 20
70	84	0.3	1	68 16
71	36	0.3	1	20 16
72	60	0.3	1	41 19
73	106	0.3	1	86 20
74	141	0.3	1	118 23
75	177	0.3	1	150 27
76	134	0.3	1	112 22
77	159	0.3	1	128 31
78	133	0.3	1	107 26
79	123	0.3	1	107 16
80	145	0.3	1	119 26
81	134	0.3	1	114 20
82	111	0.3	1	95 16
83	111	0.3	1	89 22
84	122	0.3	1	104 18
85	95	0.3	1	76 19
86	105	0.3	1	73 32
87	95	0.3	1	71 24
88	86	0.3	1	73 13
89	79	0.3	1	65 14
90	79	0.3	1	56 23
91	70	0.3	1	58 12
92	73	0.3	1	48 25
93	71	0.3	1	55 16
94	71	0.3	1	51 20
95	68	0.3	1	42 26
96	59	0.3	1	34 25
97	44	0.3	1	27 17
98	45	0.3	1	28 17
99	62	0.3	1	38 24
100	64	0.3	1	36 28
101	46	0.3	1	34 12
102	36	0.3	1	22 14
103	37	0.3	1	21 16
104	50	0.3	1	31 19
105	38	0.3	1	21 17
106	38	0.3	1	25 13
107	26	0.3	1	13 13
108	33	0.3	1	20 13
109	45	0.3	1	21 24
110	28	0.3	1	17 11
111	32	0.3	1	13 19
112	28	0.3	1	14 14
113	28	0.3	1	10 18
114	34	0.3	1	15 19
115	31	0.3	1	12 19
116	30	0.3	1	10 20
117	18	0.3	1	8 10
118	26	0.3	1	10 16
119	19	0.3	1	13 6
120	21	0.3	1	12 9
121	31	0.3	1	11 20
122	26	0.3	1	6 20
123	24	0.3	1	12 12
124	18	0.3	1	6 12
125	13	0.3	1	4 9
126	20	0.3	1	8 12
127	21	0.3	1	5 16
128	16	0.3	1	6 10
129	16	0.3	1	6 10
130	19	0.3	1	5 14
131	8	0.3	1	2 6
132	20	0.3	1	5 15
133	13	0.3	1	2 11
134	9	0.3	1	1 8
135	10	0.3	1	1 9
136	19	0.3	1	3 16
137	16	0.3	1	4 12
138	8	0.3	1	2 6
139	10	0.3	1	1 9
140	11	0.3	1	2 9
141	14	0.3	1	0 14
142	10	0.3	1	1 9
143	9	0.3	1	0 9
144	11	0.3	1	1 10
145	11	0.3	1	0 11
146	12	0.3	1	1 11
147	10	0.3	1	3 7
148	10	0.3	1	0 10
149	16	0.3	1	0 16
150	664	0.3	1	1 663

RUN STATISTICS FOR INPUT FILE: s149_R1_001.fastq.gz
=============================================
19531786 sequences processed in total

