
SUMMARISING RUN PARAMETERS
==========================
Input filename: s151_R1_001.fastq.gz
Trimming mode: paired-end
Trim Galore version: 0.6.10
Cutadapt version: 3.4
Number of cores used for trimming: 1
Quality Phred score cutoff: 20
Quality encoding type selected: ASCII+33
Using Illumina adapter for trimming (count: 3218). Second best hit was Nextera (count: 8)
Adapter sequence: 'AGATCGGAAGAGC' (Illumina TruSeq, Sanger iPCR; auto-detected)
Maximum trimming error rate: 0.1 (default)
Minimum required adapter overlap (stringency): 1 bp
Minimum required sequence length for both reads before a sequence pair gets removed: 20 bp
Running FastQC on the data once trimming has completed
Output file will be GZIP compressed


This is cutadapt 3.4 with Python 3.9.2
Command line parameters: -j 1 -e 0.1 -q 20 -O 1 -a AGATCGGAAGAGC s151_R1_001.fastq.gz
Processing reads on 1 core in single-end mode ...
Finished in 1377.26 s (56 µs/read; 1.08 M reads/minute).

=== Summary ===

Total reads processed:              24,804,399
Reads with adapters:                 8,456,586 (34.1%)
Reads written (passing filters):    24,804,399 (100.0%)

Total basepairs processed: 3,720,659,850 bp
Quality-trimmed:              10,138,871 bp (0.3%)
Total written (filtered):  3,694,642,591 bp (99.3%)

=== Adapter 1 ===

Sequence: AGATCGGAAGAGC; Type: regular 3'; Length: 13; Trimmed: 8456586 times

No. of allowed errors:
1-9 bp: 0; 10-13 bp: 1

Bases preceding removed adapters:
  A: 35.0%
  C: 25.0%
  G: 18.9%
  T: 21.0%
  none/other: 0.0%

Overview of removed sequences
length	count	expect	max.err	error counts
1	6364630	6201099.8	0	6364630
2	1423970	1550274.9	0	1423970
3	418036	387568.7	0	418036
4	90792	96892.2	0	90792
5	23250	24223.0	0	23250
6	8442	6055.8	0	8442
7	4735	1513.9	0	4735
8	4085	378.5	0	4085
9	3660	94.6	0	3280 380
10	4127	23.7	1	3238 889
11	3838	5.9	1	3135 703
12	3768	1.5	1	3208 560
13	3222	0.4	1	2824 398
14	3144	0.4	1	2753 391
15	3015	0.4	1	2667 348
16	2919	0.4	1	2535 384
17	3186	0.4	1	2763 423
18	2814	0.4	1	2445 369
19	2408	0.4	1	2165 243
20	2578	0.4	1	2257 321
21	2462	0.4	1	2164 298
22	2563	0.4	1	2204 359
23	2349	0.4	1	2058 291
24	2227	0.4	1	1946 281
25	2135	0.4	1	1885 250
26	2046	0.4	1	1789 257
27	2121	0.4	1	1840 281
28	1901	0.4	1	1646 255
29	1852	0.4	1	1614 238
30	1837	0.4	1	1574 263
31	1528	0.4	1	1343 185
32	1714	0.4	1	1473 241
33	1591	0.4	1	1355 236
34	1615	0.4	1	1378 237
35	1515	0.4	1	1337 178
36	1646	0.4	1	1380 266
37	1450	0.4	1	1250 200
38	1256	0.4	1	1095 161
39	1295	0.4	1	1133 162
40	1356	0.4	1	1169 187
41	1569	0.4	1	1297 272
42	1459	0.4	1	1243 216
43	1176	0.4	1	981 195
44	1264	0.4	1	1054 210
45	2214	0.4	1	1976 238
46	681	0.4	1	528 153
47	944	0.4	1	790 154
48	4770	0.4	1	4401 369
49	2735	0.4	1	2476 259
50	358	0.4	1	260 98
51	906	0.4	1	810 96
52	1034	0.4	1	905 129
53	341	0.4	1	260 81
54	382	0.4	1	324 58
55	777	0.4	1	697 80
56	511	0.4	1	436 75
57	223	0.4	1	164 59
58	245	0.4	1	185 60
59	318	0.4	1	258 60
60	184	0.4	1	134 50
61	210	0.4	1	152 58
62	561	0.4	1	476 85
63	330	0.4	1	247 83
64	261	0.4	1	189 72
65	243	0.4	1	171 72
66	667	0.4	1	575 92
67	161	0.4	1	101 60
68	119	0.4	1	74 45
69	116	0.4	1	91 25
70	123	0.4	1	94 29
71	102	0.4	1	58 44
72	128	0.4	1	90 38
73	192	0.4	1	154 38
74	322	0.4	1	263 59
75	323	0.4	1	269 54
76	393	0.4	1	327 66
77	400	0.4	1	335 65
78	429	0.4	1	363 66
79	397	0.4	1	329 68
80	391	0.4	1	325 66
81	408	0.4	1	329 79
82	393	0.4	1	316 77
83	378	0.4	1	313 65
84	324	0.4	1	264 60
85	384	0.4	1	324 60
86	379	0.4	1	315 64
87	345	0.4	1	287 58
88	364	0.4	1	282 82
89	340	0.4	1	276 64
90	348	0.4	1	286 62
91	329	0.4	1	264 65
92	322	0.4	1	265 57
93	303	0.4	1	251 52
94	298	0.4	1	243 55
95	283	0.4	1	234 49
96	288	0.4	1	238 50
97	277	0.4	1	232 45
98	288	0.4	1	230 58
99	273	0.4	1	219 54
100	269	0.4	1	224 45
101	287	0.4	1	232 55
102	265	0.4	1	213 52
103	235	0.4	1	198 37
104	236	0.4	1	188 48
105	245	0.4	1	197 48
106	195	0.4	1	150 45
107	201	0.4	1	163 38
108	203	0.4	1	165 38
109	233	0.4	1	189 44
110	207	0.4	1	170 37
111	179	0.4	1	147 32
112	216	0.4	1	172 44
113	171	0.4	1	139 32
114	158	0.4	1	132 26
115	185	0.4	1	147 38
116	144	0.4	1	113 31
117	145	0.4	1	114 31
118	164	0.4	1	126 38
119	135	0.4	1	99 36
120	142	0.4	1	111 31
121	135	0.4	1	111 24
122	125	0.4	1	95 30
123	139	0.4	1	104 35
124	151	0.4	1	109 42
125	120	0.4	1	90 30
126	87	0.4	1	68 19
127	95	0.4	1	72 23
128	118	0.4	1	87 31
129	99	0.4	1	77 22
130	90	0.4	1	69 21
131	80	0.4	1	61 19
132	90	0.4	1	72 18
133	80	0.4	1	61 19
134	89	0.4	1	75 14
135	60	0.4	1	44 16
136	50	0.4	1	37 13
137	71	0.4	1	50 21
138	54	0.4	1	39 15
139	61	0.4	1	35 26
140	47	0.4	1	29 18
141	48	0.4	1	29 19
142	33	0.4	1	22 11
143	20	0.4	1	9 11
144	39	0.4	1	24 15
145	36	0.4	1	25 11
146	52	0.4	1	36 16
147	40	0.4	1	23 17
148	40	0.4	1	23 17
149	53	0.4	1	12 41
150	2808	0.4	1	26 2782

RUN STATISTICS FOR INPUT FILE: s151_R1_001.fastq.gz
=============================================
24804399 sequences processed in total

