
SUMMARISING RUN PARAMETERS
==========================
Input filename: s154_R1_001.fastq.gz
Trimming mode: paired-end
Trim Galore version: 0.6.10
Cutadapt version: 3.4
Number of cores used for trimming: 1
Quality Phred score cutoff: 20
Quality encoding type selected: ASCII+33
Using Illumina adapter for trimming (count: 3914). Second best hit was Nextera (count: 9)
Adapter sequence: 'AGATCGGAAGAGC' (Illumina TruSeq, Sanger iPCR; auto-detected)
Maximum trimming error rate: 0.1 (default)
Minimum required adapter overlap (stringency): 1 bp
Minimum required sequence length for both reads before a sequence pair gets removed: 20 bp
Running FastQC on the data once trimming has completed
Output file will be GZIP compressed


This is cutadapt 3.4 with Python 3.9.2
Command line parameters: -j 1 -e 0.1 -q 20 -O 1 -a AGATCGGAAGAGC s154_R1_001.fastq.gz
Processing reads on 1 core in single-end mode ...
Finished in 1430.20 s (56 µs/read; 1.08 M reads/minute).

=== Summary ===

Total reads processed:              25,706,349
Reads with adapters:                 9,386,726 (36.5%)
Reads written (passing filters):    25,706,349 (100.0%)

Total basepairs processed: 3,855,952,350 bp
Quality-trimmed:               7,670,798 bp (0.2%)
Total written (filtered):  3,832,108,037 bp (99.4%)

=== Adapter 1 ===

Sequence: AGATCGGAAGAGC; Type: regular 3'; Length: 13; Trimmed: 9386726 times

No. of allowed errors:
1-9 bp: 0; 10-13 bp: 1

Bases preceding removed adapters:
  A: 36.6%
  C: 24.5%
  G: 17.0%
  T: 21.9%
  none/other: 0.0%

Overview of removed sequences
length	count	expect	max.err	error counts
1	7125911	6426587.2	0	7125911
2	1489242	1606646.8	0	1489242
3	477388	401661.7	0	477388
4	110581	100415.4	0	110581
5	26949	25103.9	0	26949
6	9262	6276.0	0	9262
7	6386	1569.0	0	6386
8	6397	392.2	0	6397
9	5663	98.1	0	5249 414
10	5994	24.5	1	5172 822
11	5864	6.1	1	5179 685
12	5464	1.5	1	5038 426
13	4823	0.4	1	4491 332
14	5072	0.4	1	4631 441
15	4526	0.4	1	4264 262
16	4635	0.4	1	4230 405
17	4695	0.4	1	4273 422
18	4058	0.4	1	3822 236
19	3671	0.4	1	3448 223
20	3866	0.4	1	3603 263
21	3881	0.4	1	3587 294
22	3419	0.4	1	3191 228
23	3527	0.4	1	3261 266
24	3361	0.4	1	3100 261
25	3041	0.4	1	2843 198
26	3023	0.4	1	2834 189
27	2924	0.4	1	2746 178
28	2615	0.4	1	2445 170
29	2657	0.4	1	2409 248
30	2505	0.4	1	2339 166
31	2168	0.4	1	2042 126
32	2359	0.4	1	2209 150
33	2202	0.4	1	2048 154
34	2087	0.4	1	1947 140
35	2023	0.4	1	1861 162
36	1982	0.4	1	1820 162
37	1680	0.4	1	1569 111
38	1501	0.4	1	1424 77
39	1560	0.4	1	1455 105
40	1535	0.4	1	1454 81
41	1385	0.4	1	1272 113
42	1459	0.4	1	1357 102
43	1456	0.4	1	1342 114
44	1148	0.4	1	1060 88
45	1851	0.4	1	1727 124
46	534	0.4	1	440 94
47	976	0.4	1	894 82
48	2235	0.4	1	2121 114
49	778	0.4	1	714 64
50	450	0.4	1	396 54
51	1105	0.4	1	1034 71
52	682	0.4	1	641 41
53	382	0.4	1	345 37
54	814	0.4	1	778 36
55	1220	0.4	1	1168 52
56	454	0.4	1	411 43
57	528	0.4	1	484 44
58	304	0.4	1	268 36
59	460	0.4	1	420 40
60	169	0.4	1	138 31
61	146	0.4	1	114 32
62	520	0.4	1	496 24
63	287	0.4	1	251 36
64	139	0.4	1	112 27
65	186	0.4	1	158 28
66	483	0.4	1	445 38
67	98	0.4	1	67 31
68	167	0.4	1	145 22
69	105	0.4	1	91 14
70	86	0.4	1	68 18
71	55	0.4	1	19 36
72	39	0.4	1	25 14
73	106	0.4	1	87 19
74	137	0.4	1	106 31
75	168	0.4	1	136 32
76	141	0.4	1	116 25
77	140	0.4	1	120 20
78	137	0.4	1	114 23
79	122	0.4	1	93 29
80	117	0.4	1	97 20
81	130	0.4	1	96 34
82	104	0.4	1	77 27
83	108	0.4	1	78 30
84	104	0.4	1	74 30
85	102	0.4	1	65 37
86	113	0.4	1	88 25
87	103	0.4	1	70 33
88	102	0.4	1	60 42
89	84	0.4	1	60 24
90	96	0.4	1	64 32
91	62	0.4	1	43 19
92	54	0.4	1	40 14
93	68	0.4	1	44 24
94	72	0.4	1	52 20
95	65	0.4	1	46 19
96	75	0.4	1	43 32
97	66	0.4	1	42 24
98	45	0.4	1	29 16
99	57	0.4	1	31 26
100	53	0.4	1	29 24
101	47	0.4	1	30 17
102	42	0.4	1	24 18
103	50	0.4	1	29 21
104	74	0.4	1	43 31
105	51	0.4	1	30 21
106	52	0.4	1	28 24
107	50	0.4	1	20 30
108	48	0.4	1	21 27
109	34	0.4	1	13 21
110	40	0.4	1	16 24
111	28	0.4	1	12 16
112	40	0.4	1	21 19
113	27	0.4	1	13 14
114	38	0.4	1	14 24
115	48	0.4	1	19 29
116	12	0.4	1	2 10
117	31	0.4	1	12 19
118	33	0.4	1	9 24
119	28	0.4	1	13 15
120	23	0.4	1	7 16
121	19	0.4	1	8 11
122	28	0.4	1	8 20
123	23	0.4	1	7 16
124	13	0.4	1	6 7
125	28	0.4	1	10 18
126	18	0.4	1	6 12
127	25	0.4	1	5 20
128	25	0.4	1	9 16
129	27	0.4	1	7 20
130	20	0.4	1	4 16
131	27	0.4	1	10 17
132	18	0.4	1	6 12
133	14	0.4	1	3 11
134	16	0.4	1	6 10
135	15	0.4	1	3 12
136	15	0.4	1	4 11
137	16	0.4	1	4 12
138	15	0.4	1	4 11
139	10	0.4	1	4 6
140	13	0.4	1	0 13
141	18	0.4	1	4 14
142	16	0.4	1	3 13
143	19	0.4	1	5 14
144	15	0.4	1	2 13
145	18	0.4	1	7 11
146	21	0.4	1	7 14
147	23	0.4	1	2 21
148	14	0.4	1	3 11
149	21	0.4	1	1 20
150	1451	0.4	1	5 1446

RUN STATISTICS FOR INPUT FILE: s154_R1_001.fastq.gz
=============================================
25706349 sequences processed in total

