
SUMMARISING RUN PARAMETERS
==========================
Input filename: s157_R2_001.fastq.gz
Trimming mode: paired-end
Trim Galore version: 0.6.10
Cutadapt version: 3.4
Number of cores used for trimming: 1
Quality Phred score cutoff: 20
Quality encoding type selected: ASCII+33
Using Illumina adapter for trimming (count: 1404). Second best hit was smallRNA (count: 8)
Adapter sequence: 'AGATCGGAAGAGC' (Illumina TruSeq, Sanger iPCR; auto-detected)
Maximum trimming error rate: 0.1 (default)
Minimum required adapter overlap (stringency): 1 bp
Minimum required sequence length for both reads before a sequence pair gets removed: 20 bp
Running FastQC on the data once trimming has completed
Output file will be GZIP compressed


This is cutadapt 3.4 with Python 3.9.2
Command line parameters: -j 1 -e 0.1 -q 20 -O 1 -a AGATCGGAAGAGC s157_R2_001.fastq.gz
Processing reads on 1 core in single-end mode ...
Finished in 2871.61 s (61 µs/read; 0.98 M reads/minute).

=== Summary ===

Total reads processed:              46,974,509
Reads with adapters:                16,800,931 (35.8%)
Reads written (passing filters):    46,974,509 (100.0%)

Total basepairs processed: 7,046,176,350 bp
Quality-trimmed:              26,374,586 bp (0.4%)
Total written (filtered):  6,994,015,809 bp (99.3%)

=== Adapter 1 ===

Sequence: AGATCGGAAGAGC; Type: regular 3'; Length: 13; Trimmed: 16800931 times

No. of allowed errors:
1-9 bp: 0; 10-13 bp: 1

Bases preceding removed adapters:
  A: 35.3%
  C: 25.4%
  G: 18.0%
  T: 21.3%
  none/other: 0.0%

Overview of removed sequences
length	count	expect	max.err	error counts
1	12717933	11743627.2	0	12717933
2	2831930	2935906.8	0	2831930
3	891210	733976.7	0	891210
4	203209	183494.2	0	203209
5	43918	45873.5	0	43918
6	10022	11468.4	0	10022
7	4302	2867.1	0	4302
8	3535	716.8	0	3535
9	3377	179.2	0	2529 848
10	4150	44.8	1	2502 1648
11	3484	11.2	1	2459 1025
12	3101	2.8	1	2448 653
13	2578	0.7	1	2159 419
14	2782	0.7	1	2281 501
15	2296	0.7	1	1959 337
16	2284	0.7	1	1922 362
17	2695	0.7	1	2276 419
18	1748	0.7	1	1476 272
19	2656	0.7	1	2237 419
20	1949	0.7	1	1645 304
21	1840	0.7	1	1552 288
22	1873	0.7	1	1538 335
23	1869	0.7	1	1534 335
24	2343	0.7	1	1908 435
25	2005	0.7	1	1747 258
26	1448	0.7	1	1203 245
27	1359	0.7	1	1115 244
28	1564	0.7	1	1315 249
29	1343	0.7	1	1124 219
30	1443	0.7	1	1182 261
31	1263	0.7	1	1026 237
32	1354	0.7	1	1094 260
33	1189	0.7	1	981 208
34	1504	0.7	1	1190 314
35	1195	0.7	1	989 206
36	1124	0.7	1	918 206
37	1183	0.7	1	957 226
38	1075	0.7	1	900 175
39	1158	0.7	1	921 237
40	961	0.7	1	783 178
41	1010	0.7	1	793 217
42	1133	0.7	1	909 224
43	715	0.7	1	563 152
44	1149	0.7	1	879 270
45	1004	0.7	1	780 224
46	868	0.7	1	666 202
47	869	0.7	1	695 174
48	768	0.7	1	599 169
49	876	0.7	1	688 188
50	612	0.7	1	461 151
51	717	0.7	1	540 177
52	613	0.7	1	472 141
53	633	0.7	1	464 169
54	741	0.7	1	563 178
55	482	0.7	1	339 143
56	649	0.7	1	474 175
57	1076	0.7	1	802 274
58	589	0.7	1	411 178
59	349	0.7	1	235 114
60	881	0.7	1	662 219
61	414	0.7	1	292 122
62	432	0.7	1	312 120
63	963	0.7	1	724 239
64	489	0.7	1	313 176
65	305	0.7	1	190 115
66	386	0.7	1	247 139
67	362	0.7	1	255 107
68	378	0.7	1	259 119
69	326	0.7	1	232 94
70	440	0.7	1	312 128
71	338	0.7	1	240 98
72	300	0.7	1	190 110
73	426	0.7	1	319 107
74	349	0.7	1	235 114
75	248	0.7	1	152 96
76	180	0.7	1	98 82
77	189	0.7	1	112 77
78	245	0.7	1	131 114
79	264	0.7	1	157 107
80	299	0.7	1	201 98
81	341	0.7	1	213 128
82	298	0.7	1	209 89
83	323	0.7	1	209 114
84	256	0.7	1	179 77
85	279	0.7	1	179 100
86	301	0.7	1	175 126
87	281	0.7	1	175 106
88	274	0.7	1	157 117
89	260	0.7	1	153 107
90	275	0.7	1	174 101
91	256	0.7	1	157 99
92	252	0.7	1	140 112
93	236	0.7	1	133 103
94	260	0.7	1	142 118
95	241	0.7	1	132 109
96	209	0.7	1	107 102
97	218	0.7	1	126 92
98	235	0.7	1	144 91
99	201	0.7	1	106 95
100	200	0.7	1	125 75
101	203	0.7	1	114 89
102	186	0.7	1	115 71
103	208	0.7	1	112 96
104	255	0.7	1	184 71
105	188	0.7	1	106 82
106	131	0.7	1	65 66
107	175	0.7	1	100 75
108	156	0.7	1	86 70
109	162	0.7	1	91 71
110	129	0.7	1	75 54
111	133	0.7	1	70 63
112	135	0.7	1	67 68
113	127	0.7	1	75 52
114	116	0.7	1	56 60
115	123	0.7	1	62 61
116	134	0.7	1	67 67
117	112	0.7	1	52 60
118	78	0.7	1	36 42
119	104	0.7	1	38 66
120	111	0.7	1	48 63
121	119	0.7	1	48 71
122	78	0.7	1	29 49
123	75	0.7	1	33 42
124	65	0.7	1	14 51
125	64	0.7	1	23 41
126	75	0.7	1	17 58
127	61	0.7	1	23 38
128	46	0.7	1	14 32
129	40	0.7	1	16 24
130	33	0.7	1	9 24
131	56	0.7	1	16 40
132	36	0.7	1	13 23
133	52	0.7	1	8 44
134	43	0.7	1	14 29
135	36	0.7	1	6 30
136	51	0.7	1	7 44
137	39	0.7	1	0 39
138	32	0.7	1	7 25
139	33	0.7	1	5 28
140	52	0.7	1	5 47
141	37	0.7	1	5 32
142	35	0.7	1	9 26
143	32	0.7	1	5 27
144	24	0.7	1	7 17
145	54	0.7	1	8 46
146	41	0.7	1	2 39
147	45	0.7	1	12 33
148	36	0.7	1	1 35
149	22	0.7	1	1 21
150	38	0.7	1	10 28

RUN STATISTICS FOR INPUT FILE: s157_R2_001.fastq.gz
=============================================
46974509 sequences processed in total

Total number of sequences analysed for the sequence pair length validation: 46974509

Number of sequence pairs removed because at least one read was shorter than the length cutoff (20 bp): 25914 (0.06%)
