
SUMMARISING RUN PARAMETERS
==========================
Input filename: s158_R1_001.fastq.gz
Trimming mode: paired-end
Trim Galore version: 0.6.10
Cutadapt version: 3.4
Number of cores used for trimming: 1
Quality Phred score cutoff: 20
Quality encoding type selected: ASCII+33
Using Illumina adapter for trimming (count: 3863). Second best hit was Nextera (count: 5)
Adapter sequence: 'AGATCGGAAGAGC' (Illumina TruSeq, Sanger iPCR; auto-detected)
Maximum trimming error rate: 0.1 (default)
Minimum required adapter overlap (stringency): 1 bp
Minimum required sequence length for both reads before a sequence pair gets removed: 20 bp
Running FastQC on the data once trimming has completed
Output file will be GZIP compressed


This is cutadapt 3.4 with Python 3.9.2
Command line parameters: -j 1 -e 0.1 -q 20 -O 1 -a AGATCGGAAGAGC s158_R1_001.fastq.gz
Processing reads on 1 core in single-end mode ...
Finished in 4792.34 s (70 µs/read; 0.85 M reads/minute).

=== Summary ===

Total reads processed:              68,177,364
Reads with adapters:                24,478,109 (35.9%)
Reads written (passing filters):    68,177,364 (100.0%)

Total basepairs processed: 10,226,604,600 bp
Quality-trimmed:              19,996,932 bp (0.2%)
Total written (filtered):  10,161,125,457 bp (99.4%)

=== Adapter 1 ===

Sequence: AGATCGGAAGAGC; Type: regular 3'; Length: 13; Trimmed: 24478109 times

No. of allowed errors:
1-9 bp: 0; 10-13 bp: 1

Bases preceding removed adapters:
  A: 38.2%
  C: 23.8%
  G: 16.9%
  T: 21.1%
  none/other: 0.0%

Overview of removed sequences
length	count	expect	max.err	error counts
1	18216571	17044341.0	0	18216571
2	4282508	4261085.2	0	4282508
3	1334094	1065271.3	0	1334094
4	271990	266317.8	0	271990
5	61299	66579.5	0	61299
6	16209	16644.9	0	16209
7	8242	4161.2	0	8242
8	7596	1040.3	0	7596
9	7627	260.1	0	6327 1300
10	8098	65.0	1	6213 1885
11	7682	16.3	1	6264 1418
12	6901	4.1	1	5996 905
13	6107	1.0	1	5467 640
14	6190	1.0	1	5517 673
15	6070	1.0	1	5448 622
16	6189	1.0	1	5440 749
17	6460	1.0	1	5698 762
18	5591	1.0	1	5012 579
19	4912	1.0	1	4461 451
20	5415	1.0	1	4864 551
21	5254	1.0	1	4669 585
22	4931	1.0	1	4397 534
23	5109	1.0	1	4564 545
24	4987	1.0	1	4404 583
25	4500	1.0	1	4080 420
26	4409	1.0	1	3914 495
27	4429	1.0	1	3910 519
28	3996	1.0	1	3586 410
29	3752	1.0	1	3284 468
30	3279	1.0	1	2945 334
31	2981	1.0	1	2669 312
32	3045	1.0	1	2725 320
33	3107	1.0	1	2755 352
34	3148	1.0	1	2768 380
35	3061	1.0	1	2704 357
36	2889	1.0	1	2608 281
37	2988	1.0	1	2615 373
38	2796	1.0	1	2453 343
39	2700	1.0	1	2391 309
40	2811	1.0	1	2466 345
41	2650	1.0	1	2347 303
42	2964	1.0	1	2659 305
43	2373	1.0	1	2029 344
44	2643	1.0	1	2298 345
45	3788	1.0	1	3411 377
46	1281	1.0	1	1065 216
47	2075	1.0	1	1840 235
48	2919	1.0	1	2584 335
49	1806	1.0	1	1574 232
50	1593	1.0	1	1389 204
51	2200	1.0	1	1925 275
52	1678	1.0	1	1476 202
53	1322	1.0	1	1144 178
54	1670	1.0	1	1463 207
55	2156	1.0	1	1915 241
56	1494	1.0	1	1324 170
57	1812	1.0	1	1618 194
58	1481	1.0	1	1323 158
59	1844	1.0	1	1646 198
60	959	1.0	1	817 142
61	810	1.0	1	690 120
62	1554	1.0	1	1372 182
63	1254	1.0	1	1141 113
64	704	1.0	1	590 114
65	700	1.0	1	585 115
66	1782	1.0	1	1596 186
67	695	1.0	1	574 121
68	1010	1.0	1	899 111
69	692	1.0	1	589 103
70	608	1.0	1	482 126
71	172	1.0	1	95 77
72	227	1.0	1	158 69
73	446	1.0	1	363 83
74	817	1.0	1	706 111
75	2798	1.0	1	2632 166
76	793	1.0	1	675 118
77	1090	1.0	1	954 136
78	1310	1.0	1	1180 130
79	890	1.0	1	762 128
80	1038	1.0	1	913 125
81	957	1.0	1	811 146
82	2848	1.0	1	2633 215
83	2791	1.0	1	2604 187
84	2446	1.0	1	2216 230
85	12348	1.0	1	11820 528
86	16157	1.0	1	15601 556
87	1850	1.0	1	1693 157
88	1242	1.0	1	1114 128
89	924	1.0	1	830 94
90	851	1.0	1	742 109
91	773	1.0	1	654 119
92	1325	1.0	1	1204 121
93	1679	1.0	1	1542 137
94	791	1.0	1	676 115
95	1133	1.0	1	1033 100
96	4714	1.0	1	4515 199
97	747	1.0	1	651 96
98	537	1.0	1	460 77
99	518	1.0	1	437 81
100	527	1.0	1	443 84
101	434	1.0	1	350 84
102	500	1.0	1	403 97
103	593	1.0	1	512 81
104	1027	1.0	1	908 119
105	373	1.0	1	291 82
106	562	1.0	1	486 76
107	321	1.0	1	236 85
108	257	1.0	1	180 77
109	237	1.0	1	157 80
110	255	1.0	1	182 73
111	231	1.0	1	171 60
112	200	1.0	1	151 49
113	213	1.0	1	143 70
114	204	1.0	1	141 63
115	194	1.0	1	114 80
116	148	1.0	1	90 58
117	174	1.0	1	112 62
118	138	1.0	1	90 48
119	139	1.0	1	84 55
120	109	1.0	1	60 49
121	117	1.0	1	68 49
122	82	1.0	1	47 35
123	96	1.0	1	46 50
124	94	1.0	1	50 44
125	128	1.0	1	70 58
126	92	1.0	1	45 47
127	96	1.0	1	41 55
128	100	1.0	1	46 54
129	97	1.0	1	52 45
130	82	1.0	1	37 45
131	62	1.0	1	27 35
132	73	1.0	1	43 30
133	75	1.0	1	35 40
134	117	1.0	1	69 48
135	67	1.0	1	21 46
136	81	1.0	1	29 52
137	58	1.0	1	19 39
138	41	1.0	1	20 21
139	63	1.0	1	19 44
140	76	1.0	1	26 50
141	93	1.0	1	41 52
142	63	1.0	1	25 38
143	40	1.0	1	16 24
144	45	1.0	1	22 23
145	53	1.0	1	19 34
146	74	1.0	1	32 42
147	63	1.0	1	39 24
148	59	1.0	1	17 42
149	160	1.0	1	3 157
150	4274	1.0	1	30 4244

RUN STATISTICS FOR INPUT FILE: s158_R1_001.fastq.gz
=============================================
68177364 sequences processed in total

