
SUMMARISING RUN PARAMETERS
==========================
Input filename: s162_R1_001.fastq.gz
Trimming mode: paired-end
Trim Galore version: 0.6.10
Cutadapt version: 3.4
Number of cores used for trimming: 1
Quality Phred score cutoff: 20
Quality encoding type selected: ASCII+33
Using Illumina adapter for trimming (count: 10904). Second best hit was Nextera (count: 17)
Adapter sequence: 'AGATCGGAAGAGC' (Illumina TruSeq, Sanger iPCR; auto-detected)
Maximum trimming error rate: 0.1 (default)
Minimum required adapter overlap (stringency): 1 bp
Minimum required sequence length for both reads before a sequence pair gets removed: 20 bp
Running FastQC on the data once trimming has completed
Output file will be GZIP compressed


This is cutadapt 3.4 with Python 3.9.2
Command line parameters: -j 1 -e 0.1 -q 20 -O 1 -a AGATCGGAAGAGC s162_R1_001.fastq.gz
Processing reads on 1 core in single-end mode ...
Finished in 2052.65 s (55 µs/read; 1.09 M reads/minute).

=== Summary ===

Total reads processed:              37,172,221
Reads with adapters:                13,790,078 (37.1%)
Reads written (passing filters):    37,172,221 (100.0%)

Total basepairs processed: 5,575,833,150 bp
Quality-trimmed:              10,919,977 bp (0.2%)
Total written (filtered):  5,530,754,428 bp (99.2%)

=== Adapter 1 ===

Sequence: AGATCGGAAGAGC; Type: regular 3'; Length: 13; Trimmed: 13790078 times

No. of allowed errors:
1-9 bp: 0; 10-13 bp: 1

Bases preceding removed adapters:
  A: 37.0%
  C: 23.8%
  G: 16.5%
  T: 22.7%
  none/other: 0.0%

Overview of removed sequences
length	count	expect	max.err	error counts
1	10242516	9293055.2	0	10242516
2	2160378	2323263.8	0	2160378
3	696296	580816.0	0	696296
4	167528	145204.0	0	167528
5	43337	36301.0	0	43337
6	16688	9075.2	0	16688
7	11706	2268.8	0	11706
8	11391	567.2	0	11391
9	10595	141.8	0	9931 664
10	10939	35.5	1	9538 1401
11	11205	8.9	1	9959 1246
12	10847	2.2	1	10015 832
13	10041	0.6	1	9355 686
14	10865	0.6	1	10015 850
15	10689	0.6	1	10008 681
16	11240	0.6	1	10316 924
17	11366	0.6	1	10452 914
18	10382	0.6	1	9801 581
19	9733	0.6	1	9145 588
20	10293	0.6	1	9685 608
21	10315	0.6	1	9575 740
22	9589	0.6	1	9009 580
23	10260	0.6	1	9579 681
24	9870	0.6	1	9129 741
25	9272	0.6	1	8718 554
26	9121	0.6	1	8497 624
27	8732	0.6	1	8193 539
28	7421	0.6	1	6990 431
29	7195	0.6	1	6672 523
30	6166	0.6	1	5782 384
31	5785	0.6	1	5441 344
32	5800	0.6	1	5409 391
33	5786	0.6	1	5383 403
34	6106	0.6	1	5699 407
35	5722	0.6	1	5400 322
36	5615	0.6	1	5305 310
37	5813	0.6	1	5470 343
38	5824	0.6	1	5469 355
39	5969	0.6	1	5555 414
40	6184	0.6	1	5763 421
41	6005	0.6	1	5647 358
42	6944	0.6	1	6546 398
43	5262	0.6	1	4807 455
44	6547	0.6	1	6101 446
45	11041	0.6	1	10496 545
46	3463	0.6	1	3152 311
47	5816	0.6	1	5357 459
48	28690	0.6	1	27922 768
49	6385	0.6	1	6046 339
50	1031	0.6	1	874 157
51	6863	0.6	1	6563 300
52	4875	0.6	1	4632 243
53	766	0.6	1	668 98
54	2852	0.6	1	2709 143
55	6068	0.6	1	5899 169
56	1875	0.6	1	1757 118
57	1108	0.6	1	1023 85
58	835	0.6	1	745 90
59	2376	0.6	1	2274 102
60	330	0.6	1	283 47
61	588	0.6	1	511 77
62	2499	0.6	1	2388 111
63	629	0.6	1	554 75
64	466	0.6	1	397 69
65	844	0.6	1	764 80
66	2315	0.6	1	2211 104
67	284	0.6	1	210 74
68	567	0.6	1	498 69
69	725	0.6	1	653 72
70	693	0.6	1	634 59
71	163	0.6	1	121 42
72	215	0.6	1	156 59
73	531	0.6	1	472 59
74	988	0.6	1	918 70
75	1309	0.6	1	1243 66
76	1558	0.6	1	1487 71
77	1773	0.6	1	1687 86
78	1699	0.6	1	1614 85
79	1812	0.6	1	1725 87
80	1964	0.6	1	1852 112
81	1839	0.6	1	1755 84
82	1739	0.6	1	1633 106
83	1716	0.6	1	1622 94
84	1557	0.6	1	1455 102
85	1380	0.6	1	1303 77
86	1283	0.6	1	1216 67
87	1334	0.6	1	1247 87
88	1341	0.6	1	1253 88
89	1175	0.6	1	1113 62
90	1167	0.6	1	1085 82
91	1152	0.6	1	1086 66
92	1025	0.6	1	973 52
93	1007	0.6	1	935 72
94	964	0.6	1	902 62
95	924	0.6	1	864 60
96	868	0.6	1	805 63
97	844	0.6	1	798 46
98	869	0.6	1	814 55
99	811	0.6	1	748 63
100	774	0.6	1	708 66
101	752	0.6	1	693 59
102	657	0.6	1	590 67
103	556	0.6	1	512 44
104	646	0.6	1	593 53
105	464	0.6	1	415 49
106	379	0.6	1	326 53
107	406	0.6	1	374 32
108	434	0.6	1	395 39
109	405	0.6	1	368 37
110	364	0.6	1	324 40
111	377	0.6	1	339 38
112	327	0.6	1	277 50
113	278	0.6	1	249 29
114	283	0.6	1	243 40
115	251	0.6	1	217 34
116	183	0.6	1	154 29
117	194	0.6	1	157 37
118	173	0.6	1	134 39
119	142	0.6	1	117 25
120	106	0.6	1	85 21
121	117	0.6	1	91 26
122	102	0.6	1	71 31
123	93	0.6	1	64 29
124	75	0.6	1	50 25
125	69	0.6	1	50 19
126	71	0.6	1	35 36
127	62	0.6	1	26 36
128	59	0.6	1	29 30
129	52	0.6	1	31 21
130	46	0.6	1	11 35
131	34	0.6	1	14 20
132	55	0.6	1	26 29
133	31	0.6	1	16 15
134	52	0.6	1	27 25
135	25	0.6	1	6 19
136	33	0.6	1	15 18
137	21	0.6	1	14 7
138	29	0.6	1	15 14
139	25	0.6	1	9 16
140	38	0.6	1	17 21
141	41	0.6	1	18 23
142	28	0.6	1	12 16
143	39	0.6	1	10 29
144	23	0.6	1	7 16
145	26	0.6	1	9 17
146	42	0.6	1	17 25
147	52	0.6	1	24 28
148	29	0.6	1	4 25
149	58	0.6	1	1 57
150	2171	0.6	1	18 2153

RUN STATISTICS FOR INPUT FILE: s162_R1_001.fastq.gz
=============================================
37172221 sequences processed in total

