
SUMMARISING RUN PARAMETERS
==========================
Input filename: s165_R2_001.fastq.gz
Trimming mode: paired-end
Trim Galore version: 0.6.10
Cutadapt version: 3.4
Number of cores used for trimming: 1
Quality Phred score cutoff: 20
Quality encoding type selected: ASCII+33
Using Illumina adapter for trimming (count: 9004). Second best hit was Nextera (count: 14)
Adapter sequence: 'AGATCGGAAGAGC' (Illumina TruSeq, Sanger iPCR; auto-detected)
Maximum trimming error rate: 0.1 (default)
Minimum required adapter overlap (stringency): 1 bp
Minimum required sequence length for both reads before a sequence pair gets removed: 20 bp
Running FastQC on the data once trimming has completed
Output file will be GZIP compressed


This is cutadapt 3.4 with Python 3.9.2
Command line parameters: -j 1 -e 0.1 -q 20 -O 1 -a AGATCGGAAGAGC s165_R2_001.fastq.gz
Processing reads on 1 core in single-end mode ...
Finished in 2596.71 s (60 µs/read; 1.00 M reads/minute).

=== Summary ===

Total reads processed:              43,473,566
Reads with adapters:                15,576,183 (35.8%)
Reads written (passing filters):    43,473,566 (100.0%)

Total basepairs processed: 6,521,034,900 bp
Quality-trimmed:              19,892,618 bp (0.3%)
Total written (filtered):  6,464,014,941 bp (99.1%)

=== Adapter 1 ===

Sequence: AGATCGGAAGAGC; Type: regular 3'; Length: 13; Trimmed: 15576183 times

No. of allowed errors:
1-9 bp: 0; 10-13 bp: 1

Bases preceding removed adapters:
  A: 35.3%
  C: 25.1%
  G: 18.2%
  T: 21.5%
  none/other: 0.0%

Overview of removed sequences
length	count	expect	max.err	error counts
1	11432998	10868391.5	0	11432998
2	2587910	2717097.9	0	2587910
3	808691	679274.5	0	808691
4	196600	169818.6	0	196600
5	53515	42454.7	0	53515
6	20764	10613.7	0	20764
7	13971	2653.4	0	13971
8	13688	663.4	0	13688
9	9834	165.8	0	9030 804
10	12650	41.5	1	10491 2159
11	12053	10.4	1	10281 1772
12	12305	2.6	1	10753 1552
13	10947	0.6	1	9655 1292
14	12443	0.6	1	10930 1513
15	11136	0.6	1	9995 1141
16	11950	0.6	1	10732 1218
17	13692	0.6	1	12298 1394
18	8646	0.6	1	7851 795
19	14034	0.6	1	12625 1409
20	9579	0.6	1	8673 906
21	9088	0.6	1	8196 892
22	10317	0.6	1	9196 1121
23	10153	0.6	1	9197 956
24	12559	0.6	1	11341 1218
25	11323	0.6	1	10385 938
26	7527	0.6	1	6788 739
27	6945	0.6	1	6346 599
28	8432	0.6	1	7714 718
29	6886	0.6	1	6255 631
30	7548	0.6	1	6891 657
31	4804	0.6	1	4359 445
32	6760	0.6	1	6105 655
33	5440	0.6	1	4896 544
34	4999	0.6	1	4590 409
35	5737	0.6	1	5228 509
36	7112	0.6	1	6475 637
37	6495	0.6	1	5971 524
38	4722	0.6	1	4306 416
39	5607	0.6	1	5084 523
40	5618	0.6	1	5149 469
41	5535	0.6	1	5088 447
42	5772	0.6	1	5248 524
43	5039	0.6	1	4627 412
44	5781	0.6	1	5344 437
45	5672	0.6	1	5231 441
46	5569	0.6	1	5163 406
47	5247	0.6	1	4792 455
48	4725	0.6	1	4381 344
49	4462	0.6	1	4133 329
50	4025	0.6	1	3705 320
51	3812	0.6	1	3497 315
52	3557	0.6	1	3275 282
53	3468	0.6	1	3160 308
54	3612	0.6	1	3316 296
55	3079	0.6	1	2818 261
56	3578	0.6	1	3269 309
57	4753	0.6	1	4380 373
58	3006	0.6	1	2739 267
59	2996	0.6	1	2775 221
60	4194	0.6	1	3861 333
61	2705	0.6	1	2492 213
62	2066	0.6	1	1878 188
63	4268	0.6	1	3887 381
64	1899	0.6	1	1694 205
65	1455	0.6	1	1293 162
66	1454	0.6	1	1312 142
67	2026	0.6	1	1842 184
68	2065	0.6	1	1868 197
69	1733	0.6	1	1574 159
70	1897	0.6	1	1741 156
71	1750	0.6	1	1594 156
72	1529	0.6	1	1391 138
73	2358	0.6	1	2199 159
74	1709	0.6	1	1577 132
75	1676	0.6	1	1551 125
76	1009	0.6	1	883 126
77	1114	0.6	1	1006 108
78	1396	0.6	1	1275 121
79	1547	0.6	1	1429 118
80	1539	0.6	1	1393 146
81	1606	0.6	1	1460 146
82	1616	0.6	1	1482 134
83	1596	0.6	1	1456 140
84	1464	0.6	1	1337 127
85	1439	0.6	1	1297 142
86	1330	0.6	1	1221 109
87	1268	0.6	1	1139 129
88	1226	0.6	1	1109 117
89	1128	0.6	1	1007 121
90	1246	0.6	1	1120 126
91	1102	0.6	1	993 109
92	1054	0.6	1	947 107
93	1072	0.6	1	951 121
94	947	0.6	1	841 106
95	991	0.6	1	886 105
96	901	0.6	1	798 103
97	982	0.6	1	889 93
98	1023	0.6	1	918 105
99	981	0.6	1	901 80
100	965	0.6	1	867 98
101	981	0.6	1	880 101
102	745	0.6	1	669 76
103	712	0.6	1	643 69
104	689	0.6	1	614 75
105	624	0.6	1	560 64
106	571	0.6	1	492 79
107	544	0.6	1	459 85
108	590	0.6	1	524 66
109	547	0.6	1	486 61
110	559	0.6	1	481 78
111	524	0.6	1	456 68
112	489	0.6	1	421 68
113	445	0.6	1	380 65
114	398	0.6	1	343 55
115	319	0.6	1	255 64
116	311	0.6	1	249 62
117	252	0.6	1	195 57
118	233	0.6	1	183 50
119	201	0.6	1	147 54
120	171	0.6	1	112 59
121	147	0.6	1	97 50
122	140	0.6	1	86 54
123	125	0.6	1	68 57
124	94	0.6	1	54 40
125	92	0.6	1	46 46
126	62	0.6	1	30 32
127	64	0.6	1	25 39
128	70	0.6	1	26 44
129	66	0.6	1	32 34
130	52	0.6	1	14 38
131	41	0.6	1	11 30
132	62	0.6	1	16 46
133	43	0.6	1	14 29
134	60	0.6	1	18 42
135	33	0.6	1	10 23
136	35	0.6	1	11 24
137	47	0.6	1	11 36
138	38	0.6	1	11 27
139	34	0.6	1	6 28
140	54	0.6	1	12 42
141	37	0.6	1	10 27
142	33	0.6	1	11 22
143	43	0.6	1	18 25
144	45	0.6	1	15 30
145	55	0.6	1	14 41
146	53	0.6	1	14 39
147	49	0.6	1	13 36
148	24	0.6	1	6 18
149	33	0.6	1	0 33
150	55	0.6	1	11 44

RUN STATISTICS FOR INPUT FILE: s165_R2_001.fastq.gz
=============================================
43473566 sequences processed in total

Total number of sequences analysed for the sequence pair length validation: 43473566

Number of sequence pairs removed because at least one read was shorter than the length cutoff (20 bp): 17891 (0.04%)
