
SUMMARISING RUN PARAMETERS
==========================
Input filename: s166_R1_001.fastq.gz
Trimming mode: paired-end
Trim Galore version: 0.6.10
Cutadapt version: 3.4
Number of cores used for trimming: 1
Quality Phred score cutoff: 20
Quality encoding type selected: ASCII+33
Using Illumina adapter for trimming (count: 3048). Second best hit was Nextera (count: 8)
Adapter sequence: 'AGATCGGAAGAGC' (Illumina TruSeq, Sanger iPCR; auto-detected)
Maximum trimming error rate: 0.1 (default)
Minimum required adapter overlap (stringency): 1 bp
Minimum required sequence length for both reads before a sequence pair gets removed: 20 bp
Running FastQC on the data once trimming has completed
Output file will be GZIP compressed


This is cutadapt 3.4 with Python 3.9.2
Command line parameters: -j 1 -e 0.1 -q 20 -O 1 -a AGATCGGAAGAGC s166_R1_001.fastq.gz
Processing reads on 1 core in single-end mode ...
Finished in 1641.66 s (54 µs/read; 1.11 M reads/minute).

=== Summary ===

Total reads processed:              30,306,683
Reads with adapters:                11,232,181 (37.1%)
Reads written (passing filters):    30,306,683 (100.0%)

Total basepairs processed: 4,546,002,450 bp
Quality-trimmed:               8,504,820 bp (0.2%)
Total written (filtered):  4,519,099,084 bp (99.4%)

=== Adapter 1 ===

Sequence: AGATCGGAAGAGC; Type: regular 3'; Length: 13; Trimmed: 11232181 times

No. of allowed errors:
1-9 bp: 0; 10-13 bp: 1

Bases preceding removed adapters:
  A: 37.3%
  C: 23.4%
  G: 16.2%
  T: 23.1%
  none/other: 0.0%

Overview of removed sequences
length	count	expect	max.err	error counts
1	8656184	7576670.8	0	8656184
2	1711188	1894167.7	0	1711188
3	560312	473541.9	0	560312
4	131377	118385.5	0	131377
5	28820	29596.4	0	28820
6	8762	7399.1	0	8762
7	5708	1849.8	0	5708
8	5684	462.4	0	5684
9	5266	115.6	0	4806 460
10	5425	28.9	1	4427 998
11	5477	7.2	1	4749 728
12	4961	1.8	1	4515 446
13	4233	0.5	1	3948 285
14	4276	0.5	1	3909 367
15	3996	0.5	1	3702 294
16	4060	0.5	1	3692 368
17	4177	0.5	1	3796 381
18	3611	0.5	1	3385 226
19	3278	0.5	1	3038 240
20	3408	0.5	1	3158 250
21	3295	0.5	1	3036 259
22	3046	0.5	1	2824 222
23	3035	0.5	1	2805 230
24	2931	0.5	1	2688 243
25	2751	0.5	1	2569 182
26	2642	0.5	1	2440 202
27	2579	0.5	1	2382 197
28	2351	0.5	1	2188 163
29	2375	0.5	1	2132 243
30	2200	0.5	1	2029 171
31	2082	0.5	1	1920 162
32	1917	0.5	1	1780 137
33	1844	0.5	1	1683 161
34	1955	0.5	1	1793 162
35	1684	0.5	1	1513 171
36	1657	0.5	1	1543 114
37	1594	0.5	1	1424 170
38	1414	0.5	1	1289 125
39	1432	0.5	1	1308 124
40	1370	0.5	1	1237 133
41	1421	0.5	1	1290 131
42	1389	0.5	1	1286 103
43	1039	0.5	1	914 125
44	1081	0.5	1	970 111
45	1675	0.5	1	1531 144
46	495	0.5	1	427 68
47	868	0.5	1	789 79
48	1459	0.5	1	1331 128
49	818	0.5	1	730 88
50	620	0.5	1	548 72
51	1042	0.5	1	933 109
52	735	0.5	1	647 88
53	436	0.5	1	363 73
54	741	0.5	1	673 68
55	1035	0.5	1	962 73
56	490	0.5	1	440 50
57	597	0.5	1	557 40
58	417	0.5	1	362 55
59	601	0.5	1	563 38
60	222	0.5	1	188 34
61	231	0.5	1	175 56
62	590	0.5	1	539 51
63	381	0.5	1	336 45
64	215	0.5	1	172 43
65	258	0.5	1	211 47
66	597	0.5	1	533 64
67	154	0.5	1	120 34
68	307	0.5	1	267 40
69	178	0.5	1	152 26
70	140	0.5	1	102 38
71	62	0.5	1	28 34
72	77	0.5	1	45 32
73	143	0.5	1	112 31
74	205	0.5	1	166 39
75	188	0.5	1	157 31
76	228	0.5	1	195 33
77	204	0.5	1	168 36
78	203	0.5	1	156 47
79	157	0.5	1	122 35
80	173	0.5	1	139 34
81	181	0.5	1	142 39
82	151	0.5	1	114 37
83	149	0.5	1	112 37
84	135	0.5	1	104 31
85	152	0.5	1	110 42
86	133	0.5	1	92 41
87	161	0.5	1	117 44
88	149	0.5	1	105 44
89	127	0.5	1	90 37
90	132	0.5	1	102 30
91	111	0.5	1	75 36
92	93	0.5	1	66 27
93	117	0.5	1	89 28
94	107	0.5	1	63 44
95	126	0.5	1	81 45
96	108	0.5	1	66 42
97	94	0.5	1	68 26
98	107	0.5	1	67 40
99	85	0.5	1	61 24
100	90	0.5	1	61 29
101	84	0.5	1	58 26
102	90	0.5	1	51 39
103	103	0.5	1	63 40
104	181	0.5	1	151 30
105	79	0.5	1	44 35
106	81	0.5	1	45 36
107	54	0.5	1	36 18
108	75	0.5	1	50 25
109	62	0.5	1	38 24
110	67	0.5	1	46 21
111	63	0.5	1	42 21
112	90	0.5	1	53 37
113	53	0.5	1	32 21
114	57	0.5	1	32 25
115	50	0.5	1	31 19
116	48	0.5	1	24 24
117	66	0.5	1	32 34
118	55	0.5	1	32 23
119	60	0.5	1	31 29
120	40	0.5	1	25 15
121	42	0.5	1	17 25
122	37	0.5	1	16 21
123	49	0.5	1	33 16
124	61	0.5	1	26 35
125	32	0.5	1	19 13
126	45	0.5	1	23 22
127	39	0.5	1	18 21
128	33	0.5	1	18 15
129	28	0.5	1	11 17
130	45	0.5	1	21 24
131	18	0.5	1	10 8
132	27	0.5	1	11 16
133	32	0.5	1	14 18
134	24	0.5	1	13 11
135	18	0.5	1	8 10
136	21	0.5	1	6 15
137	14	0.5	1	6 8
138	26	0.5	1	9 17
139	26	0.5	1	9 17
140	19	0.5	1	6 13
141	16	0.5	1	4 12
142	12	0.5	1	5 7
143	14	0.5	1	9 5
144	20	0.5	1	5 15
145	19	0.5	1	4 15
146	24	0.5	1	8 16
147	22	0.5	1	12 10
148	11	0.5	1	1 10
149	24	0.5	1	1 23
150	1188	0.5	1	7 1181

RUN STATISTICS FOR INPUT FILE: s166_R1_001.fastq.gz
=============================================
30306683 sequences processed in total

