
SUMMARISING RUN PARAMETERS
==========================
Input filename: s175_R1_001.fastq.gz
Trimming mode: paired-end
Trim Galore version: 0.6.10
Cutadapt version: 3.4
Number of cores used for trimming: 1
Quality Phred score cutoff: 20
Quality encoding type selected: ASCII+33
Using Illumina adapter for trimming (count: 4278). Second best hit was Nextera (count: 15)
Adapter sequence: 'AGATCGGAAGAGC' (Illumina TruSeq, Sanger iPCR; auto-detected)
Maximum trimming error rate: 0.1 (default)
Minimum required adapter overlap (stringency): 1 bp
Minimum required sequence length for both reads before a sequence pair gets removed: 20 bp
Running FastQC on the data once trimming has completed
Output file will be GZIP compressed


This is cutadapt 3.4 with Python 3.9.2
Command line parameters: -j 1 -e 0.1 -q 20 -O 1 -a AGATCGGAAGAGC s175_R1_001.fastq.gz
Processing reads on 1 core in single-end mode ...
Finished in 1560.48 s (53 µs/read; 1.13 M reads/minute).

=== Summary ===

Total reads processed:              29,501,898
Reads with adapters:                10,673,533 (36.2%)
Reads written (passing filters):    29,501,898 (100.0%)

Total basepairs processed: 4,425,284,700 bp
Quality-trimmed:               8,266,202 bp (0.2%)
Total written (filtered):  4,398,008,033 bp (99.4%)

=== Adapter 1 ===

Sequence: AGATCGGAAGAGC; Type: regular 3'; Length: 13; Trimmed: 10673533 times

No. of allowed errors:
1-9 bp: 0; 10-13 bp: 1

Bases preceding removed adapters:
  A: 36.3%
  C: 24.8%
  G: 17.5%
  T: 21.4%
  none/other: 0.0%

Overview of removed sequences
length	count	expect	max.err	error counts
1	8088374	7375474.5	0	8088374
2	1687255	1843868.6	0	1687255
3	541861	460967.2	0	541861
4	127469	115241.8	0	127469
5	32082	28810.4	0	32082
6	11737	7202.6	0	11737
7	8019	1800.7	0	8019
8	7883	450.2	0	7883
9	6976	112.5	0	6501 475
10	7267	28.1	1	6160 1107
11	7260	7.0	1	6322 938
12	7016	1.8	1	6481 535
13	5800	0.4	1	5434 366
14	5947	0.4	1	5478 469
15	5665	0.4	1	5274 391
16	5565	0.4	1	5117 448
17	5681	0.4	1	5224 457
18	4932	0.4	1	4627 305
19	4606	0.4	1	4347 259
20	4653	0.4	1	4332 321
21	4553	0.4	1	4232 321
22	4141	0.4	1	3888 253
23	4154	0.4	1	3882 272
24	4046	0.4	1	3699 347
25	3790	0.4	1	3553 237
26	3665	0.4	1	3428 237
27	3529	0.4	1	3293 236
28	3191	0.4	1	3001 190
29	3189	0.4	1	2917 272
30	2995	0.4	1	2821 174
31	2770	0.4	1	2593 177
32	2835	0.4	1	2649 186
33	2648	0.4	1	2454 194
34	2696	0.4	1	2498 198
35	2419	0.4	1	2248 171
36	2174	0.4	1	2045 129
37	2302	0.4	1	2111 191
38	1999	0.4	1	1859 140
39	1984	0.4	1	1857 127
40	1922	0.4	1	1777 145
41	1904	0.4	1	1767 137
42	1838	0.4	1	1718 120
43	1523	0.4	1	1374 149
44	1589	0.4	1	1459 130
45	2425	0.4	1	2282 143
46	727	0.4	1	653 74
47	1104	0.4	1	1017 87
48	2226	0.4	1	2078 148
49	1093	0.4	1	1006 87
50	709	0.4	1	638 71
51	1368	0.4	1	1278 90
52	992	0.4	1	910 82
53	641	0.4	1	581 60
54	999	0.4	1	919 80
55	1644	0.4	1	1558 86
56	658	0.4	1	603 55
57	855	0.4	1	803 52
58	597	0.4	1	528 69
59	817	0.4	1	761 56
60	307	0.4	1	275 32
61	278	0.4	1	233 45
62	845	0.4	1	788 57
63	505	0.4	1	457 48
64	229	0.4	1	205 24
65	340	0.4	1	284 56
66	831	0.4	1	773 58
67	240	0.4	1	192 48
68	384	0.4	1	359 25
69	244	0.4	1	203 41
70	194	0.4	1	158 36
71	73	0.4	1	40 33
72	114	0.4	1	69 45
73	186	0.4	1	169 17
74	227	0.4	1	190 37
75	242	0.4	1	214 28
76	273	0.4	1	235 38
77	254	0.4	1	210 44
78	250	0.4	1	212 38
79	191	0.4	1	149 42
80	217	0.4	1	176 41
81	219	0.4	1	182 37
82	195	0.4	1	157 38
83	206	0.4	1	159 47
84	183	0.4	1	150 33
85	165	0.4	1	126 39
86	163	0.4	1	135 28
87	155	0.4	1	123 32
88	147	0.4	1	113 34
89	143	0.4	1	109 34
90	135	0.4	1	99 36
91	151	0.4	1	104 47
92	122	0.4	1	89 33
93	132	0.4	1	100 32
94	138	0.4	1	94 44
95	107	0.4	1	73 34
96	124	0.4	1	81 43
97	109	0.4	1	73 36
98	107	0.4	1	76 31
99	71	0.4	1	45 26
100	106	0.4	1	65 41
101	69	0.4	1	44 25
102	81	0.4	1	48 33
103	87	0.4	1	50 37
104	187	0.4	1	148 39
105	77	0.4	1	50 27
106	67	0.4	1	36 31
107	79	0.4	1	48 31
108	59	0.4	1	29 30
109	71	0.4	1	35 36
110	59	0.4	1	30 29
111	52	0.4	1	28 24
112	57	0.4	1	29 28
113	50	0.4	1	26 24
114	76	0.4	1	32 44
115	54	0.4	1	26 28
116	52	0.4	1	32 20
117	51	0.4	1	27 24
118	62	0.4	1	23 39
119	38	0.4	1	17 21
120	47	0.4	1	18 29
121	46	0.4	1	19 27
122	43	0.4	1	17 26
123	40	0.4	1	23 17
124	41	0.4	1	10 31
125	36	0.4	1	22 14
126	44	0.4	1	21 23
127	34	0.4	1	13 21
128	43	0.4	1	15 28
129	33	0.4	1	6 27
130	31	0.4	1	11 20
131	25	0.4	1	9 16
132	36	0.4	1	8 28
133	27	0.4	1	8 19
134	30	0.4	1	8 22
135	36	0.4	1	9 27
136	23	0.4	1	8 15
137	28	0.4	1	9 19
138	24	0.4	1	3 21
139	16	0.4	1	6 10
140	26	0.4	1	3 23
141	14	0.4	1	6 8
142	21	0.4	1	7 14
143	18	0.4	1	7 11
144	14	0.4	1	7 7
145	9	0.4	1	2 7
146	18	0.4	1	5 13
147	35	0.4	1	11 24
148	19	0.4	1	2 17
149	19	0.4	1	0 19
150	1268	0.4	1	7 1261

RUN STATISTICS FOR INPUT FILE: s175_R1_001.fastq.gz
=============================================
29501898 sequences processed in total

