
SUMMARISING RUN PARAMETERS
==========================
Input filename: s001_R1_001.fastq.gz
Trimming mode: paired-end
Trim Galore version: 0.6.10
Cutadapt version: 3.4
Number of cores used for trimming: 1
Quality Phred score cutoff: 20
Quality encoding type selected: ASCII+33
Using Illumina adapter for trimming (count: 4539). Second best hit was Nextera (count: 2)
Adapter sequence: 'AGATCGGAAGAGC' (Illumina TruSeq, Sanger iPCR; auto-detected)
Maximum trimming error rate: 0.1 (default)
Minimum required adapter overlap (stringency): 1 bp
Minimum required sequence length for both reads before a sequence pair gets removed: 20 bp
Running FastQC on the data once trimming has completed
Output file will be GZIP compressed


This is cutadapt 3.4 with Python 3.9.2
Command line parameters: -j 1 -e 0.1 -q 20 -O 1 -a AGATCGGAAGAGC s001_R1_001.fastq.gz
Processing reads on 1 core in single-end mode ...
Finished in 1753.64 s (71 µs/read; 0.84 M reads/minute).

=== Summary ===

Total reads processed:              24,550,282
Reads with adapters:                 8,688,768 (35.4%)
Reads written (passing filters):    24,550,282 (100.0%)

Total basepairs processed: 3,682,542,300 bp
Quality-trimmed:               7,353,558 bp (0.2%)
Total written (filtered):  3,658,182,037 bp (99.3%)

=== Adapter 1 ===

Sequence: AGATCGGAAGAGC; Type: regular 3'; Length: 13; Trimmed: 8688768 times

No. of allowed errors:
1-9 bp: 0; 10-13 bp: 1

Bases preceding removed adapters:
  A: 37.5%
  C: 22.7%
  G: 19.0%
  T: 20.8%
  none/other: 0.0%

Overview of removed sequences
length	count	expect	max.err	error counts
1	6546559	6137570.5	0	6546559
2	1448396	1534392.6	0	1448396
3	417086	383598.2	0	417086
4	82176	95899.5	0	82176
5	20981	23974.9	0	20981
6	9025	5993.7	0	9025
7	5812	1498.4	0	5812
8	6024	374.6	0	6024
9	5104	93.7	0	4715 389
10	5514	23.4	1	4726 788
11	5320	5.9	1	4539 781
12	5328	1.5	1	4647 681
13	4527	0.4	1	4118 409
14	4565	0.4	1	4149 416
15	4195	0.4	1	3844 351
16	4244	0.4	1	3770 474
17	4148	0.4	1	3667 481
18	3810	0.4	1	3460 350
19	3301	0.4	1	3033 268
20	3575	0.4	1	3260 315
21	3391	0.4	1	3067 324
22	3234	0.4	1	2949 285
23	3225	0.4	1	2924 301
24	3013	0.4	1	2687 326
25	2775	0.4	1	2516 259
26	2853	0.4	1	2579 274
27	2946	0.4	1	2643 303
28	2602	0.4	1	2357 245
29	2485	0.4	1	2205 280
30	2470	0.4	1	2250 220
31	2244	0.4	1	2039 205
32	2246	0.4	1	2021 225
33	2246	0.4	1	1975 271
34	2399	0.4	1	2102 297
35	2035	0.4	1	1813 222
36	1902	0.4	1	1695 207
37	1969	0.4	1	1754 215
38	1713	0.4	1	1542 171
39	1670	0.4	1	1484 186
40	1774	0.4	1	1549 225
41	1798	0.4	1	1597 201
42	1747	0.4	1	1566 181
43	1553	0.4	1	1335 218
44	1461	0.4	1	1277 184
45	2290	0.4	1	2055 235
46	615	0.4	1	486 129
47	1088	0.4	1	955 133
48	2077	0.4	1	1839 238
49	1248	0.4	1	1075 173
50	794	0.4	1	679 115
51	1463	0.4	1	1309 154
52	1224	0.4	1	1084 140
53	745	0.4	1	656 89
54	1056	0.4	1	935 121
55	1879	0.4	1	1723 156
56	913	0.4	1	808 105
57	1142	0.4	1	1066 76
58	810	0.4	1	712 98
59	892	0.4	1	793 99
60	433	0.4	1	374 59
61	384	0.4	1	318 66
62	1196	0.4	1	1061 135
63	706	0.4	1	622 84
64	397	0.4	1	330 67
65	463	0.4	1	393 70
66	1374	0.4	1	1235 139
67	329	0.4	1	281 48
68	522	0.4	1	469 53
69	301	0.4	1	253 48
70	277	0.4	1	221 56
71	121	0.4	1	78 43
72	190	0.4	1	153 37
73	332	0.4	1	295 37
74	416	0.4	1	368 48
75	435	0.4	1	373 62
76	487	0.4	1	425 62
77	448	0.4	1	386 62
78	447	0.4	1	387 60
79	441	0.4	1	369 72
80	461	0.4	1	391 70
81	458	0.4	1	390 68
82	415	0.4	1	360 55
83	410	0.4	1	354 56
84	395	0.4	1	339 56
85	419	0.4	1	348 71
86	414	0.4	1	362 52
87	383	0.4	1	306 77
88	357	0.4	1	309 48
89	361	0.4	1	312 49
90	368	0.4	1	312 56
91	351	0.4	1	296 55
92	321	0.4	1	258 63
93	337	0.4	1	275 62
94	335	0.4	1	283 52
95	313	0.4	1	262 51
96	289	0.4	1	245 44
97	285	0.4	1	232 53
98	289	0.4	1	245 44
99	260	0.4	1	210 50
100	275	0.4	1	228 47
101	264	0.4	1	222 42
102	259	0.4	1	214 45
103	228	0.4	1	188 40
104	236	0.4	1	199 37
105	216	0.4	1	178 38
106	190	0.4	1	163 27
107	179	0.4	1	147 32
108	207	0.4	1	169 38
109	197	0.4	1	169 28
110	190	0.4	1	166 24
111	180	0.4	1	141 39
112	172	0.4	1	130 42
113	133	0.4	1	111 22
114	160	0.4	1	139 21
115	151	0.4	1	121 30
116	165	0.4	1	137 28
117	162	0.4	1	129 33
118	120	0.4	1	97 23
119	121	0.4	1	99 22
120	138	0.4	1	120 18
121	120	0.4	1	99 21
122	120	0.4	1	102 18
123	123	0.4	1	101 22
124	110	0.4	1	93 17
125	97	0.4	1	85 12
126	108	0.4	1	91 17
127	104	0.4	1	83 21
128	111	0.4	1	93 18
129	84	0.4	1	73 11
130	101	0.4	1	86 15
131	55	0.4	1	45 10
132	103	0.4	1	94 9
133	87	0.4	1	80 7
134	61	0.4	1	55 6
135	69	0.4	1	61 8
136	49	0.4	1	45 4
137	43	0.4	1	39 4
138	50	0.4	1	44 6
139	36	0.4	1	29 7
140	48	0.4	1	41 7
141	38	0.4	1	34 4
142	41	0.4	1	32 9
143	29	0.4	1	21 8
144	33	0.4	1	29 4
145	33	0.4	1	31 2
146	54	0.4	1	49 5
147	44	0.4	1	34 10
148	44	0.4	1	39 5
149	42	0.4	1	17 25
150	2191	0.4	1	33 2158

RUN STATISTICS FOR INPUT FILE: s001_R1_001.fastq.gz
=============================================
24550282 sequences processed in total

