
SUMMARISING RUN PARAMETERS
==========================
Input filename: s005_R1_001.fastq.gz
Trimming mode: paired-end
Trim Galore version: 0.6.10
Cutadapt version: 3.4
Number of cores used for trimming: 1
Quality Phred score cutoff: 20
Quality encoding type selected: ASCII+33
Using Illumina adapter for trimming (count: 2765). Second best hit was Nextera (count: 8)
Adapter sequence: 'AGATCGGAAGAGC' (Illumina TruSeq, Sanger iPCR; auto-detected)
Maximum trimming error rate: 0.1 (default)
Minimum required adapter overlap (stringency): 1 bp
Minimum required sequence length for both reads before a sequence pair gets removed: 20 bp
Running FastQC on the data once trimming has completed
Output file will be GZIP compressed


This is cutadapt 3.4 with Python 3.9.2
Command line parameters: -j 1 -e 0.1 -q 20 -O 1 -a AGATCGGAAGAGC s005_R1_001.fastq.gz
Processing reads on 1 core in single-end mode ...
Finished in 2011.87 s (76 µs/read; 0.79 M reads/minute).

=== Summary ===

Total reads processed:              26,525,495
Reads with adapters:                 9,750,153 (36.8%)
Reads written (passing filters):    26,525,495 (100.0%)

Total basepairs processed: 3,978,824,250 bp
Quality-trimmed:               7,427,384 bp (0.2%)
Total written (filtered):  3,955,702,421 bp (99.4%)

=== Adapter 1 ===

Sequence: AGATCGGAAGAGC; Type: regular 3'; Length: 13; Trimmed: 9750153 times

No. of allowed errors:
1-9 bp: 0; 10-13 bp: 1

Bases preceding removed adapters:
  A: 37.3%
  C: 23.9%
  G: 16.6%
  T: 22.2%
  none/other: 0.0%

Overview of removed sequences
length	count	expect	max.err	error counts
1	7501627	6631373.8	0	7501627
2	1503224	1657843.4	0	1503224
3	492056	414460.9	0	492056
4	114058	103615.2	0	114058
5	25381	25903.8	0	25381
6	7614	6476.0	0	7614
7	4521	1619.0	0	4521
8	4467	404.7	0	4467
9	4121	101.2	0	3722 399
10	4326	25.3	1	3489 837
11	4072	6.3	1	3492 580
12	3794	1.6	1	3437 357
13	3192	0.4	1	2993 199
14	3332	0.4	1	3073 259
15	3198	0.4	1	2970 228
16	3188	0.4	1	2935 253
17	3164	0.4	1	2896 268
18	2786	0.4	1	2602 184
19	2489	0.4	1	2339 150
20	2570	0.4	1	2403 167
21	2479	0.4	1	2292 187
22	2380	0.4	1	2235 145
23	2330	0.4	1	2121 209
24	2283	0.4	1	2104 179
25	2104	0.4	1	1966 138
26	2032	0.4	1	1879 153
27	2016	0.4	1	1859 157
28	1788	0.4	1	1662 126
29	1879	0.4	1	1722 157
30	1710	0.4	1	1625 85
31	1673	0.4	1	1553 120
32	1557	0.4	1	1464 93
33	1501	0.4	1	1400 101
34	1457	0.4	1	1332 125
35	1336	0.4	1	1235 101
36	1216	0.4	1	1143 73
37	1310	0.4	1	1210 100
38	1189	0.4	1	1102 87
39	1068	0.4	1	987 81
40	1151	0.4	1	1071 80
41	1145	0.4	1	1038 107
42	1023	0.4	1	964 59
43	1101	0.4	1	997 104
44	831	0.4	1	734 97
45	1632	0.4	1	1528 104
46	414	0.4	1	367 47
47	754	0.4	1	674 80
48	2987	0.4	1	2856 131
49	803	0.4	1	733 70
50	251	0.4	1	198 53
51	899	0.4	1	836 63
52	578	0.4	1	525 53
53	160	0.4	1	132 28
54	584	0.4	1	539 45
55	934	0.4	1	888 46
56	260	0.4	1	221 39
57	239	0.4	1	209 30
58	153	0.4	1	125 28
59	346	0.4	1	309 37
60	91	0.4	1	65 26
61	92	0.4	1	67 25
62	368	0.4	1	323 45
63	135	0.4	1	106 29
64	76	0.4	1	55 21
65	150	0.4	1	121 29
66	392	0.4	1	344 48
67	58	0.4	1	34 24
68	113	0.4	1	87 26
69	85	0.4	1	73 12
70	102	0.4	1	87 15
71	36	0.4	1	12 24
72	64	0.4	1	35 29
73	67	0.4	1	52 15
74	129	0.4	1	107 22
75	160	0.4	1	131 29
76	152	0.4	1	129 23
77	163	0.4	1	132 31
78	161	0.4	1	134 27
79	155	0.4	1	120 35
80	117	0.4	1	95 22
81	136	0.4	1	119 17
82	113	0.4	1	100 13
83	118	0.4	1	94 24
84	106	0.4	1	84 22
85	105	0.4	1	79 26
86	89	0.4	1	63 26
87	88	0.4	1	61 27
88	103	0.4	1	73 30
89	86	0.4	1	65 21
90	83	0.4	1	60 23
91	83	0.4	1	57 26
92	89	0.4	1	62 27
93	97	0.4	1	70 27
94	69	0.4	1	46 23
95	83	0.4	1	56 27
96	71	0.4	1	44 27
97	62	0.4	1	40 22
98	62	0.4	1	41 21
99	65	0.4	1	45 20
100	57	0.4	1	35 22
101	70	0.4	1	43 27
102	60	0.4	1	35 25
103	58	0.4	1	36 22
104	46	0.4	1	26 20
105	52	0.4	1	24 28
106	51	0.4	1	26 25
107	48	0.4	1	30 18
108	44	0.4	1	26 18
109	36	0.4	1	24 12
110	51	0.4	1	22 29
111	34	0.4	1	17 17
112	37	0.4	1	22 15
113	28	0.4	1	17 11
114	35	0.4	1	20 15
115	25	0.4	1	14 11
116	30	0.4	1	16 14
117	31	0.4	1	6 25
118	26	0.4	1	8 18
119	18	0.4	1	8 10
120	42	0.4	1	16 26
121	36	0.4	1	13 23
122	24	0.4	1	8 16
123	32	0.4	1	12 20
124	32	0.4	1	13 19
125	30	0.4	1	12 18
126	33	0.4	1	10 23
127	39	0.4	1	13 26
128	22	0.4	1	7 15
129	24	0.4	1	10 14
130	26	0.4	1	8 18
131	27	0.4	1	8 19
132	14	0.4	1	6 8
133	27	0.4	1	8 19
134	16	0.4	1	2 14
135	17	0.4	1	10 7
136	25	0.4	1	4 21
137	21	0.4	1	8 13
138	9	0.4	1	2 7
139	20	0.4	1	3 17
140	13	0.4	1	3 10
141	14	0.4	1	3 11
142	15	0.4	1	2 13
143	14	0.4	1	4 10
144	12	0.4	1	2 10
145	11	0.4	1	1 10
146	28	0.4	1	8 20
147	14	0.4	1	2 12
148	11	0.4	1	1 10
149	19	0.4	1	0 19
150	1342	0.4	1	2 1340

RUN STATISTICS FOR INPUT FILE: s005_R1_001.fastq.gz
=============================================
26525495 sequences processed in total

