
SUMMARISING RUN PARAMETERS
==========================
Input filename: s008_R1_001.fastq.gz
Trimming mode: paired-end
Trim Galore version: 0.6.10
Cutadapt version: 3.4
Number of cores used for trimming: 1
Quality Phred score cutoff: 20
Quality encoding type selected: ASCII+33
Using Illumina adapter for trimming (count: 1498). Second best hit was Nextera (count: 14)
Adapter sequence: 'AGATCGGAAGAGC' (Illumina TruSeq, Sanger iPCR; auto-detected)
Maximum trimming error rate: 0.1 (default)
Minimum required adapter overlap (stringency): 1 bp
Minimum required sequence length for both reads before a sequence pair gets removed: 20 bp
Running FastQC on the data once trimming has completed
Output file will be GZIP compressed


This is cutadapt 3.4 with Python 3.9.2
Command line parameters: -j 1 -e 0.1 -q 20 -O 1 -a AGATCGGAAGAGC s008_R1_001.fastq.gz
Processing reads on 1 core in single-end mode ...
Finished in 1919.65 s (80 µs/read; 0.75 M reads/minute).

=== Summary ===

Total reads processed:              24,134,469
Reads with adapters:                 8,734,899 (36.2%)
Reads written (passing filters):    24,134,469 (100.0%)

Total basepairs processed: 3,620,170,350 bp
Quality-trimmed:               7,286,296 bp (0.2%)
Total written (filtered):  3,599,698,388 bp (99.4%)

=== Adapter 1 ===

Sequence: AGATCGGAAGAGC; Type: regular 3'; Length: 13; Trimmed: 8734899 times

No. of allowed errors:
1-9 bp: 0; 10-13 bp: 1

Bases preceding removed adapters:
  A: 36.7%
  C: 24.2%
  G: 16.8%
  T: 22.2%
  none/other: 0.0%

Overview of removed sequences
length	count	expect	max.err	error counts
1	6731017	6033617.2	0	6731017
2	1373486	1508404.3	0	1373486
3	442434	377101.1	0	442434
4	102113	94275.3	0	102113
5	21967	23568.8	0	21967
6	5790	5892.2	0	5790
7	2757	1473.1	0	2757
8	2472	368.3	0	2472
9	2409	92.1	0	2022 387
10	2623	23.0	1	1943 680
11	2250	5.8	1	1824 426
12	2095	1.4	1	1844 251
13	1772	0.4	1	1636 136
14	1820	0.4	1	1659 161
15	1619	0.4	1	1484 135
16	1684	0.4	1	1489 195
17	1771	0.4	1	1589 182
18	1511	0.4	1	1396 115
19	1287	0.4	1	1187 100
20	1401	0.4	1	1259 142
21	1392	0.4	1	1274 118
22	1264	0.4	1	1161 103
23	1255	0.4	1	1172 83
24	1149	0.4	1	1034 115
25	1128	0.4	1	1036 92
26	1031	0.4	1	971 60
27	1079	0.4	1	990 89
28	943	0.4	1	845 98
29	936	0.4	1	843 93
30	821	0.4	1	755 66
31	774	0.4	1	699 75
32	779	0.4	1	699 80
33	753	0.4	1	665 88
34	743	0.4	1	681 62
35	742	0.4	1	664 78
36	736	0.4	1	661 75
37	536	0.4	1	499 37
38	597	0.4	1	533 64
39	583	0.4	1	520 63
40	540	0.4	1	471 69
41	584	0.4	1	508 76
42	556	0.4	1	492 64
43	421	0.4	1	365 56
44	454	0.4	1	401 53
45	547	0.4	1	507 40
46	202	0.4	1	164 38
47	342	0.4	1	301 41
48	409	0.4	1	345 64
49	317	0.4	1	284 33
50	281	0.4	1	244 37
51	337	0.4	1	294 43
52	298	0.4	1	258 40
53	260	0.4	1	224 36
54	265	0.4	1	216 49
55	310	0.4	1	258 52
56	212	0.4	1	167 45
57	250	0.4	1	212 38
58	238	0.4	1	193 45
59	188	0.4	1	156 32
60	136	0.4	1	113 23
61	132	0.4	1	108 24
62	245	0.4	1	193 52
63	184	0.4	1	154 30
64	136	0.4	1	106 30
65	112	0.4	1	69 43
66	219	0.4	1	190 29
67	147	0.4	1	123 24
68	156	0.4	1	136 20
69	76	0.4	1	53 23
70	43	0.4	1	30 13
71	27	0.4	1	8 19
72	39	0.4	1	23 16
73	67	0.4	1	44 23
74	84	0.4	1	59 25
75	91	0.4	1	61 30
76	72	0.4	1	55 17
77	88	0.4	1	60 28
78	83	0.4	1	54 29
79	94	0.4	1	63 31
80	69	0.4	1	46 23
81	82	0.4	1	57 25
82	57	0.4	1	43 14
83	81	0.4	1	56 25
84	80	0.4	1	45 35
85	68	0.4	1	49 19
86	91	0.4	1	62 29
87	82	0.4	1	44 38
88	66	0.4	1	43 23
89	58	0.4	1	33 25
90	56	0.4	1	31 25
91	53	0.4	1	29 24
92	50	0.4	1	31 19
93	47	0.4	1	28 19
94	44	0.4	1	22 22
95	62	0.4	1	33 29
96	56	0.4	1	35 21
97	59	0.4	1	31 28
98	34	0.4	1	22 12
99	53	0.4	1	29 24
100	49	0.4	1	25 24
101	51	0.4	1	23 28
102	41	0.4	1	20 21
103	37	0.4	1	21 16
104	49	0.4	1	31 18
105	39	0.4	1	16 23
106	35	0.4	1	17 18
107	30	0.4	1	14 16
108	39	0.4	1	15 24
109	37	0.4	1	14 23
110	35	0.4	1	20 15
111	40	0.4	1	12 28
112	29	0.4	1	12 17
113	33	0.4	1	9 24
114	33	0.4	1	14 19
115	40	0.4	1	22 18
116	36	0.4	1	9 27
117	27	0.4	1	10 17
118	31	0.4	1	11 20
119	31	0.4	1	13 18
120	27	0.4	1	12 15
121	26	0.4	1	15 11
122	32	0.4	1	13 19
123	21	0.4	1	9 12
124	20	0.4	1	7 13
125	31	0.4	1	10 21
126	16	0.4	1	6 10
127	30	0.4	1	11 19
128	27	0.4	1	10 17
129	32	0.4	1	14 18
130	27	0.4	1	8 19
131	26	0.4	1	10 16
132	23	0.4	1	8 15
133	22	0.4	1	7 15
134	18	0.4	1	6 12
135	18	0.4	1	5 13
136	26	0.4	1	7 19
137	14	0.4	1	4 10
138	14	0.4	1	7 7
139	16	0.4	1	4 12
140	22	0.4	1	6 16
141	19	0.4	1	6 13
142	21	0.4	1	7 14
143	9	0.4	1	1 8
144	27	0.4	1	5 22
145	15	0.4	1	7 8
146	18	0.4	1	4 14
147	27	0.4	1	5 22
148	15	0.4	1	1 14
149	27	0.4	1	5 22
150	1482	0.4	1	0 1482

RUN STATISTICS FOR INPUT FILE: s008_R1_001.fastq.gz
=============================================
24134469 sequences processed in total

