
SUMMARISING RUN PARAMETERS
==========================
Input filename: s010_R1_001.fastq.gz
Trimming mode: paired-end
Trim Galore version: 0.6.10
Cutadapt version: 3.4
Number of cores used for trimming: 1
Quality Phred score cutoff: 20
Quality encoding type selected: ASCII+33
Using Illumina adapter for trimming (count: 1977). Second best hit was smallRNA (count: 5)
Adapter sequence: 'AGATCGGAAGAGC' (Illumina TruSeq, Sanger iPCR; auto-detected)
Maximum trimming error rate: 0.1 (default)
Minimum required adapter overlap (stringency): 1 bp
Minimum required sequence length for both reads before a sequence pair gets removed: 20 bp
Running FastQC on the data once trimming has completed
Output file will be GZIP compressed


This is cutadapt 3.4 with Python 3.9.2
Command line parameters: -j 1 -e 0.1 -q 20 -O 1 -a AGATCGGAAGAGC s010_R1_001.fastq.gz
Processing reads on 1 core in single-end mode ...
Finished in 1766.58 s (72 µs/read; 0.83 M reads/minute).

=== Summary ===

Total reads processed:              24,511,839
Reads with adapters:                 9,003,461 (36.7%)
Reads written (passing filters):    24,511,839 (100.0%)

Total basepairs processed: 3,676,775,850 bp
Quality-trimmed:               7,411,136 bp (0.2%)
Total written (filtered):  3,655,395,801 bp (99.4%)

=== Adapter 1 ===

Sequence: AGATCGGAAGAGC; Type: regular 3'; Length: 13; Trimmed: 9003461 times

No. of allowed errors:
1-9 bp: 0; 10-13 bp: 1

Bases preceding removed adapters:
  A: 37.2%
  C: 24.0%
  G: 16.5%
  T: 22.3%
  none/other: 0.0%

Overview of removed sequences
length	count	expect	max.err	error counts
1	6944556	6127959.8	0	6944556
2	1397997	1531989.9	0	1397997
3	455660	382997.5	0	455660
4	103605	95749.4	0	103605
5	22231	23937.3	0	22231
6	5893	5984.3	0	5893
7	3315	1496.1	0	3315
8	2853	374.0	0	2853
9	2878	93.5	0	2498 380
10	2958	23.4	1	2291 667
11	2826	5.8	1	2342 484
12	2636	1.5	1	2419 217
13	2177	0.4	1	2039 138
14	2206	0.4	1	2016 190
15	2157	0.4	1	1998 159
16	2203	0.4	1	2019 184
17	2072	0.4	1	1869 203
18	1976	0.4	1	1808 168
19	1594	0.4	1	1462 132
20	1744	0.4	1	1607 137
21	1837	0.4	1	1697 140
22	1548	0.4	1	1416 132
23	1598	0.4	1	1484 114
24	1533	0.4	1	1419 114
25	1446	0.4	1	1348 98
26	1357	0.4	1	1277 80
27	1336	0.4	1	1229 107
28	1233	0.4	1	1133 100
29	1176	0.4	1	1072 104
30	1056	0.4	1	991 65
31	1103	0.4	1	1037 66
32	1157	0.4	1	1080 77
33	988	0.4	1	911 77
34	955	0.4	1	866 89
35	998	0.4	1	935 63
36	1012	0.4	1	916 96
37	713	0.4	1	668 45
38	862	0.4	1	788 74
39	796	0.4	1	736 60
40	719	0.4	1	654 65
41	786	0.4	1	707 79
42	759	0.4	1	692 67
43	547	0.4	1	467 80
44	633	0.4	1	564 69
45	865	0.4	1	802 63
46	249	0.4	1	212 37
47	462	0.4	1	425 37
48	545	0.4	1	500 45
49	469	0.4	1	429 40
50	406	0.4	1	361 45
51	455	0.4	1	403 52
52	383	0.4	1	346 37
53	368	0.4	1	327 41
54	375	0.4	1	330 45
55	375	0.4	1	339 36
56	299	0.4	1	256 43
57	384	0.4	1	345 39
58	279	0.4	1	247 32
59	265	0.4	1	223 42
60	220	0.4	1	198 22
61	157	0.4	1	126 31
62	289	0.4	1	252 37
63	264	0.4	1	227 37
64	207	0.4	1	162 45
65	148	0.4	1	117 31
66	356	0.4	1	321 35
67	208	0.4	1	183 25
68	228	0.4	1	201 27
69	99	0.4	1	80 19
70	88	0.4	1	69 19
71	37	0.4	1	18 19
72	62	0.4	1	43 19
73	103	0.4	1	72 31
74	121	0.4	1	95 26
75	108	0.4	1	82 26
76	77	0.4	1	56 21
77	115	0.4	1	88 27
78	93	0.4	1	81 12
79	100	0.4	1	76 24
80	87	0.4	1	68 19
81	90	0.4	1	72 18
82	89	0.4	1	63 26
83	78	0.4	1	59 19
84	79	0.4	1	44 35
85	74	0.4	1	53 21
86	76	0.4	1	61 15
87	63	0.4	1	48 15
88	92	0.4	1	71 21
89	59	0.4	1	44 15
90	74	0.4	1	44 30
91	70	0.4	1	45 25
92	56	0.4	1	40 16
93	51	0.4	1	26 25
94	62	0.4	1	38 24
95	46	0.4	1	25 21
96	52	0.4	1	35 17
97	36	0.4	1	18 18
98	51	0.4	1	28 23
99	57	0.4	1	36 21
100	55	0.4	1	35 20
101	52	0.4	1	20 32
102	36	0.4	1	15 21
103	49	0.4	1	25 24
104	49	0.4	1	23 26
105	48	0.4	1	16 32
106	43	0.4	1	18 25
107	37	0.4	1	20 17
108	35	0.4	1	15 20
109	26	0.4	1	14 12
110	47	0.4	1	24 23
111	30	0.4	1	13 17
112	32	0.4	1	14 18
113	24	0.4	1	10 14
114	29	0.4	1	17 12
115	32	0.4	1	13 19
116	22	0.4	1	12 10
117	27	0.4	1	8 19
118	31	0.4	1	18 13
119	25	0.4	1	13 12
120	24	0.4	1	8 16
121	32	0.4	1	15 17
122	43	0.4	1	16 27
123	34	0.4	1	11 23
124	28	0.4	1	10 18
125	17	0.4	1	7 10
126	16	0.4	1	7 9
127	22	0.4	1	10 12
128	16	0.4	1	7 9
129	27	0.4	1	9 18
130	19	0.4	1	10 9
131	15	0.4	1	3 12
132	17	0.4	1	8 9
133	26	0.4	1	6 20
134	9	0.4	1	3 6
135	15	0.4	1	6 9
136	24	0.4	1	5 19
137	14	0.4	1	3 11
138	12	0.4	1	3 9
139	14	0.4	1	2 12
140	7	0.4	1	1 6
141	12	0.4	1	8 4
142	18	0.4	1	2 16
143	15	0.4	1	5 10
144	17	0.4	1	3 14
145	18	0.4	1	3 15
146	10	0.4	1	3 7
147	8	0.4	1	2 6
148	7	0.4	1	0 7
149	14	0.4	1	1 13
150	1896	0.4	1	3 1893

RUN STATISTICS FOR INPUT FILE: s010_R1_001.fastq.gz
=============================================
24511839 sequences processed in total

