
SUMMARISING RUN PARAMETERS
==========================
Input filename: s011_R1_001.fastq.gz
Trimming mode: paired-end
Trim Galore version: 0.6.10
Cutadapt version: 3.4
Number of cores used for trimming: 1
Quality Phred score cutoff: 20
Quality encoding type selected: ASCII+33
Using Illumina adapter for trimming (count: 1529). Second best hit was Nextera (count: 9)
Adapter sequence: 'AGATCGGAAGAGC' (Illumina TruSeq, Sanger iPCR; auto-detected)
Maximum trimming error rate: 0.1 (default)
Minimum required adapter overlap (stringency): 1 bp
Minimum required sequence length for both reads before a sequence pair gets removed: 20 bp
Running FastQC on the data once trimming has completed
Output file will be GZIP compressed


This is cutadapt 3.4 with Python 3.9.2
Command line parameters: -j 1 -e 0.1 -q 20 -O 1 -a AGATCGGAAGAGC s011_R1_001.fastq.gz
Processing reads on 1 core in single-end mode ...
Finished in 1780.84 s (72 µs/read; 0.83 M reads/minute).

=== Summary ===

Total reads processed:              24,772,288
Reads with adapters:                 8,997,526 (36.3%)
Reads written (passing filters):    24,772,288 (100.0%)

Total basepairs processed: 3,715,843,200 bp
Quality-trimmed:               7,739,978 bp (0.2%)
Total written (filtered):  3,694,546,550 bp (99.4%)

=== Adapter 1 ===

Sequence: AGATCGGAAGAGC; Type: regular 3'; Length: 13; Trimmed: 8997526 times

No. of allowed errors:
1-9 bp: 0; 10-13 bp: 1

Bases preceding removed adapters:
  A: 36.8%
  C: 24.2%
  G: 16.9%
  T: 22.0%
  none/other: 0.0%

Overview of removed sequences
length	count	expect	max.err	error counts
1	6919511	6193072.0	0	6919511
2	1427830	1548268.0	0	1427830
3	458051	387067.0	0	458051
4	103822	96766.8	0	103822
5	22308	24191.7	0	22308
6	5874	6047.9	0	5874
7	2961	1512.0	0	2961
8	2642	378.0	0	2642
9	2713	94.5	0	2314 399
10	2726	23.6	1	2051 675
11	2495	5.9	1	2046 449
12	2181	1.5	1	1930 251
13	1947	0.4	1	1796 151
14	1912	0.4	1	1720 192
15	1798	0.4	1	1653 145
16	1825	0.4	1	1637 188
17	1817	0.4	1	1647 170
18	1592	0.4	1	1479 113
19	1409	0.4	1	1336 73
20	1442	0.4	1	1307 135
21	1454	0.4	1	1332 122
22	1285	0.4	1	1204 81
23	1289	0.4	1	1188 101
24	1190	0.4	1	1075 115
25	1105	0.4	1	1008 97
26	1074	0.4	1	993 81
27	1065	0.4	1	949 116
28	971	0.4	1	888 83
29	973	0.4	1	865 108
30	855	0.4	1	781 74
31	814	0.4	1	740 74
32	781	0.4	1	714 67
33	730	0.4	1	651 79
34	737	0.4	1	659 78
35	779	0.4	1	693 86
36	764	0.4	1	679 85
37	529	0.4	1	491 38
38	589	0.4	1	532 57
39	553	0.4	1	503 50
40	571	0.4	1	505 66
41	557	0.4	1	485 72
42	565	0.4	1	513 52
43	421	0.4	1	347 74
44	392	0.4	1	333 59
45	602	0.4	1	550 52
46	198	0.4	1	154 44
47	335	0.4	1	290 45
48	376	0.4	1	331 45
49	316	0.4	1	271 45
50	290	0.4	1	255 35
51	315	0.4	1	275 40
52	286	0.4	1	236 50
53	237	0.4	1	195 42
54	255	0.4	1	206 49
55	283	0.4	1	240 43
56	243	0.4	1	205 38
57	255	0.4	1	228 27
58	224	0.4	1	193 31
59	187	0.4	1	151 36
60	154	0.4	1	125 29
61	109	0.4	1	86 23
62	186	0.4	1	155 31
63	189	0.4	1	157 32
64	107	0.4	1	81 26
65	90	0.4	1	63 27
66	264	0.4	1	221 43
67	161	0.4	1	124 37
68	154	0.4	1	131 23
69	88	0.4	1	62 26
70	50	0.4	1	34 16
71	28	0.4	1	9 19
72	36	0.4	1	24 12
73	73	0.4	1	47 26
74	73	0.4	1	54 19
75	83	0.4	1	62 21
76	73	0.4	1	61 12
77	74	0.4	1	54 20
78	75	0.4	1	57 18
79	82	0.4	1	55 27
80	69	0.4	1	43 26
81	68	0.4	1	47 21
82	70	0.4	1	54 16
83	75	0.4	1	47 28
84	68	0.4	1	47 21
85	55	0.4	1	36 19
86	68	0.4	1	39 29
87	77	0.4	1	49 28
88	65	0.4	1	40 25
89	59	0.4	1	39 20
90	73	0.4	1	44 29
91	58	0.4	1	36 22
92	50	0.4	1	30 20
93	56	0.4	1	29 27
94	77	0.4	1	39 38
95	46	0.4	1	25 21
96	46	0.4	1	30 16
97	44	0.4	1	19 25
98	50	0.4	1	28 22
99	51	0.4	1	32 19
100	32	0.4	1	16 16
101	41	0.4	1	16 25
102	30	0.4	1	13 17
103	33	0.4	1	16 17
104	47	0.4	1	24 23
105	44	0.4	1	22 22
106	38	0.4	1	15 23
107	35	0.4	1	19 16
108	34	0.4	1	9 25
109	30	0.4	1	16 14
110	24	0.4	1	9 15
111	39	0.4	1	28 11
112	24	0.4	1	13 11
113	40	0.4	1	14 26
114	33	0.4	1	11 22
115	31	0.4	1	16 15
116	30	0.4	1	10 20
117	26	0.4	1	9 17
118	30	0.4	1	11 19
119	30	0.4	1	12 18
120	28	0.4	1	9 19
121	19	0.4	1	9 10
122	17	0.4	1	5 12
123	21	0.4	1	9 12
124	20	0.4	1	3 17
125	26	0.4	1	4 22
126	21	0.4	1	11 10
127	26	0.4	1	13 13
128	12	0.4	1	3 9
129	22	0.4	1	8 14
130	25	0.4	1	10 15
131	26	0.4	1	12 14
132	22	0.4	1	3 19
133	15	0.4	1	3 12
134	21	0.4	1	6 15
135	12	0.4	1	4 8
136	20	0.4	1	5 15
137	11	0.4	1	3 8
138	17	0.4	1	5 12
139	15	0.4	1	5 10
140	16	0.4	1	5 11
141	21	0.4	1	10 11
142	17	0.4	1	7 10
143	19	0.4	1	5 14
144	20	0.4	1	3 17
145	14	0.4	1	4 10
146	23	0.4	1	4 19
147	22	0.4	1	5 17
148	9	0.4	1	1 8
149	31	0.4	1	2 29
150	1592	0.4	1	0 1592

RUN STATISTICS FOR INPUT FILE: s011_R1_001.fastq.gz
=============================================
24772288 sequences processed in total

