
SUMMARISING RUN PARAMETERS
==========================
Input filename: s013_R1_001.fastq.gz
Trimming mode: paired-end
Trim Galore version: 0.6.10
Cutadapt version: 3.4
Number of cores used for trimming: 1
Quality Phred score cutoff: 20
Quality encoding type selected: ASCII+33
Using Illumina adapter for trimming (count: 2028). Second best hit was Nextera (count: 11)
Adapter sequence: 'AGATCGGAAGAGC' (Illumina TruSeq, Sanger iPCR; auto-detected)
Maximum trimming error rate: 0.1 (default)
Minimum required adapter overlap (stringency): 1 bp
Minimum required sequence length for both reads before a sequence pair gets removed: 20 bp
Running FastQC on the data once trimming has completed
Output file will be GZIP compressed


This is cutadapt 3.4 with Python 3.9.2
Command line parameters: -j 1 -e 0.1 -q 20 -O 1 -a AGATCGGAAGAGC s013_R1_001.fastq.gz
Processing reads on 1 core in single-end mode ...
Finished in 1746.69 s (72 µs/read; 0.83 M reads/minute).

=== Summary ===

Total reads processed:              24,226,277
Reads with adapters:                 8,840,173 (36.5%)
Reads written (passing filters):    24,226,277 (100.0%)

Total basepairs processed: 3,633,941,550 bp
Quality-trimmed:               6,986,685 bp (0.2%)
Total written (filtered):  3,613,248,036 bp (99.4%)

=== Adapter 1 ===

Sequence: AGATCGGAAGAGC; Type: regular 3'; Length: 13; Trimmed: 8840173 times

No. of allowed errors:
1-9 bp: 0; 10-13 bp: 1

Bases preceding removed adapters:
  A: 36.9%
  C: 24.2%
  G: 16.7%
  T: 22.2%
  none/other: 0.0%

Overview of removed sequences
length	count	expect	max.err	error counts
1	6812986	6056569.2	0	6812986
2	1375254	1514142.3	0	1375254
3	445724	378535.6	0	445724
4	102985	94633.9	0	102985
5	22546	23658.5	0	22546
6	6128	5914.6	0	6128
7	3528	1478.7	0	3528
8	3142	369.7	0	3142
9	2914	92.4	0	2518 396
10	3186	23.1	1	2512 674
11	3017	5.8	1	2571 446
12	2739	1.4	1	2507 232
13	2228	0.4	1	2078 150
14	2379	0.4	1	2172 207
15	2139	0.4	1	1966 173
16	2281	0.4	1	2068 213
17	2198	0.4	1	1989 209
18	1866	0.4	1	1733 133
19	1771	0.4	1	1666 105
20	1852	0.4	1	1711 141
21	1689	0.4	1	1559 130
22	1659	0.4	1	1543 116
23	1695	0.4	1	1549 146
24	1554	0.4	1	1431 123
25	1494	0.4	1	1386 108
26	1412	0.4	1	1309 103
27	1342	0.4	1	1228 114
28	1246	0.4	1	1147 99
29	1285	0.4	1	1168 117
30	1109	0.4	1	1039 70
31	1088	0.4	1	990 98
32	1058	0.4	1	978 80
33	1022	0.4	1	938 84
34	956	0.4	1	887 69
35	1073	0.4	1	986 87
36	1010	0.4	1	919 91
37	768	0.4	1	719 49
38	781	0.4	1	717 64
39	811	0.4	1	745 66
40	668	0.4	1	608 60
41	703	0.4	1	643 60
42	728	0.4	1	682 46
43	510	0.4	1	458 52
44	542	0.4	1	481 61
45	848	0.4	1	795 53
46	226	0.4	1	180 46
47	445	0.4	1	405 40
48	558	0.4	1	511 47
49	446	0.4	1	405 41
50	360	0.4	1	321 39
51	448	0.4	1	393 55
52	389	0.4	1	349 40
53	347	0.4	1	319 28
54	357	0.4	1	316 41
55	419	0.4	1	368 51
56	281	0.4	1	249 32
57	329	0.4	1	289 40
58	259	0.4	1	231 28
59	290	0.4	1	254 36
60	237	0.4	1	204 33
61	160	0.4	1	133 27
62	304	0.4	1	256 48
63	291	0.4	1	250 41
64	169	0.4	1	141 28
65	161	0.4	1	134 27
66	283	0.4	1	257 26
67	195	0.4	1	168 27
68	243	0.4	1	219 24
69	85	0.4	1	56 29
70	74	0.4	1	52 22
71	39	0.4	1	22 17
72	56	0.4	1	33 23
73	94	0.4	1	65 29
74	101	0.4	1	78 23
75	107	0.4	1	91 16
76	118	0.4	1	94 24
77	118	0.4	1	93 25
78	88	0.4	1	67 21
79	81	0.4	1	57 24
80	90	0.4	1	68 22
81	82	0.4	1	54 28
82	100	0.4	1	77 23
83	79	0.4	1	58 21
84	79	0.4	1	59 20
85	61	0.4	1	40 21
86	80	0.4	1	53 27
87	74	0.4	1	45 29
88	60	0.4	1	43 17
89	62	0.4	1	46 16
90	66	0.4	1	38 28
91	46	0.4	1	30 16
92	56	0.4	1	40 16
93	47	0.4	1	25 22
94	41	0.4	1	23 18
95	59	0.4	1	40 19
96	56	0.4	1	31 25
97	56	0.4	1	31 25
98	44	0.4	1	25 19
99	46	0.4	1	29 17
100	50	0.4	1	32 18
101	35	0.4	1	15 20
102	33	0.4	1	16 17
103	49	0.4	1	20 29
104	48	0.4	1	36 12
105	37	0.4	1	19 18
106	40	0.4	1	27 13
107	34	0.4	1	17 17
108	41	0.4	1	27 14
109	35	0.4	1	15 20
110	38	0.4	1	13 25
111	42	0.4	1	24 18
112	24	0.4	1	10 14
113	21	0.4	1	11 10
114	33	0.4	1	18 15
115	26	0.4	1	14 12
116	33	0.4	1	13 20
117	38	0.4	1	12 26
118	33	0.4	1	14 19
119	22	0.4	1	7 15
120	37	0.4	1	15 22
121	31	0.4	1	9 22
122	30	0.4	1	12 18
123	19	0.4	1	12 7
124	27	0.4	1	9 18
125	18	0.4	1	7 11
126	11	0.4	1	7 4
127	26	0.4	1	11 15
128	22	0.4	1	11 11
129	22	0.4	1	8 14
130	28	0.4	1	9 19
131	16	0.4	1	7 9
132	29	0.4	1	10 19
133	13	0.4	1	3 10
134	18	0.4	1	5 13
135	19	0.4	1	4 15
136	17	0.4	1	7 10
137	12	0.4	1	4 8
138	17	0.4	1	3 14
139	22	0.4	1	2 20
140	13	0.4	1	4 9
141	13	0.4	1	6 7
142	16	0.4	1	6 10
143	24	0.4	1	11 13
144	13	0.4	1	4 9
145	17	0.4	1	3 14
146	24	0.4	1	5 19
147	20	0.4	1	8 12
148	21	0.4	1	2 19
149	20	0.4	1	0 20
150	1490	0.4	1	3 1487

RUN STATISTICS FOR INPUT FILE: s013_R1_001.fastq.gz
=============================================
24226277 sequences processed in total

