
SUMMARISING RUN PARAMETERS
==========================
Input filename: s015_R2_001.fastq.gz
Trimming mode: paired-end
Trim Galore version: 0.6.10
Cutadapt version: 3.4
Number of cores used for trimming: 1
Quality Phred score cutoff: 20
Quality encoding type selected: ASCII+33
Using Illumina adapter for trimming (count: 6357). Second best hit was Nextera (count: 9)
Adapter sequence: 'AGATCGGAAGAGC' (Illumina TruSeq, Sanger iPCR; auto-detected)
Maximum trimming error rate: 0.1 (default)
Minimum required adapter overlap (stringency): 1 bp
Minimum required sequence length for both reads before a sequence pair gets removed: 20 bp
Running FastQC on the data once trimming has completed
Output file will be GZIP compressed


This is cutadapt 3.4 with Python 3.9.2
Command line parameters: -j 1 -e 0.1 -q 20 -O 1 -a AGATCGGAAGAGC s015_R2_001.fastq.gz
Processing reads on 1 core in single-end mode ...
Finished in 1971.66 s (77 µs/read; 0.78 M reads/minute).

=== Summary ===

Total reads processed:              25,581,201
Reads with adapters:                 8,624,548 (33.7%)
Reads written (passing filters):    25,581,201 (100.0%)

Total basepairs processed: 3,837,180,150 bp
Quality-trimmed:               9,294,332 bp (0.2%)
Total written (filtered):  3,809,621,579 bp (99.3%)

=== Adapter 1 ===

Sequence: AGATCGGAAGAGC; Type: regular 3'; Length: 13; Trimmed: 8624548 times

No. of allowed errors:
1-9 bp: 0; 10-13 bp: 1

Bases preceding removed adapters:
  A: 32.6%
  C: 27.0%
  G: 19.8%
  T: 20.6%
  none/other: 0.0%

Overview of removed sequences
length	count	expect	max.err	error counts
1	6333652	6395300.2	0	6333652
2	1477227	1598825.1	0	1477227
3	442845	399706.3	0	442845
4	106033	99926.6	0	106033
5	31011	24981.6	0	31011
6	12085	6245.4	0	12085
7	8015	1561.4	0	8015
8	7623	390.3	0	7623
9	6043	97.6	0	5612 431
10	7220	24.4	1	5979 1241
11	6769	6.1	1	5844 925
12	6812	1.5	1	6053 759
13	5672	0.4	1	5095 577
14	6305	0.4	1	5639 666
15	5457	0.4	1	4915 542
16	5732	0.4	1	5209 523
17	6495	0.4	1	5853 642
18	4327	0.4	1	3963 364
19	6135	0.4	1	5517 618
20	5223	0.4	1	4766 457
21	4150	0.4	1	3764 386
22	4735	0.4	1	4297 438
23	4541	0.4	1	4155 386
24	5498	0.4	1	4987 511
25	4928	0.4	1	4571 357
26	3313	0.4	1	3044 269
27	3526	0.4	1	3268 258
28	4059	0.4	1	3770 289
29	3585	0.4	1	3289 296
30	3937	0.4	1	3633 304
31	3327	0.4	1	3071 256
32	3562	0.4	1	3314 248
33	4021	0.4	1	3691 330
34	3075	0.4	1	2866 209
35	2960	0.4	1	2764 196
36	3444	0.4	1	3197 247
37	2850	0.4	1	2662 188
38	2850	0.4	1	2673 177
39	2884	0.4	1	2689 195
40	2001	0.4	1	1862 139
41	2527	0.4	1	2369 158
42	2778	0.4	1	2566 212
43	2074	0.4	1	1922 152
44	2375	0.4	1	2203 172
45	2280	0.4	1	2104 176
46	2127	0.4	1	1954 173
47	2089	0.4	1	1921 168
48	1933	0.4	1	1786 147
49	1998	0.4	1	1840 158
50	1743	0.4	1	1640 103
51	1696	0.4	1	1577 119
52	1642	0.4	1	1510 132
53	1615	0.4	1	1494 121
54	1722	0.4	1	1579 143
55	1355	0.4	1	1263 92
56	1517	0.4	1	1404 113
57	1779	0.4	1	1616 163
58	1160	0.4	1	1059 101
59	1093	0.4	1	1015 78
60	1507	0.4	1	1373 134
61	1128	0.4	1	1036 92
62	970	0.4	1	887 83
63	2007	0.4	1	1870 137
64	918	0.4	1	832 86
65	687	0.4	1	625 62
66	779	0.4	1	721 58
67	1021	0.4	1	941 80
68	903	0.4	1	827 76
69	730	0.4	1	673 57
70	930	0.4	1	855 75
71	753	0.4	1	708 45
72	714	0.4	1	654 60
73	999	0.4	1	956 43
74	632	0.4	1	583 49
75	498	0.4	1	443 55
76	342	0.4	1	301 41
77	337	0.4	1	291 46
78	378	0.4	1	342 36
79	372	0.4	1	326 46
80	399	0.4	1	341 58
81	368	0.4	1	326 42
82	370	0.4	1	338 32
83	372	0.4	1	316 56
84	369	0.4	1	304 65
85	346	0.4	1	293 53
86	294	0.4	1	232 62
87	291	0.4	1	249 42
88	258	0.4	1	209 49
89	255	0.4	1	212 43
90	278	0.4	1	231 47
91	241	0.4	1	208 33
92	204	0.4	1	154 50
93	219	0.4	1	170 49
94	172	0.4	1	141 31
95	189	0.4	1	148 41
96	187	0.4	1	142 45
97	176	0.4	1	140 36
98	163	0.4	1	125 38
99	153	0.4	1	111 42
100	153	0.4	1	125 28
101	141	0.4	1	96 45
102	132	0.4	1	105 27
103	105	0.4	1	74 31
104	128	0.4	1	87 41
105	120	0.4	1	85 35
106	113	0.4	1	73 40
107	130	0.4	1	89 41
108	96	0.4	1	62 34
109	96	0.4	1	62 34
110	94	0.4	1	53 41
111	83	0.4	1	49 34
112	83	0.4	1	46 37
113	99	0.4	1	64 35
114	71	0.4	1	48 23
115	80	0.4	1	54 26
116	76	0.4	1	38 38
117	56	0.4	1	34 22
118	71	0.4	1	35 36
119	54	0.4	1	34 20
120	87	0.4	1	50 37
121	52	0.4	1	35 17
122	46	0.4	1	26 20
123	62	0.4	1	33 29
124	49	0.4	1	23 26
125	45	0.4	1	21 24
126	42	0.4	1	24 18
127	44	0.4	1	24 20
128	48	0.4	1	24 24
129	54	0.4	1	26 28
130	46	0.4	1	26 20
131	25	0.4	1	14 11
132	45	0.4	1	23 22
133	30	0.4	1	13 17
134	38	0.4	1	13 25
135	40	0.4	1	10 30
136	50	0.4	1	23 27
137	26	0.4	1	8 18
138	29	0.4	1	11 18
139	37	0.4	1	16 21
140	44	0.4	1	14 30
141	35	0.4	1	16 19
142	21	0.4	1	7 14
143	27	0.4	1	14 13
144	23	0.4	1	9 14
145	24	0.4	1	7 17
146	31	0.4	1	11 20
147	38	0.4	1	12 26
148	36	0.4	1	9 27
149	22	0.4	1	3 19
150	32	0.4	1	6 26

RUN STATISTICS FOR INPUT FILE: s015_R2_001.fastq.gz
=============================================
25581201 sequences processed in total

Total number of sequences analysed for the sequence pair length validation: 25581201

Number of sequence pairs removed because at least one read was shorter than the length cutoff (20 bp): 6118 (0.02%)
