
SUMMARISING RUN PARAMETERS
==========================
Input filename: s015_R1_001.fastq.gz
Trimming mode: paired-end
Trim Galore version: 0.6.10
Cutadapt version: 3.4
Number of cores used for trimming: 1
Quality Phred score cutoff: 20
Quality encoding type selected: ASCII+33
Using Illumina adapter for trimming (count: 6357). Second best hit was Nextera (count: 9)
Adapter sequence: 'AGATCGGAAGAGC' (Illumina TruSeq, Sanger iPCR; auto-detected)
Maximum trimming error rate: 0.1 (default)
Minimum required adapter overlap (stringency): 1 bp
Minimum required sequence length for both reads before a sequence pair gets removed: 20 bp
Running FastQC on the data once trimming has completed
Output file will be GZIP compressed


This is cutadapt 3.4 with Python 3.9.2
Command line parameters: -j 1 -e 0.1 -q 20 -O 1 -a AGATCGGAAGAGC s015_R1_001.fastq.gz
Processing reads on 1 core in single-end mode ...
Finished in 1872.52 s (73 µs/read; 0.82 M reads/minute).

=== Summary ===

Total reads processed:              25,581,201
Reads with adapters:                 8,729,223 (34.1%)
Reads written (passing filters):    25,581,201 (100.0%)

Total basepairs processed: 3,837,180,150 bp
Quality-trimmed:               6,539,664 bp (0.2%)
Total written (filtered):  3,812,388,253 bp (99.4%)

=== Adapter 1 ===

Sequence: AGATCGGAAGAGC; Type: regular 3'; Length: 13; Trimmed: 8729223 times

No. of allowed errors:
1-9 bp: 0; 10-13 bp: 1

Bases preceding removed adapters:
  A: 33.5%
  C: 26.5%
  G: 19.3%
  T: 20.7%
  none/other: 0.0%

Overview of removed sequences
length	count	expect	max.err	error counts
1	6462820	6395300.2	0	6462820
2	1463833	1598825.1	0	1463833
3	436144	399706.3	0	436144
4	104757	99926.6	0	104757
5	30391	24981.6	0	30391
6	11969	6245.4	0	11969
7	7666	1561.4	0	7666
8	7411	390.3	0	7411
9	6694	97.6	0	6240 454
10	6950	24.4	1	5943 1007
11	6924	6.1	1	6126 798
12	6722	1.5	1	6221 501
13	5664	0.4	1	5291 373
14	5872	0.4	1	5438 434
15	5767	0.4	1	5373 394
16	5881	0.4	1	5373 508
17	6002	0.4	1	5484 518
18	5279	0.4	1	4964 315
19	4817	0.4	1	4493 324
20	5102	0.4	1	4756 346
21	4951	0.4	1	4613 338
22	4764	0.4	1	4457 307
23	4908	0.4	1	4601 307
24	4343	0.4	1	4013 330
25	4280	0.4	1	3993 287
26	3957	0.4	1	3716 241
27	4180	0.4	1	3932 248
28	3909	0.4	1	3660 249
29	3828	0.4	1	3519 309
30	3674	0.4	1	3460 214
31	3397	0.4	1	3221 176
32	3501	0.4	1	3301 200
33	3271	0.4	1	3062 209
34	3244	0.4	1	3029 215
35	3494	0.4	1	3278 216
36	3250	0.4	1	3000 250
37	2622	0.4	1	2498 124
38	2812	0.4	1	2622 190
39	2819	0.4	1	2664 155
40	2539	0.4	1	2370 169
41	2816	0.4	1	2635 181
42	2807	0.4	1	2649 158
43	2077	0.4	1	1931 146
44	2181	0.4	1	2016 165
45	3431	0.4	1	3266 165
46	899	0.4	1	816 83
47	1760	0.4	1	1643 117
48	2250	0.4	1	2118 132
49	1880	0.4	1	1755 125
50	1559	0.4	1	1454 105
51	1848	0.4	1	1727 121
52	1621	0.4	1	1518 103
53	1469	0.4	1	1380 89
54	1543	0.4	1	1447 96
55	1907	0.4	1	1815 92
56	1320	0.4	1	1230 90
57	1697	0.4	1	1617 80
58	1421	0.4	1	1359 62
59	1186	0.4	1	1099 87
60	1069	0.4	1	1020 49
61	763	0.4	1	705 58
62	1405	0.4	1	1323 82
63	1305	0.4	1	1255 50
64	774	0.4	1	708 66
65	646	0.4	1	601 45
66	1786	0.4	1	1710 76
67	1022	0.4	1	957 65
68	1133	0.4	1	1092 41
69	463	0.4	1	423 40
70	394	0.4	1	353 41
71	113	0.4	1	87 26
72	214	0.4	1	182 32
73	405	0.4	1	378 27
74	505	0.4	1	467 38
75	501	0.4	1	465 36
76	491	0.4	1	447 44
77	479	0.4	1	436 43
78	465	0.4	1	419 46
79	428	0.4	1	392 36
80	423	0.4	1	377 46
81	397	0.4	1	345 52
82	402	0.4	1	361 41
83	338	0.4	1	300 38
84	374	0.4	1	329 45
85	312	0.4	1	271 41
86	242	0.4	1	212 30
87	275	0.4	1	244 31
88	255	0.4	1	215 40
89	266	0.4	1	216 50
90	277	0.4	1	230 47
91	228	0.4	1	189 39
92	201	0.4	1	161 40
93	204	0.4	1	162 42
94	165	0.4	1	137 28
95	188	0.4	1	159 29
96	161	0.4	1	131 30
97	168	0.4	1	138 30
98	147	0.4	1	119 28
99	133	0.4	1	101 32
100	129	0.4	1	99 30
101	131	0.4	1	101 30
102	113	0.4	1	84 29
103	108	0.4	1	70 38
104	116	0.4	1	86 30
105	103	0.4	1	77 26
106	91	0.4	1	64 27
107	109	0.4	1	88 21
108	73	0.4	1	53 20
109	79	0.4	1	57 22
110	75	0.4	1	55 20
111	63	0.4	1	37 26
112	68	0.4	1	41 27
113	81	0.4	1	58 23
114	66	0.4	1	42 24
115	76	0.4	1	45 31
116	62	0.4	1	29 33
117	50	0.4	1	35 15
118	65	0.4	1	34 31
119	62	0.4	1	26 36
120	62	0.4	1	38 24
121	56	0.4	1	26 30
122	46	0.4	1	15 31
123	45	0.4	1	23 22
124	44	0.4	1	21 23
125	57	0.4	1	20 37
126	48	0.4	1	21 27
127	34	0.4	1	20 14
128	29	0.4	1	21 8
129	41	0.4	1	24 17
130	31	0.4	1	23 8
131	35	0.4	1	11 24
132	41	0.4	1	26 15
133	33	0.4	1	16 17
134	37	0.4	1	11 26
135	19	0.4	1	7 12
136	46	0.4	1	20 26
137	19	0.4	1	8 11
138	33	0.4	1	10 23
139	30	0.4	1	16 14
140	28	0.4	1	14 14
141	25	0.4	1	14 11
142	26	0.4	1	8 18
143	28	0.4	1	13 15
144	19	0.4	1	9 10
145	19	0.4	1	7 12
146	34	0.4	1	12 22
147	24	0.4	1	12 12
148	29	0.4	1	9 20
149	30	0.4	1	3 27
150	858	0.4	1	6 852

RUN STATISTICS FOR INPUT FILE: s015_R1_001.fastq.gz
=============================================
25581201 sequences processed in total

