
SUMMARISING RUN PARAMETERS
==========================
Input filename: s019_R2_001.fastq.gz
Trimming mode: paired-end
Trim Galore version: 0.6.10
Cutadapt version: 3.4
Number of cores used for trimming: 1
Quality Phred score cutoff: 20
Quality encoding type selected: ASCII+33
Using Illumina adapter for trimming (count: 5805). Second best hit was smallRNA (count: 5)
Adapter sequence: 'AGATCGGAAGAGC' (Illumina TruSeq, Sanger iPCR; auto-detected)
Maximum trimming error rate: 0.1 (default)
Minimum required adapter overlap (stringency): 1 bp
Minimum required sequence length for both reads before a sequence pair gets removed: 20 bp
Running FastQC on the data once trimming has completed
Output file will be GZIP compressed


This is cutadapt 3.4 with Python 3.9.2
Command line parameters: -j 1 -e 0.1 -q 20 -O 1 -a AGATCGGAAGAGC s019_R2_001.fastq.gz
Processing reads on 1 core in single-end mode ...
Finished in 4889.28 s (200 µs/read; 0.30 M reads/minute).

=== Summary ===

Total reads processed:              24,386,411
Reads with adapters:                 8,094,834 (33.2%)
Reads written (passing filters):    24,386,411 (100.0%)

Total basepairs processed: 3,657,961,650 bp
Quality-trimmed:               8,390,352 bp (0.2%)
Total written (filtered):  3,632,815,641 bp (99.3%)

=== Adapter 1 ===

Sequence: AGATCGGAAGAGC; Type: regular 3'; Length: 13; Trimmed: 8094834 times

No. of allowed errors:
1-9 bp: 0; 10-13 bp: 1

Bases preceding removed adapters:
  A: 32.3%
  C: 27.3%
  G: 20.9%
  T: 19.5%
  none/other: 0.0%

Overview of removed sequences
length	count	expect	max.err	error counts
1	5961310	6096602.8	0	5961310
2	1379704	1524150.7	0	1379704
3	411835	381037.7	0	411835
4	100874	95259.4	0	100874
5	30207	23814.9	0	30207
6	12153	5953.7	0	12153
7	8204	1488.4	0	8204
8	7505	372.1	0	7505
9	5675	93.0	0	5203 472
10	6984	23.3	1	5718 1266
11	6217	5.8	1	5361 856
12	6282	1.5	1	5595 687
13	5556	0.4	1	5053 503
14	6239	0.4	1	5603 636
15	4949	0.4	1	4512 437
16	5184	0.4	1	4758 426
17	6370	0.4	1	5756 614
18	3464	0.4	1	3180 284
19	6567	0.4	1	5972 595
20	3920	0.4	1	3578 342
21	3348	0.4	1	3116 232
22	4217	0.4	1	3891 326
23	3985	0.4	1	3649 336
24	5914	0.4	1	5349 565
25	4219	0.4	1	3981 238
26	2791	0.4	1	2567 224
27	2502	0.4	1	2331 171
28	3926	0.4	1	3599 327
29	2939	0.4	1	2720 219
30	3871	0.4	1	3556 315
31	2332	0.4	1	2159 173
32	3772	0.4	1	3542 230
33	2800	0.4	1	2599 201
34	2153	0.4	1	2005 148
35	2714	0.4	1	2528 186
36	3704	0.4	1	3478 226
37	2489	0.4	1	2345 144
38	1785	0.4	1	1666 119
39	1883	0.4	1	1746 137
40	2229	0.4	1	2092 137
41	2143	0.4	1	2015 128
42	2267	0.4	1	2104 163
43	1723	0.4	1	1619 104
44	2005	0.4	1	1846 159
45	1893	0.4	1	1770 123
46	1824	0.4	1	1707 117
47	1820	0.4	1	1662 158
48	1585	0.4	1	1489 96
49	1586	0.4	1	1463 123
50	1383	0.4	1	1311 72
51	1446	0.4	1	1368 78
52	1419	0.4	1	1324 95
53	1343	0.4	1	1238 105
54	1434	0.4	1	1338 96
55	932	0.4	1	881 51
56	1239	0.4	1	1136 103
57	1538	0.4	1	1414 124
58	904	0.4	1	809 95
59	930	0.4	1	862 68
60	1259	0.4	1	1153 106
61	866	0.4	1	798 68
62	819	0.4	1	753 66
63	1875	0.4	1	1752 123
64	797	0.4	1	733 64
65	527	0.4	1	466 61
66	608	0.4	1	552 56
67	895	0.4	1	844 51
68	719	0.4	1	666 53
69	654	0.4	1	607 47
70	791	0.4	1	729 62
71	623	0.4	1	567 56
72	607	0.4	1	564 43
73	781	0.4	1	722 59
74	474	0.4	1	423 51
75	387	0.4	1	355 32
76	315	0.4	1	273 42
77	332	0.4	1	288 44
78	374	0.4	1	330 44
79	349	0.4	1	312 37
80	363	0.4	1	324 39
81	366	0.4	1	311 55
82	364	0.4	1	311 53
83	351	0.4	1	308 43
84	338	0.4	1	292 46
85	299	0.4	1	252 47
86	293	0.4	1	254 39
87	291	0.4	1	242 49
88	267	0.4	1	229 38
89	236	0.4	1	202 34
90	263	0.4	1	225 38
91	260	0.4	1	213 47
92	215	0.4	1	172 43
93	214	0.4	1	168 46
94	206	0.4	1	161 45
95	225	0.4	1	175 50
96	172	0.4	1	133 39
97	158	0.4	1	127 31
98	172	0.4	1	135 37
99	173	0.4	1	136 37
100	159	0.4	1	126 33
101	164	0.4	1	119 45
102	131	0.4	1	96 35
103	130	0.4	1	102 28
104	238	0.4	1	207 31
105	117	0.4	1	84 33
106	107	0.4	1	70 37
107	107	0.4	1	76 31
108	106	0.4	1	79 27
109	96	0.4	1	66 30
110	102	0.4	1	85 17
111	94	0.4	1	55 39
112	89	0.4	1	57 32
113	84	0.4	1	58 26
114	72	0.4	1	45 27
115	67	0.4	1	47 20
116	77	0.4	1	45 32
117	76	0.4	1	44 32
118	67	0.4	1	39 28
119	57	0.4	1	35 22
120	52	0.4	1	25 27
121	59	0.4	1	27 32
122	53	0.4	1	29 24
123	44	0.4	1	26 18
124	58	0.4	1	35 23
125	59	0.4	1	25 34
126	51	0.4	1	19 32
127	45	0.4	1	19 26
128	48	0.4	1	22 26
129	43	0.4	1	28 15
130	51	0.4	1	23 28
131	34	0.4	1	19 15
132	47	0.4	1	17 30
133	40	0.4	1	18 22
134	44	0.4	1	23 21
135	30	0.4	1	10 20
136	29	0.4	1	13 16
137	33	0.4	1	5 28
138	30	0.4	1	6 24
139	42	0.4	1	14 28
140	30	0.4	1	8 22
141	34	0.4	1	10 24
142	28	0.4	1	7 21
143	25	0.4	1	10 15
144	29	0.4	1	9 20
145	38	0.4	1	12 26
146	38	0.4	1	12 26
147	32	0.4	1	15 17
148	26	0.4	1	11 15
149	18	0.4	1	3 15
150	40	0.4	1	15 25

RUN STATISTICS FOR INPUT FILE: s019_R2_001.fastq.gz
=============================================
24386411 sequences processed in total

Total number of sequences analysed for the sequence pair length validation: 24386411

Number of sequence pairs removed because at least one read was shorter than the length cutoff (20 bp): 6589 (0.03%)
