
SUMMARISING RUN PARAMETERS
==========================
Input filename: s019_R1_001.fastq.gz
Trimming mode: paired-end
Trim Galore version: 0.6.10
Cutadapt version: 3.4
Number of cores used for trimming: 1
Quality Phred score cutoff: 20
Quality encoding type selected: ASCII+33
Using Illumina adapter for trimming (count: 5805). Second best hit was smallRNA (count: 5)
Adapter sequence: 'AGATCGGAAGAGC' (Illumina TruSeq, Sanger iPCR; auto-detected)
Maximum trimming error rate: 0.1 (default)
Minimum required adapter overlap (stringency): 1 bp
Minimum required sequence length for both reads before a sequence pair gets removed: 20 bp
Running FastQC on the data once trimming has completed
Output file will be GZIP compressed


This is cutadapt 3.4 with Python 3.9.2
Command line parameters: -j 1 -e 0.1 -q 20 -O 1 -a AGATCGGAAGAGC s019_R1_001.fastq.gz
Processing reads on 1 core in single-end mode ...
Finished in 4715.77 s (193 µs/read; 0.31 M reads/minute).

=== Summary ===

Total reads processed:              24,386,411
Reads with adapters:                 8,179,385 (33.5%)
Reads written (passing filters):    24,386,411 (100.0%)

Total basepairs processed: 3,657,961,650 bp
Quality-trimmed:               6,764,258 bp (0.2%)
Total written (filtered):  3,634,319,529 bp (99.4%)

=== Adapter 1 ===

Sequence: AGATCGGAAGAGC; Type: regular 3'; Length: 13; Trimmed: 8179385 times

No. of allowed errors:
1-9 bp: 0; 10-13 bp: 1

Bases preceding removed adapters:
  A: 33.1%
  C: 26.9%
  G: 20.4%
  T: 19.6%
  none/other: 0.0%

Overview of removed sequences
length	count	expect	max.err	error counts
1	6059699	6096602.8	0	6059699
2	1370120	1524150.7	0	1370120
3	410005	381037.7	0	410005
4	100084	95259.4	0	100084
5	29876	23814.9	0	29876
6	12202	5953.7	0	12202
7	7939	1488.4	0	7939
8	7399	372.1	0	7399
9	6053	93.0	0	5607 446
10	6613	23.3	1	5610 1003
11	6364	5.8	1	5614 750
12	6225	1.5	1	5733 492
13	5576	0.4	1	5111 465
14	5562	0.4	1	5057 505
15	5490	0.4	1	5080 410
16	5203	0.4	1	4770 433
17	5357	0.4	1	4864 493
18	4891	0.4	1	4526 365
19	4244	0.4	1	3964 280
20	4691	0.4	1	4344 347
21	4464	0.4	1	4136 328
22	4226	0.4	1	3906 320
23	4245	0.4	1	3955 290
24	3798	0.4	1	3521 277
25	3863	0.4	1	3589 274
26	3628	0.4	1	3411 217
27	3619	0.4	1	3350 269
28	3672	0.4	1	3405 267
29	3286	0.4	1	3013 273
30	3169	0.4	1	2974 195
31	2850	0.4	1	2682 168
32	2960	0.4	1	2770 190
33	2854	0.4	1	2668 186
34	2744	0.4	1	2547 197
35	2905	0.4	1	2719 186
36	2772	0.4	1	2508 264
37	2259	0.4	1	2128 131
38	2410	0.4	1	2225 185
39	2583	0.4	1	2390 193
40	2091	0.4	1	1961 130
41	2073	0.4	1	1942 131
42	2179	0.4	1	2041 138
43	2154	0.4	1	2012 142
44	1618	0.4	1	1499 119
45	2956	0.4	1	2819 137
46	715	0.4	1	637 78
47	1415	0.4	1	1324 91
48	1892	0.4	1	1793 99
49	1554	0.4	1	1466 88
50	1232	0.4	1	1152 80
51	1590	0.4	1	1478 112
52	1453	0.4	1	1356 97
53	1228	0.4	1	1157 71
54	1253	0.4	1	1156 97
55	1571	0.4	1	1466 105
56	1079	0.4	1	1003 76
57	1373	0.4	1	1280 93
58	1268	0.4	1	1200 68
59	919	0.4	1	855 64
60	809	0.4	1	753 56
61	539	0.4	1	489 50
62	1311	0.4	1	1234 77
63	1149	0.4	1	1092 57
64	630	0.4	1	580 50
65	559	0.4	1	504 55
66	1638	0.4	1	1549 89
67	797	0.4	1	739 58
68	897	0.4	1	851 46
69	329	0.4	1	293 36
70	248	0.4	1	205 43
71	96	0.4	1	71 25
72	221	0.4	1	192 29
73	380	0.4	1	343 37
74	459	0.4	1	399 60
75	444	0.4	1	396 48
76	431	0.4	1	395 36
77	452	0.4	1	414 38
78	432	0.4	1	397 35
79	406	0.4	1	370 36
80	393	0.4	1	343 50
81	388	0.4	1	347 41
82	358	0.4	1	314 44
83	343	0.4	1	294 49
84	337	0.4	1	294 43
85	289	0.4	1	241 48
86	302	0.4	1	271 31
87	282	0.4	1	236 46
88	268	0.4	1	228 40
89	256	0.4	1	221 35
90	260	0.4	1	222 38
91	251	0.4	1	211 40
92	199	0.4	1	169 30
93	213	0.4	1	164 49
94	197	0.4	1	162 35
95	208	0.4	1	180 28
96	169	0.4	1	136 33
97	181	0.4	1	144 37
98	156	0.4	1	127 29
99	166	0.4	1	126 40
100	128	0.4	1	108 20
101	135	0.4	1	112 23
102	129	0.4	1	87 42
103	130	0.4	1	102 28
104	260	0.4	1	226 34
105	117	0.4	1	81 36
106	99	0.4	1	67 32
107	97	0.4	1	71 26
108	108	0.4	1	73 35
109	92	0.4	1	62 30
110	113	0.4	1	82 31
111	77	0.4	1	54 23
112	84	0.4	1	54 30
113	88	0.4	1	51 37
114	68	0.4	1	40 28
115	76	0.4	1	39 37
116	70	0.4	1	36 34
117	63	0.4	1	40 23
118	61	0.4	1	40 21
119	50	0.4	1	24 26
120	50	0.4	1	22 28
121	45	0.4	1	21 24
122	49	0.4	1	29 20
123	44	0.4	1	21 23
124	58	0.4	1	31 27
125	42	0.4	1	22 20
126	41	0.4	1	13 28
127	32	0.4	1	15 17
128	52	0.4	1	17 35
129	58	0.4	1	27 31
130	34	0.4	1	20 14
131	34	0.4	1	13 21
132	36	0.4	1	17 19
133	33	0.4	1	17 16
134	49	0.4	1	22 27
135	30	0.4	1	10 20
136	26	0.4	1	12 14
137	33	0.4	1	7 26
138	20	0.4	1	6 14
139	33	0.4	1	14 19
140	25	0.4	1	10 15
141	30	0.4	1	11 19
142	38	0.4	1	7 31
143	36	0.4	1	10 26
144	27	0.4	1	9 18
145	47	0.4	1	15 32
146	22	0.4	1	11 11
147	30	0.4	1	15 15
148	23	0.4	1	11 12
149	31	0.4	1	3 28
150	1276	0.4	1	15 1261

RUN STATISTICS FOR INPUT FILE: s019_R1_001.fastq.gz
=============================================
24386411 sequences processed in total

