
SUMMARISING RUN PARAMETERS
==========================
Input filename: s021_R1_001.fastq.gz
Trimming mode: paired-end
Trim Galore version: 0.6.10
Cutadapt version: 3.4
Number of cores used for trimming: 1
Quality Phred score cutoff: 20
Quality encoding type selected: ASCII+33
Using Illumina adapter for trimming (count: 3100). Second best hit was smallRNA (count: 5)
Adapter sequence: 'AGATCGGAAGAGC' (Illumina TruSeq, Sanger iPCR; auto-detected)
Maximum trimming error rate: 0.1 (default)
Minimum required adapter overlap (stringency): 1 bp
Minimum required sequence length for both reads before a sequence pair gets removed: 20 bp
Running FastQC on the data once trimming has completed
Output file will be GZIP compressed


This is cutadapt 3.4 with Python 3.9.2
Command line parameters: -j 1 -e 0.1 -q 20 -O 1 -a AGATCGGAAGAGC s021_R1_001.fastq.gz
Processing reads on 1 core in single-end mode ...
Finished in 5236.07 s (195 µs/read; 0.31 M reads/minute).

=== Summary ===

Total reads processed:              26,907,837
Reads with adapters:                 9,468,643 (35.2%)
Reads written (passing filters):    26,907,837 (100.0%)

Total basepairs processed: 4,036,175,550 bp
Quality-trimmed:               7,834,947 bp (0.2%)
Total written (filtered):  4,012,293,556 bp (99.4%)

=== Adapter 1 ===

Sequence: AGATCGGAAGAGC; Type: regular 3'; Length: 13; Trimmed: 9468643 times

No. of allowed errors:
1-9 bp: 0; 10-13 bp: 1

Bases preceding removed adapters:
  A: 35.7%
  C: 25.0%
  G: 18.1%
  T: 21.2%
  none/other: 0.0%

Overview of removed sequences
length	count	expect	max.err	error counts
1	7198789	6726959.2	0	7198789
2	1522493	1681739.8	0	1522493
3	477918	420435.0	0	477918
4	111039	105108.7	0	111039
5	27611	26277.2	0	27611
6	9218	6569.3	0	9218
7	5159	1642.3	0	5159
8	4696	410.6	0	4696
9	4236	102.6	0	3762 474
10	4695	25.7	1	3755 940
11	4359	6.4	1	3741 618
12	3970	1.6	1	3592 378
13	3577	0.4	1	3265 312
14	3624	0.4	1	3308 316
15	3477	0.4	1	3220 257
16	3368	0.4	1	3064 304
17	3436	0.4	1	3136 300
18	3168	0.4	1	2945 223
19	2760	0.4	1	2568 192
20	2886	0.4	1	2686 200
21	2821	0.4	1	2624 197
22	2658	0.4	1	2489 169
23	2806	0.4	1	2593 213
24	2552	0.4	1	2351 201
25	2524	0.4	1	2339 185
26	2275	0.4	1	2103 172
27	2274	0.4	1	2120 154
28	2220	0.4	1	2052 168
29	2128	0.4	1	1948 180
30	1963	0.4	1	1825 138
31	1762	0.4	1	1662 100
32	1829	0.4	1	1712 117
33	1790	0.4	1	1632 158
34	1679	0.4	1	1573 106
35	1910	0.4	1	1742 168
36	1736	0.4	1	1551 185
37	1332	0.4	1	1248 84
38	1336	0.4	1	1221 115
39	1502	0.4	1	1392 110
40	1205	0.4	1	1129 76
41	1247	0.4	1	1158 89
42	1303	0.4	1	1217 86
43	1225	0.4	1	1116 109
44	1040	0.4	1	964 76
45	1554	0.4	1	1462 92
46	428	0.4	1	372 56
47	774	0.4	1	715 59
48	1016	0.4	1	938 78
49	844	0.4	1	782 62
50	639	0.4	1	589 50
51	907	0.4	1	828 79
52	738	0.4	1	671 67
53	601	0.4	1	549 52
54	724	0.4	1	660 64
55	823	0.4	1	764 59
56	551	0.4	1	498 53
57	686	0.4	1	631 55
58	535	0.4	1	493 42
59	502	0.4	1	460 42
60	394	0.4	1	353 41
61	285	0.4	1	240 45
62	573	0.4	1	519 54
63	551	0.4	1	483 68
64	329	0.4	1	289 40
65	254	0.4	1	213 41
66	633	0.4	1	577 56
67	359	0.4	1	317 42
68	407	0.4	1	374 33
69	171	0.4	1	148 23
70	148	0.4	1	118 30
71	80	0.4	1	46 34
72	114	0.4	1	82 32
73	141	0.4	1	131 10
74	222	0.4	1	181 41
75	203	0.4	1	166 37
76	185	0.4	1	142 43
77	171	0.4	1	148 23
78	167	0.4	1	136 31
79	159	0.4	1	122 37
80	159	0.4	1	127 32
81	151	0.4	1	117 34
82	158	0.4	1	120 38
83	165	0.4	1	120 45
84	137	0.4	1	114 23
85	140	0.4	1	94 46
86	125	0.4	1	92 33
87	121	0.4	1	90 31
88	114	0.4	1	81 33
89	116	0.4	1	91 25
90	88	0.4	1	63 25
91	115	0.4	1	78 37
92	107	0.4	1	82 25
93	104	0.4	1	73 31
94	94	0.4	1	62 32
95	83	0.4	1	56 27
96	85	0.4	1	54 31
97	78	0.4	1	48 30
98	82	0.4	1	53 29
99	78	0.4	1	45 33
100	75	0.4	1	58 17
101	48	0.4	1	28 20
102	72	0.4	1	40 32
103	70	0.4	1	43 27
104	258	0.4	1	226 32
105	56	0.4	1	25 31
106	75	0.4	1	46 29
107	57	0.4	1	25 32
108	52	0.4	1	29 23
109	49	0.4	1	27 22
110	63	0.4	1	37 26
111	41	0.4	1	22 19
112	35	0.4	1	16 19
113	44	0.4	1	18 26
114	47	0.4	1	29 18
115	38	0.4	1	24 14
116	46	0.4	1	22 24
117	45	0.4	1	19 26
118	46	0.4	1	16 30
119	38	0.4	1	18 20
120	43	0.4	1	19 24
121	36	0.4	1	13 23
122	40	0.4	1	28 12
123	40	0.4	1	16 24
124	37	0.4	1	14 23
125	42	0.4	1	17 25
126	34	0.4	1	10 24
127	42	0.4	1	13 29
128	47	0.4	1	28 19
129	31	0.4	1	12 19
130	29	0.4	1	11 18
131	30	0.4	1	9 21
132	26	0.4	1	10 16
133	28	0.4	1	8 20
134	41	0.4	1	15 26
135	26	0.4	1	12 14
136	13	0.4	1	6 7
137	22	0.4	1	6 16
138	20	0.4	1	2 18
139	20	0.4	1	6 14
140	23	0.4	1	6 17
141	18	0.4	1	7 11
142	10	0.4	1	2 8
143	18	0.4	1	7 11
144	18	0.4	1	5 13
145	31	0.4	1	7 24
146	23	0.4	1	4 19
147	26	0.4	1	8 18
148	27	0.4	1	6 21
149	26	0.4	1	3 23
150	1757	0.4	1	5 1752

RUN STATISTICS FOR INPUT FILE: s021_R1_001.fastq.gz
=============================================
26907837 sequences processed in total

