
SUMMARISING RUN PARAMETERS
==========================
Input filename: s023_R1_001.fastq.gz
Trimming mode: paired-end
Trim Galore version: 0.6.10
Cutadapt version: 3.4
Number of cores used for trimming: 1
Quality Phred score cutoff: 20
Quality encoding type selected: ASCII+33
Using Illumina adapter for trimming (count: 6099). Second best hit was smallRNA (count: 9)
Adapter sequence: 'AGATCGGAAGAGC' (Illumina TruSeq, Sanger iPCR; auto-detected)
Maximum trimming error rate: 0.1 (default)
Minimum required adapter overlap (stringency): 1 bp
Minimum required sequence length for both reads before a sequence pair gets removed: 20 bp
Running FastQC on the data once trimming has completed
Output file will be GZIP compressed


This is cutadapt 3.4 with Python 3.9.2
Command line parameters: -j 1 -e 0.1 -q 20 -O 1 -a AGATCGGAAGAGC s023_R1_001.fastq.gz
Processing reads on 1 core in single-end mode ...
Finished in 4881.04 s (194 µs/read; 0.31 M reads/minute).

=== Summary ===

Total reads processed:              25,116,195
Reads with adapters:                 8,422,981 (33.5%)
Reads written (passing filters):    25,116,195 (100.0%)

Total basepairs processed: 3,767,429,250 bp
Quality-trimmed:               6,655,548 bp (0.2%)
Total written (filtered):  3,743,434,662 bp (99.4%)

=== Adapter 1 ===

Sequence: AGATCGGAAGAGC; Type: regular 3'; Length: 13; Trimmed: 8422981 times

No. of allowed errors:
1-9 bp: 0; 10-13 bp: 1

Bases preceding removed adapters:
  A: 33.2%
  C: 26.8%
  G: 19.9%
  T: 20.1%
  none/other: 0.0%

Overview of removed sequences
length	count	expect	max.err	error counts
1	6231759	6279048.8	0	6231759
2	1408972	1569762.2	0	1408972
3	420764	392440.5	0	420764
4	105445	98110.1	0	105445
5	31748	24527.5	0	31748
6	12988	6131.9	0	12988
7	8559	1533.0	0	8559
8	7978	383.2	0	7978
9	6688	95.8	0	6208 480
10	7222	24.0	1	6199 1023
11	7096	6.0	1	6238 858
12	6838	1.5	1	6294 544
13	6021	0.4	1	5573 448
14	6169	0.4	1	5693 476
15	6077	0.4	1	5638 439
16	5728	0.4	1	5284 444
17	5962	0.4	1	5426 536
18	5386	0.4	1	4988 398
19	4733	0.4	1	4428 305
20	5184	0.4	1	4798 386
21	4884	0.4	1	4568 316
22	4731	0.4	1	4429 302
23	4938	0.4	1	4660 278
24	4338	0.4	1	4009 329
25	4311	0.4	1	3996 315
26	4003	0.4	1	3742 261
27	3993	0.4	1	3728 265
28	4018	0.4	1	3745 273
29	3663	0.4	1	3401 262
30	3639	0.4	1	3417 222
31	3244	0.4	1	3063 181
32	3402	0.4	1	3194 208
33	3186	0.4	1	2971 215
34	3157	0.4	1	2959 198
35	3148	0.4	1	2944 204
36	3111	0.4	1	2862 249
37	2449	0.4	1	2321 128
38	2636	0.4	1	2444 192
39	2753	0.4	1	2563 190
40	2297	0.4	1	2149 148
41	2073	0.4	1	1941 132
42	2261	0.4	1	2121 140
43	2522	0.4	1	2331 191
44	1837	0.4	1	1722 115
45	3122	0.4	1	2968 154
46	783	0.4	1	701 82
47	1394	0.4	1	1303 91
48	2034	0.4	1	1919 115
49	1600	0.4	1	1511 89
50	1346	0.4	1	1263 83
51	1565	0.4	1	1457 108
52	1446	0.4	1	1366 80
53	1230	0.4	1	1171 59
54	1291	0.4	1	1207 84
55	1515	0.4	1	1419 96
56	984	0.4	1	923 61
57	1369	0.4	1	1291 78
58	1152	0.4	1	1094 58
59	989	0.4	1	932 57
60	839	0.4	1	783 56
61	585	0.4	1	515 70
62	1169	0.4	1	1087 82
63	1106	0.4	1	1046 60
64	624	0.4	1	583 41
65	518	0.4	1	476 42
66	1458	0.4	1	1394 64
67	727	0.4	1	684 43
68	805	0.4	1	765 40
69	261	0.4	1	233 28
70	192	0.4	1	169 23
71	109	0.4	1	96 13
72	203	0.4	1	172 31
73	312	0.4	1	284 28
74	380	0.4	1	334 46
75	412	0.4	1	380 32
76	403	0.4	1	361 42
77	385	0.4	1	349 36
78	307	0.4	1	273 34
79	341	0.4	1	307 34
80	337	0.4	1	293 44
81	321	0.4	1	287 34
82	277	0.4	1	245 32
83	269	0.4	1	227 42
84	262	0.4	1	236 26
85	253	0.4	1	212 41
86	245	0.4	1	208 37
87	225	0.4	1	193 32
88	202	0.4	1	176 26
89	182	0.4	1	163 19
90	185	0.4	1	150 35
91	193	0.4	1	168 25
92	176	0.4	1	148 28
93	175	0.4	1	148 27
94	163	0.4	1	130 33
95	172	0.4	1	139 33
96	167	0.4	1	117 50
97	146	0.4	1	110 36
98	112	0.4	1	82 30
99	112	0.4	1	84 28
100	106	0.4	1	84 22
101	100	0.4	1	78 22
102	103	0.4	1	80 23
103	109	0.4	1	74 35
104	242	0.4	1	215 27
105	81	0.4	1	63 18
106	73	0.4	1	47 26
107	80	0.4	1	45 35
108	55	0.4	1	38 17
109	65	0.4	1	35 30
110	77	0.4	1	41 36
111	74	0.4	1	46 28
112	76	0.4	1	43 33
113	34	0.4	1	20 14
114	53	0.4	1	27 26
115	58	0.4	1	33 25
116	57	0.4	1	22 35
117	47	0.4	1	26 21
118	63	0.4	1	30 33
119	41	0.4	1	21 20
120	47	0.4	1	15 32
121	44	0.4	1	23 21
122	45	0.4	1	21 24
123	43	0.4	1	17 26
124	50	0.4	1	21 29
125	30	0.4	1	12 18
126	47	0.4	1	24 23
127	38	0.4	1	16 22
128	34	0.4	1	11 23
129	35	0.4	1	10 25
130	34	0.4	1	13 21
131	49	0.4	1	15 34
132	29	0.4	1	9 20
133	30	0.4	1	13 17
134	38	0.4	1	8 30
135	41	0.4	1	15 26
136	32	0.4	1	14 18
137	26	0.4	1	6 20
138	25	0.4	1	10 15
139	26	0.4	1	4 22
140	20	0.4	1	7 13
141	50	0.4	1	18 32
142	40	0.4	1	19 21
143	28	0.4	1	9 19
144	21	0.4	1	9 12
145	25	0.4	1	3 22
146	31	0.4	1	6 25
147	33	0.4	1	9 24
148	30	0.4	1	9 21
149	26	0.4	1	2 24
150	1299	0.4	1	7 1292

RUN STATISTICS FOR INPUT FILE: s023_R1_001.fastq.gz
=============================================
25116195 sequences processed in total

