
SUMMARISING RUN PARAMETERS
==========================
Input filename: s030_R1_001.fastq.gz
Trimming mode: paired-end
Trim Galore version: 0.6.10
Cutadapt version: 3.4
Number of cores used for trimming: 1
Quality Phred score cutoff: 20
Quality encoding type selected: ASCII+33
Using Illumina adapter for trimming (count: 3902). Second best hit was Nextera (count: 5)
Adapter sequence: 'AGATCGGAAGAGC' (Illumina TruSeq, Sanger iPCR; auto-detected)
Maximum trimming error rate: 0.1 (default)
Minimum required adapter overlap (stringency): 1 bp
Minimum required sequence length for both reads before a sequence pair gets removed: 20 bp
Running FastQC on the data once trimming has completed
Output file will be GZIP compressed


This is cutadapt 3.4 with Python 3.9.2
Command line parameters: -j 1 -e 0.1 -q 20 -O 1 -a AGATCGGAAGAGC s030_R1_001.fastq.gz
Processing reads on 1 core in single-end mode ...
Finished in 2825.15 s (134 µs/read; 0.45 M reads/minute).

=== Summary ===

Total reads processed:              21,133,994
Reads with adapters:                 7,315,645 (34.6%)
Reads written (passing filters):    21,133,994 (100.0%)

Total basepairs processed: 3,170,099,100 bp
Quality-trimmed:               6,955,080 bp (0.2%)
Total written (filtered):  3,150,119,849 bp (99.4%)

=== Adapter 1 ===

Sequence: AGATCGGAAGAGC; Type: regular 3'; Length: 13; Trimmed: 7315645 times

No. of allowed errors:
1-9 bp: 0; 10-13 bp: 1

Bases preceding removed adapters:
  A: 35.3%
  C: 25.3%
  G: 18.7%
  T: 20.8%
  none/other: 0.0%

Overview of removed sequences
length	count	expect	max.err	error counts
1	5517654	5283498.5	0	5517654
2	1194294	1320874.6	0	1194294
3	368372	330218.7	0	368372
4	87089	82554.7	0	87089
5	23508	20638.7	0	23508
6	8044	5159.7	0	8044
7	4881	1289.9	0	4881
8	4334	322.5	0	4334
9	3999	80.6	0	3613 386
10	4089	20.2	1	3394 695
11	4097	5.0	1	3516 581
12	3881	1.3	1	3567 314
13	3395	0.3	1	3109 286
14	3369	0.3	1	3092 277
15	3431	0.3	1	3163 268
16	3254	0.3	1	2970 284
17	3364	0.3	1	3082 282
18	3102	0.3	1	2913 189
19	2590	0.3	1	2417 173
20	2826	0.3	1	2628 198
21	2825	0.3	1	2600 225
22	2577	0.3	1	2409 168
23	2501	0.3	1	2337 164
24	2450	0.3	1	2236 214
25	2325	0.3	1	2157 168
26	2285	0.3	1	2142 143
27	2351	0.3	1	2187 164
28	2118	0.3	1	1944 174
29	2178	0.3	1	1984 194
30	1972	0.3	1	1838 134
31	1753	0.3	1	1636 117
32	1796	0.3	1	1666 130
33	1823	0.3	1	1704 119
34	1696	0.3	1	1572 124
35	1702	0.3	1	1578 124
36	1787	0.3	1	1639 148
37	1410	0.3	1	1325 85
38	1303	0.3	1	1211 92
39	1411	0.3	1	1311 100
40	1530	0.3	1	1393 137
41	1348	0.3	1	1270 78
42	1164	0.3	1	1075 89
43	1175	0.3	1	1069 106
44	1078	0.3	1	980 98
45	1671	0.3	1	1577 94
46	451	0.3	1	403 48
47	877	0.3	1	813 64
48	2026	0.3	1	1917 109
49	858	0.3	1	784 74
50	391	0.3	1	348 43
51	1104	0.3	1	1043 61
52	738	0.3	1	675 63
53	392	0.3	1	349 43
54	783	0.3	1	726 57
55	1370	0.3	1	1306 64
56	494	0.3	1	448 46
57	549	0.3	1	508 41
58	305	0.3	1	278 27
59	497	0.3	1	469 28
60	185	0.3	1	163 22
61	142	0.3	1	111 31
62	643	0.3	1	600 43
63	306	0.3	1	275 31
64	164	0.3	1	136 28
65	191	0.3	1	156 35
66	616	0.3	1	571 45
67	90	0.3	1	68 22
68	159	0.3	1	133 26
69	86	0.3	1	62 24
70	89	0.3	1	61 28
71	39	0.3	1	20 19
72	69	0.3	1	47 22
73	117	0.3	1	98 19
74	148	0.3	1	118 30
75	160	0.3	1	136 24
76	168	0.3	1	141 27
77	174	0.3	1	141 33
78	192	0.3	1	161 31
79	174	0.3	1	137 37
80	180	0.3	1	143 37
81	155	0.3	1	136 19
82	133	0.3	1	105 28
83	114	0.3	1	96 18
84	138	0.3	1	113 25
85	147	0.3	1	111 36
86	127	0.3	1	93 34
87	116	0.3	1	82 34
88	104	0.3	1	81 23
89	114	0.3	1	93 21
90	106	0.3	1	78 28
91	97	0.3	1	65 32
92	88	0.3	1	60 28
93	92	0.3	1	71 21
94	94	0.3	1	70 24
95	81	0.3	1	58 23
96	74	0.3	1	51 23
97	57	0.3	1	33 24
98	80	0.3	1	59 21
99	61	0.3	1	47 14
100	65	0.3	1	45 20
101	68	0.3	1	44 24
102	58	0.3	1	27 31
103	68	0.3	1	40 28
104	72	0.3	1	43 29
105	41	0.3	1	22 19
106	60	0.3	1	38 22
107	55	0.3	1	30 25
108	46	0.3	1	28 18
109	41	0.3	1	18 23
110	47	0.3	1	24 23
111	45	0.3	1	23 22
112	47	0.3	1	30 17
113	48	0.3	1	21 27
114	40	0.3	1	21 19
115	44	0.3	1	22 22
116	30	0.3	1	17 13
117	40	0.3	1	19 21
118	22	0.3	1	11 11
119	28	0.3	1	15 13
120	23	0.3	1	10 13
121	32	0.3	1	6 26
122	24	0.3	1	9 15
123	33	0.3	1	17 16
124	25	0.3	1	7 18
125	18	0.3	1	6 12
126	24	0.3	1	14 10
127	30	0.3	1	9 21
128	22	0.3	1	13 9
129	36	0.3	1	7 29
130	26	0.3	1	11 15
131	28	0.3	1	10 18
132	23	0.3	1	13 10
133	29	0.3	1	12 17
134	37	0.3	1	9 28
135	14	0.3	1	7 7
136	23	0.3	1	10 13
137	12	0.3	1	3 9
138	17	0.3	1	6 11
139	29	0.3	1	4 25
140	11	0.3	1	2 9
141	16	0.3	1	4 12
142	30	0.3	1	8 22
143	17	0.3	1	2 15
144	18	0.3	1	7 11
145	19	0.3	1	3 16
146	23	0.3	1	5 18
147	12	0.3	1	4 8
148	16	0.3	1	6 10
149	24	0.3	1	2 22
150	1282	0.3	1	5 1277

RUN STATISTICS FOR INPUT FILE: s030_R1_001.fastq.gz
=============================================
21133994 sequences processed in total

