
SUMMARISING RUN PARAMETERS
==========================
Input filename: s034_R1_001.fastq.gz
Trimming mode: paired-end
Trim Galore version: 0.6.10
Cutadapt version: 3.4
Number of cores used for trimming: 1
Quality Phred score cutoff: 20
Quality encoding type selected: ASCII+33
Using Illumina adapter for trimming (count: 3355). Second best hit was smallRNA (count: 10)
Adapter sequence: 'AGATCGGAAGAGC' (Illumina TruSeq, Sanger iPCR; auto-detected)
Maximum trimming error rate: 0.1 (default)
Minimum required adapter overlap (stringency): 1 bp
Minimum required sequence length for both reads before a sequence pair gets removed: 20 bp
Running FastQC on the data once trimming has completed
Output file will be GZIP compressed


This is cutadapt 3.4 with Python 3.9.2
Command line parameters: -j 1 -e 0.1 -q 20 -O 1 -a AGATCGGAAGAGC s034_R1_001.fastq.gz
Processing reads on 1 core in single-end mode ...
Finished in 1846.05 s (81 µs/read; 0.74 M reads/minute).

=== Summary ===

Total reads processed:              22,655,636
Reads with adapters:                 7,691,093 (33.9%)
Reads written (passing filters):    22,655,636 (100.0%)

Total basepairs processed: 3,398,345,400 bp
Quality-trimmed:               6,733,969 bp (0.2%)
Total written (filtered):  3,378,276,246 bp (99.4%)

=== Adapter 1 ===

Sequence: AGATCGGAAGAGC; Type: regular 3'; Length: 13; Trimmed: 7691093 times

No. of allowed errors:
1-9 bp: 0; 10-13 bp: 1

Bases preceding removed adapters:
  A: 34.7%
  C: 25.6%
  G: 19.5%
  T: 20.2%
  none/other: 0.0%

Overview of removed sequences
length	count	expect	max.err	error counts
1	5784183	5663909.0	0	5784183
2	1275200	1415977.2	0	1275200
3	395448	353994.3	0	395448
4	91467	88498.6	0	91467
5	25290	22124.6	0	25290
6	9215	5531.2	0	9215
7	5089	1382.8	0	5089
8	4537	345.7	0	4537
9	3929	86.4	0	3488 441
10	4319	21.6	1	3464 855
11	4015	5.4	1	3454 561
12	3855	1.4	1	3493 362
13	3354	0.3	1	3086 268
14	3437	0.3	1	3137 300
15	3165	0.3	1	2922 243
16	3178	0.3	1	2894 284
17	3301	0.3	1	2975 326
18	3065	0.3	1	2832 233
19	2357	0.3	1	2176 181
20	2841	0.3	1	2635 206
21	2542	0.3	1	2369 173
22	2476	0.3	1	2300 176
23	2434	0.3	1	2224 210
24	2271	0.3	1	2066 205
25	2197	0.3	1	2032 165
26	2019	0.3	1	1876 143
27	2090	0.3	1	1946 144
28	1971	0.3	1	1820 151
29	1885	0.3	1	1736 149
30	1786	0.3	1	1665 121
31	1598	0.3	1	1496 102
32	1683	0.3	1	1571 112
33	1540	0.3	1	1419 121
34	1462	0.3	1	1356 106
35	1499	0.3	1	1400 99
36	1549	0.3	1	1395 154
37	1178	0.3	1	1102 76
38	1075	0.3	1	987 88
39	1086	0.3	1	997 89
40	1350	0.3	1	1235 115
41	1194	0.3	1	1100 94
42	1052	0.3	1	981 71
43	1039	0.3	1	944 95
44	912	0.3	1	824 88
45	1533	0.3	1	1454 79
46	432	0.3	1	383 49
47	732	0.3	1	671 61
48	1904	0.3	1	1783 121
49	602	0.3	1	543 59
50	331	0.3	1	280 51
51	840	0.3	1	784 56
52	647	0.3	1	610 37
53	376	0.3	1	333 43
54	768	0.3	1	716 52
55	1260	0.3	1	1221 39
56	393	0.3	1	357 36
57	493	0.3	1	449 44
58	291	0.3	1	253 38
59	459	0.3	1	414 45
60	163	0.3	1	144 19
61	156	0.3	1	119 37
62	617	0.3	1	582 35
63	242	0.3	1	212 30
64	151	0.3	1	123 28
65	202	0.3	1	167 35
66	606	0.3	1	549 57
67	93	0.3	1	68 25
68	179	0.3	1	152 27
69	96	0.3	1	76 20
70	95	0.3	1	63 32
71	33	0.3	1	16 17
72	62	0.3	1	38 24
73	107	0.3	1	85 22
74	145	0.3	1	120 25
75	156	0.3	1	135 21
76	159	0.3	1	138 21
77	176	0.3	1	146 30
78	140	0.3	1	122 18
79	178	0.3	1	149 29
80	169	0.3	1	137 32
81	147	0.3	1	113 34
82	135	0.3	1	108 27
83	131	0.3	1	106 25
84	118	0.3	1	93 25
85	114	0.3	1	95 19
86	94	0.3	1	80 14
87	125	0.3	1	91 34
88	74	0.3	1	51 23
89	97	0.3	1	65 32
90	119	0.3	1	82 37
91	125	0.3	1	88 37
92	81	0.3	1	61 20
93	90	0.3	1	62 28
94	105	0.3	1	70 35
95	75	0.3	1	46 29
96	79	0.3	1	55 24
97	57	0.3	1	38 19
98	75	0.3	1	54 21
99	76	0.3	1	45 31
100	68	0.3	1	39 29
101	71	0.3	1	39 32
102	39	0.3	1	29 10
103	64	0.3	1	39 25
104	60	0.3	1	32 28
105	51	0.3	1	28 23
106	63	0.3	1	26 37
107	38	0.3	1	18 20
108	63	0.3	1	26 37
109	48	0.3	1	27 21
110	49	0.3	1	26 23
111	36	0.3	1	24 12
112	37	0.3	1	16 21
113	34	0.3	1	17 17
114	39	0.3	1	15 24
115	29	0.3	1	12 17
116	24	0.3	1	10 14
117	39	0.3	1	15 24
118	29	0.3	1	15 14
119	30	0.3	1	10 20
120	30	0.3	1	11 19
121	37	0.3	1	14 23
122	36	0.3	1	14 22
123	37	0.3	1	18 19
124	35	0.3	1	9 26
125	32	0.3	1	9 23
126	33	0.3	1	20 13
127	38	0.3	1	14 24
128	45	0.3	1	9 36
129	29	0.3	1	12 17
130	33	0.3	1	15 18
131	27	0.3	1	10 17
132	36	0.3	1	11 25
133	33	0.3	1	10 23
134	28	0.3	1	4 24
135	29	0.3	1	6 23
136	29	0.3	1	7 22
137	27	0.3	1	6 21
138	29	0.3	1	6 23
139	20	0.3	1	8 12
140	38	0.3	1	3 35
141	19	0.3	1	4 15
142	20	0.3	1	5 15
143	21	0.3	1	5 16
144	15	0.3	1	5 10
145	14	0.3	1	5 9
146	34	0.3	1	4 30
147	28	0.3	1	4 24
148	16	0.3	1	5 11
149	24	0.3	1	0 24
150	1274	0.3	1	5 1269

RUN STATISTICS FOR INPUT FILE: s034_R1_001.fastq.gz
=============================================
22655636 sequences processed in total

