
SUMMARISING RUN PARAMETERS
==========================
Input filename: s035_R1_001.fastq.gz
Trimming mode: paired-end
Trim Galore version: 0.6.10
Cutadapt version: 3.4
Number of cores used for trimming: 1
Quality Phred score cutoff: 20
Quality encoding type selected: ASCII+33
Using Illumina adapter for trimming (count: 2371). Second best hit was smallRNA (count: 8)
Adapter sequence: 'AGATCGGAAGAGC' (Illumina TruSeq, Sanger iPCR; auto-detected)
Maximum trimming error rate: 0.1 (default)
Minimum required adapter overlap (stringency): 1 bp
Minimum required sequence length for both reads before a sequence pair gets removed: 20 bp
Running FastQC on the data once trimming has completed
Output file will be GZIP compressed


This is cutadapt 3.4 with Python 3.9.2
Command line parameters: -j 1 -e 0.1 -q 20 -O 1 -a AGATCGGAAGAGC s035_R1_001.fastq.gz
Processing reads on 1 core in single-end mode ...
Finished in 1616.25 s (82 µs/read; 0.73 M reads/minute).

=== Summary ===

Total reads processed:              19,603,998
Reads with adapters:                 6,924,430 (35.3%)
Reads written (passing filters):    19,603,998 (100.0%)

Total basepairs processed: 2,940,599,700 bp
Quality-trimmed:               6,251,440 bp (0.2%)
Total written (filtered):  2,923,285,937 bp (99.4%)

=== Adapter 1 ===

Sequence: AGATCGGAAGAGC; Type: regular 3'; Length: 13; Trimmed: 6924430 times

No. of allowed errors:
1-9 bp: 0; 10-13 bp: 1

Bases preceding removed adapters:
  A: 35.7%
  C: 24.8%
  G: 17.9%
  T: 21.5%
  none/other: 0.0%

Overview of removed sequences
length	count	expect	max.err	error counts
1	5265143	4900999.5	0	5265143
2	1128418	1225249.9	0	1128418
3	356322	306312.5	0	356322
4	80469	76578.1	0	80469
5	19609	19144.5	0	19609
6	5830	4786.1	0	5830
7	3186	1196.5	0	3186
8	2794	299.1	0	2794
9	2706	74.8	0	2400 306
10	2804	18.7	1	2222 582
11	2520	4.7	1	2124 396
12	2468	1.2	1	2238 230
13	2132	0.3	1	1974 158
14	2093	0.3	1	1921 172
15	2098	0.3	1	1946 152
16	2002	0.3	1	1829 173
17	2054	0.3	1	1843 211
18	1885	0.3	1	1761 124
19	1576	0.3	1	1469 107
20	1714	0.3	1	1587 127
21	1720	0.3	1	1575 145
22	1512	0.3	1	1414 98
23	1454	0.3	1	1350 104
24	1410	0.3	1	1270 140
25	1359	0.3	1	1279 80
26	1324	0.3	1	1221 103
27	1306	0.3	1	1214 92
28	1187	0.3	1	1099 88
29	1153	0.3	1	1035 118
30	1043	0.3	1	952 91
31	1072	0.3	1	997 75
32	1109	0.3	1	1016 93
33	972	0.3	1	893 79
34	891	0.3	1	827 64
35	915	0.3	1	815 100
36	946	0.3	1	830 116
37	713	0.3	1	663 50
38	708	0.3	1	639 69
39	708	0.3	1	647 61
40	755	0.3	1	681 74
41	704	0.3	1	656 48
42	593	0.3	1	543 50
43	601	0.3	1	516 85
44	628	0.3	1	569 59
45	879	0.3	1	810 69
46	247	0.3	1	210 37
47	460	0.3	1	401 59
48	1097	0.3	1	1028 69
49	443	0.3	1	388 55
50	189	0.3	1	149 40
51	478	0.3	1	440 38
52	354	0.3	1	332 22
53	197	0.3	1	178 19
54	449	0.3	1	404 45
55	696	0.3	1	645 51
56	230	0.3	1	197 33
57	255	0.3	1	241 14
58	144	0.3	1	127 17
59	262	0.3	1	221 41
60	101	0.3	1	85 16
61	77	0.3	1	57 20
62	332	0.3	1	296 36
63	145	0.3	1	128 17
64	72	0.3	1	57 15
65	109	0.3	1	79 30
66	299	0.3	1	273 26
67	56	0.3	1	34 22
68	85	0.3	1	69 16
69	60	0.3	1	44 16
70	52	0.3	1	37 15
71	32	0.3	1	12 20
72	33	0.3	1	18 15
73	73	0.3	1	57 16
74	93	0.3	1	75 18
75	98	0.3	1	81 17
76	87	0.3	1	70 17
77	96	0.3	1	74 22
78	90	0.3	1	59 31
79	90	0.3	1	68 22
80	84	0.3	1	73 11
81	93	0.3	1	74 19
82	76	0.3	1	54 22
83	61	0.3	1	38 23
84	81	0.3	1	61 20
85	75	0.3	1	58 17
86	86	0.3	1	56 30
87	57	0.3	1	37 20
88	67	0.3	1	48 19
89	64	0.3	1	40 24
90	66	0.3	1	45 21
91	44	0.3	1	36 8
92	47	0.3	1	37 10
93	67	0.3	1	43 24
94	67	0.3	1	38 29
95	58	0.3	1	35 23
96	50	0.3	1	33 17
97	52	0.3	1	32 20
98	40	0.3	1	26 14
99	39	0.3	1	25 14
100	47	0.3	1	27 20
101	47	0.3	1	28 19
102	46	0.3	1	25 21
103	47	0.3	1	22 25
104	26	0.3	1	14 12
105	34	0.3	1	17 17
106	30	0.3	1	15 15
107	26	0.3	1	14 12
108	26	0.3	1	16 10
109	39	0.3	1	20 19
110	31	0.3	1	14 17
111	26	0.3	1	9 17
112	34	0.3	1	10 24
113	31	0.3	1	13 18
114	41	0.3	1	18 23
115	29	0.3	1	16 13
116	22	0.3	1	11 11
117	28	0.3	1	12 16
118	16	0.3	1	6 10
119	36	0.3	1	14 22
120	19	0.3	1	9 10
121	15	0.3	1	9 6
122	20	0.3	1	5 15
123	26	0.3	1	7 19
124	31	0.3	1	5 26
125	21	0.3	1	9 12
126	12	0.3	1	5 7
127	17	0.3	1	7 10
128	19	0.3	1	8 11
129	23	0.3	1	9 14
130	16	0.3	1	8 8
131	18	0.3	1	3 15
132	23	0.3	1	7 16
133	19	0.3	1	8 11
134	20	0.3	1	10 10
135	24	0.3	1	10 14
136	25	0.3	1	10 15
137	13	0.3	1	3 10
138	11	0.3	1	5 6
139	11	0.3	1	3 8
140	23	0.3	1	6 17
141	10	0.3	1	1 9
142	9	0.3	1	4 5
143	20	0.3	1	1 19
144	16	0.3	1	1 15
145	18	0.3	1	5 13
146	14	0.3	1	4 10
147	13	0.3	1	2 11
148	15	0.3	1	2 13
149	13	0.3	1	3 10
150	894	0.3	1	1 893

RUN STATISTICS FOR INPUT FILE: s035_R1_001.fastq.gz
=============================================
19603998 sequences processed in total

