
SUMMARISING RUN PARAMETERS
==========================
Input filename: s036_R1_001.fastq.gz
Trimming mode: paired-end
Trim Galore version: 0.6.10
Cutadapt version: 3.4
Number of cores used for trimming: 1
Quality Phred score cutoff: 20
Quality encoding type selected: ASCII+33
Using Illumina adapter for trimming (count: 2847). Second best hit was Nextera (count: 5)
Adapter sequence: 'AGATCGGAAGAGC' (Illumina TruSeq, Sanger iPCR; auto-detected)
Maximum trimming error rate: 0.1 (default)
Minimum required adapter overlap (stringency): 1 bp
Minimum required sequence length for both reads before a sequence pair gets removed: 20 bp
Running FastQC on the data once trimming has completed
Output file will be GZIP compressed


This is cutadapt 3.4 with Python 3.9.2
Command line parameters: -j 1 -e 0.1 -q 20 -O 1 -a AGATCGGAAGAGC s036_R1_001.fastq.gz
Processing reads on 1 core in single-end mode ...
Finished in 2079.37 s (81 µs/read; 0.74 M reads/minute).

=== Summary ===

Total reads processed:              25,675,607
Reads with adapters:                 9,343,622 (36.4%)
Reads written (passing filters):    25,675,607 (100.0%)

Total basepairs processed: 3,851,341,050 bp
Quality-trimmed:               7,614,423 bp (0.2%)
Total written (filtered):  3,828,314,855 bp (99.4%)

=== Adapter 1 ===

Sequence: AGATCGGAAGAGC; Type: regular 3'; Length: 13; Trimmed: 9343622 times

No. of allowed errors:
1-9 bp: 0; 10-13 bp: 1

Bases preceding removed adapters:
  A: 37.2%
  C: 24.1%
  G: 17.1%
  T: 21.7%
  none/other: 0.0%

Overview of removed sequences
length	count	expect	max.err	error counts
1	7176503	6418901.8	0	7176503
2	1436966	1604725.4	0	1436966
3	469028	401181.4	0	469028
4	110998	100295.3	0	110998
5	26136	25073.8	0	26136
6	8351	6268.5	0	8351
7	5056	1567.1	0	5056
8	4919	391.8	0	4919
9	4602	97.9	0	4228 374
10	4735	24.5	1	3919 816
11	4561	6.1	1	3979 582
12	4285	1.5	1	3952 333
13	3596	0.4	1	3375 221
14	3817	0.4	1	3475 342
15	3446	0.4	1	3211 235
16	3551	0.4	1	3291 260
17	3525	0.4	1	3217 308
18	2949	0.4	1	2756 193
19	2756	0.4	1	2585 171
20	2773	0.4	1	2589 184
21	2820	0.4	1	2615 205
22	2498	0.4	1	2337 161
23	2637	0.4	1	2458 179
24	2542	0.4	1	2348 194
25	2375	0.4	1	2206 169
26	2180	0.4	1	2033 147
27	2278	0.4	1	2129 149
28	1924	0.4	1	1797 127
29	2041	0.4	1	1859 182
30	1795	0.4	1	1707 88
31	1711	0.4	1	1592 119
32	1645	0.4	1	1557 88
33	1669	0.4	1	1536 133
34	1665	0.4	1	1524 141
35	1615	0.4	1	1470 145
36	1350	0.4	1	1245 105
37	1580	0.4	1	1468 112
38	1718	0.4	1	1630 88
39	493	0.4	1	434 59
40	1079	0.4	1	1023 56
41	1196	0.4	1	1111 85
42	1076	0.4	1	1002 74
43	1163	0.4	1	1074 89
44	941	0.4	1	865 76
45	1416	0.4	1	1324 92
46	519	0.4	1	466 53
47	541	0.4	1	485 56
48	935	0.4	1	860 75
49	679	0.4	1	630 49
50	534	0.4	1	485 49
51	808	0.4	1	738 70
52	562	0.4	1	529 33
53	447	0.4	1	396 51
54	556	0.4	1	507 49
55	817	0.4	1	762 55
56	491	0.4	1	444 47
57	513	0.4	1	477 36
58	447	0.4	1	415 32
59	525	0.4	1	474 51
60	244	0.4	1	223 21
61	218	0.4	1	191 27
62	531	0.4	1	501 30
63	391	0.4	1	348 43
64	227	0.4	1	197 30
65	242	0.4	1	215 27
66	571	0.4	1	532 39
67	213	0.4	1	179 34
68	281	0.4	1	253 28
69	160	0.4	1	127 33
70	139	0.4	1	116 23
71	51	0.4	1	27 24
72	74	0.4	1	47 27
73	117	0.4	1	98 19
74	169	0.4	1	147 22
75	179	0.4	1	147 32
76	176	0.4	1	152 24
77	166	0.4	1	141 25
78	148	0.4	1	114 34
79	140	0.4	1	126 14
80	111	0.4	1	84 27
81	125	0.4	1	97 28
82	133	0.4	1	108 25
83	123	0.4	1	100 23
84	120	0.4	1	95 25
85	114	0.4	1	93 21
86	108	0.4	1	70 38
87	115	0.4	1	82 33
88	82	0.4	1	61 21
89	103	0.4	1	78 25
90	89	0.4	1	51 38
91	77	0.4	1	60 17
92	96	0.4	1	62 34
93	100	0.4	1	79 21
94	73	0.4	1	50 23
95	84	0.4	1	56 28
96	63	0.4	1	35 28
97	67	0.4	1	40 27
98	52	0.4	1	35 17
99	62	0.4	1	33 29
100	62	0.4	1	41 21
101	48	0.4	1	29 19
102	58	0.4	1	41 17
103	60	0.4	1	33 27
104	38	0.4	1	23 15
105	61	0.4	1	34 27
106	53	0.4	1	25 28
107	41	0.4	1	23 18
108	44	0.4	1	22 22
109	46	0.4	1	22 24
110	53	0.4	1	26 27
111	48	0.4	1	27 21
112	36	0.4	1	21 15
113	38	0.4	1	20 18
114	47	0.4	1	24 23
115	41	0.4	1	21 20
116	30	0.4	1	12 18
117	43	0.4	1	16 27
118	34	0.4	1	14 20
119	29	0.4	1	16 13
120	44	0.4	1	12 32
121	24	0.4	1	12 12
122	25	0.4	1	13 12
123	30	0.4	1	14 16
124	32	0.4	1	14 18
125	42	0.4	1	19 23
126	30	0.4	1	17 13
127	40	0.4	1	14 26
128	27	0.4	1	9 18
129	23	0.4	1	12 11
130	40	0.4	1	14 26
131	21	0.4	1	8 13
132	19	0.4	1	8 11
133	17	0.4	1	8 9
134	21	0.4	1	13 8
135	17	0.4	1	10 7
136	30	0.4	1	8 22
137	22	0.4	1	4 18
138	26	0.4	1	9 17
139	15	0.4	1	5 10
140	21	0.4	1	4 17
141	15	0.4	1	4 11
142	26	0.4	1	7 19
143	21	0.4	1	5 16
144	17	0.4	1	5 12
145	18	0.4	1	5 13
146	22	0.4	1	6 16
147	21	0.4	1	6 15
148	15	0.4	1	5 10
149	23	0.4	1	2 21
150	1300	0.4	1	0 1300

RUN STATISTICS FOR INPUT FILE: s036_R1_001.fastq.gz
=============================================
25675607 sequences processed in total

