
SUMMARISING RUN PARAMETERS
==========================
Input filename: s040_R1_001.fastq.gz
Trimming mode: paired-end
Trim Galore version: 0.6.10
Cutadapt version: 3.4
Number of cores used for trimming: 1
Quality Phred score cutoff: 20
Quality encoding type selected: ASCII+33
Using Illumina adapter for trimming (count: 1973). Second best hit was smallRNA (count: 5)
Adapter sequence: 'AGATCGGAAGAGC' (Illumina TruSeq, Sanger iPCR; auto-detected)
Maximum trimming error rate: 0.1 (default)
Minimum required adapter overlap (stringency): 1 bp
Minimum required sequence length for both reads before a sequence pair gets removed: 20 bp
Running FastQC on the data once trimming has completed
Output file will be GZIP compressed


This is cutadapt 3.4 with Python 3.9.2
Command line parameters: -j 1 -e 0.1 -q 20 -O 1 -a AGATCGGAAGAGC s040_R1_001.fastq.gz
Processing reads on 1 core in single-end mode ...
Finished in 2127.76 s (81 µs/read; 0.74 M reads/minute).

=== Summary ===

Total reads processed:              26,281,851
Reads with adapters:                 9,394,258 (35.7%)
Reads written (passing filters):    26,281,851 (100.0%)

Total basepairs processed: 3,942,277,650 bp
Quality-trimmed:               7,732,058 bp (0.2%)
Total written (filtered):  3,919,918,637 bp (99.4%)

=== Adapter 1 ===

Sequence: AGATCGGAAGAGC; Type: regular 3'; Length: 13; Trimmed: 9394258 times

No. of allowed errors:
1-9 bp: 0; 10-13 bp: 1

Bases preceding removed adapters:
  A: 36.3%
  C: 24.6%
  G: 17.4%
  T: 21.6%
  none/other: 0.0%

Overview of removed sequences
length	count	expect	max.err	error counts
1	7200698	6570462.8	0	7200698
2	1491910	1642615.7	0	1491910
3	476312	410653.9	0	476312
4	110942	102663.5	0	110942
5	25843	25665.9	0	25843
6	7119	6416.5	0	7119
7	3761	1604.1	0	3761
8	3410	401.0	0	3410
9	3176	100.3	0	2776 400
10	3384	25.1	1	2634 750
11	3210	6.3	1	2707 503
12	2877	1.6	1	2592 285
13	2422	0.4	1	2273 149
14	2502	0.4	1	2294 208
15	2312	0.4	1	2142 170
16	2430	0.4	1	2203 227
17	2295	0.4	1	2087 208
18	2147	0.4	1	1991 156
19	1985	0.4	1	1854 131
20	2064	0.4	1	1905 159
21	1993	0.4	1	1814 179
22	1902	0.4	1	1762 140
23	1775	0.4	1	1626 149
24	1760	0.4	1	1580 180
25	1543	0.4	1	1418 125
26	1546	0.4	1	1439 107
27	1593	0.4	1	1481 112
28	1375	0.4	1	1279 96
29	1380	0.4	1	1253 127
30	1349	0.4	1	1247 102
31	1264	0.4	1	1182 82
32	1249	0.4	1	1153 96
33	1146	0.4	1	1060 86
34	1092	0.4	1	1017 75
35	1123	0.4	1	1012 111
36	1044	0.4	1	971 73
37	1087	0.4	1	1007 80
38	1153	0.4	1	1080 73
39	341	0.4	1	290 51
40	760	0.4	1	714 46
41	828	0.4	1	761 67
42	777	0.4	1	700 77
43	882	0.4	1	795 87
44	696	0.4	1	624 72
45	1017	0.4	1	959 58
46	418	0.4	1	364 54
47	426	0.4	1	383 43
48	706	0.4	1	647 59
49	482	0.4	1	428 54
50	396	0.4	1	355 41
51	602	0.4	1	551 51
52	450	0.4	1	412 38
53	289	0.4	1	254 35
54	395	0.4	1	354 41
55	532	0.4	1	493 39
56	361	0.4	1	319 42
57	370	0.4	1	331 39
58	277	0.4	1	247 30
59	308	0.4	1	279 29
60	188	0.4	1	157 31
61	153	0.4	1	129 24
62	332	0.4	1	296 36
63	251	0.4	1	207 44
64	136	0.4	1	100 36
65	178	0.4	1	129 49
66	360	0.4	1	324 36
67	113	0.4	1	96 17
68	208	0.4	1	180 28
69	97	0.4	1	69 28
70	91	0.4	1	58 33
71	44	0.4	1	25 19
72	51	0.4	1	33 18
73	80	0.4	1	66 14
74	110	0.4	1	79 31
75	104	0.4	1	89 15
76	109	0.4	1	83 26
77	99	0.4	1	64 35
78	106	0.4	1	86 20
79	89	0.4	1	53 36
80	79	0.4	1	54 25
81	105	0.4	1	69 36
82	80	0.4	1	53 27
83	71	0.4	1	48 23
84	88	0.4	1	60 28
85	73	0.4	1	58 15
86	76	0.4	1	47 29
87	51	0.4	1	31 20
88	72	0.4	1	47 25
89	58	0.4	1	35 23
90	67	0.4	1	38 29
91	65	0.4	1	41 24
92	65	0.4	1	40 25
93	43	0.4	1	29 14
94	59	0.4	1	39 20
95	52	0.4	1	28 24
96	58	0.4	1	27 31
97	43	0.4	1	22 21
98	42	0.4	1	26 16
99	54	0.4	1	30 24
100	39	0.4	1	20 19
101	43	0.4	1	25 18
102	19	0.4	1	10 9
103	35	0.4	1	16 19
104	31	0.4	1	11 20
105	40	0.4	1	16 24
106	47	0.4	1	21 26
107	49	0.4	1	19 30
108	41	0.4	1	14 27
109	29	0.4	1	17 12
110	43	0.4	1	17 26
111	41	0.4	1	19 22
112	40	0.4	1	14 26
113	25	0.4	1	10 15
114	24	0.4	1	10 14
115	34	0.4	1	13 21
116	33	0.4	1	12 21
117	31	0.4	1	12 19
118	22	0.4	1	13 9
119	25	0.4	1	13 12
120	29	0.4	1	7 22
121	34	0.4	1	15 19
122	24	0.4	1	7 17
123	21	0.4	1	7 14
124	25	0.4	1	8 17
125	37	0.4	1	16 21
126	35	0.4	1	6 29
127	28	0.4	1	5 23
128	27	0.4	1	8 19
129	20	0.4	1	3 17
130	28	0.4	1	6 22
131	20	0.4	1	4 16
132	27	0.4	1	10 17
133	13	0.4	1	4 9
134	28	0.4	1	7 21
135	31	0.4	1	9 22
136	23	0.4	1	8 15
137	13	0.4	1	4 9
138	33	0.4	1	9 24
139	18	0.4	1	3 15
140	24	0.4	1	7 17
141	25	0.4	1	6 19
142	19	0.4	1	4 15
143	21	0.4	1	5 16
144	29	0.4	1	8 21
145	26	0.4	1	4 22
146	14	0.4	1	5 9
147	19	0.4	1	8 11
148	14	0.4	1	4 10
149	21	0.4	1	1 20
150	1155	0.4	1	5 1150

RUN STATISTICS FOR INPUT FILE: s040_R1_001.fastq.gz
=============================================
26281851 sequences processed in total

