
SUMMARISING RUN PARAMETERS
==========================
Input filename: s044_R1_001.fastq.gz
Trimming mode: paired-end
Trim Galore version: 0.6.10
Cutadapt version: 3.4
Number of cores used for trimming: 1
Quality Phred score cutoff: 20
Quality encoding type selected: ASCII+33
Using Illumina adapter for trimming (count: 2592). Second best hit was Nextera (count: 4)
Adapter sequence: 'AGATCGGAAGAGC' (Illumina TruSeq, Sanger iPCR; auto-detected)
Maximum trimming error rate: 0.1 (default)
Minimum required adapter overlap (stringency): 1 bp
Minimum required sequence length for both reads before a sequence pair gets removed: 20 bp
Running FastQC on the data once trimming has completed
Output file will be GZIP compressed


This is cutadapt 3.4 with Python 3.9.2
Command line parameters: -j 1 -e 0.1 -q 20 -O 1 -a AGATCGGAAGAGC s044_R1_001.fastq.gz
Processing reads on 1 core in single-end mode ...
Finished in 1581.02 s (56 µs/read; 1.08 M reads/minute).

=== Summary ===

Total reads processed:              28,457,391
Reads with adapters:                10,460,804 (36.8%)
Reads written (passing filters):    28,457,391 (100.0%)

Total basepairs processed: 4,268,608,650 bp
Quality-trimmed:               8,196,804 bp (0.2%)
Total written (filtered):  4,243,389,327 bp (99.4%)

=== Adapter 1 ===

Sequence: AGATCGGAAGAGC; Type: regular 3'; Length: 13; Trimmed: 10460804 times

No. of allowed errors:
1-9 bp: 0; 10-13 bp: 1

Bases preceding removed adapters:
  A: 37.0%
  C: 24.2%
  G: 16.7%
  T: 22.2%
  none/other: 0.0%

Overview of removed sequences
length	count	expect	max.err	error counts
1	8040349	7114347.8	0	8040349
2	1609822	1778586.9	0	1609822
3	529436	444646.7	0	529436
4	123870	111161.7	0	123870
5	28125	27790.4	0	28125
6	8388	6947.6	0	8388
7	4990	1736.9	0	4990
8	4872	434.2	0	4872
9	4508	108.6	0	4055 453
10	4787	27.1	1	3932 855
11	4601	6.8	1	3988 613
12	4134	1.7	1	3811 323
13	3531	0.4	1	3289 242
14	3762	0.4	1	3471 291
15	3552	0.4	1	3302 250
16	3591	0.4	1	3277 314
17	3495	0.4	1	3184 311
18	3136	0.4	1	2947 189
19	2863	0.4	1	2685 178
20	2972	0.4	1	2768 204
21	2975	0.4	1	2761 214
22	2747	0.4	1	2577 170
23	2775	0.4	1	2602 173
24	2607	0.4	1	2397 210
25	2458	0.4	1	2294 164
26	2411	0.4	1	2260 151
27	2412	0.4	1	2243 169
28	2177	0.4	1	2057 120
29	2199	0.4	1	2044 155
30	2061	0.4	1	1945 116
31	1868	0.4	1	1752 116
32	1839	0.4	1	1743 96
33	1884	0.4	1	1760 124
34	1829	0.4	1	1709 120
35	1751	0.4	1	1619 132
36	1665	0.4	1	1557 108
37	1814	0.4	1	1736 78
38	1991	0.4	1	1877 114
39	612	0.4	1	544 68
40	1302	0.4	1	1228 74
41	1255	0.4	1	1163 92
42	1247	0.4	1	1147 100
43	1283	0.4	1	1188 95
44	1110	0.4	1	1014 96
45	1631	0.4	1	1538 93
46	592	0.4	1	537 55
47	642	0.4	1	583 59
48	1107	0.4	1	1045 62
49	766	0.4	1	716 50
50	699	0.4	1	645 54
51	939	0.4	1	874 65
52	704	0.4	1	655 49
53	464	0.4	1	418 46
54	650	0.4	1	604 46
55	855	0.4	1	806 49
56	582	0.4	1	524 58
57	621	0.4	1	565 56
58	468	0.4	1	428 40
59	519	0.4	1	472 47
60	267	0.4	1	241 26
61	217	0.4	1	183 34
62	508	0.4	1	473 35
63	375	0.4	1	339 36
64	213	0.4	1	183 30
65	267	0.4	1	239 28
66	513	0.4	1	478 35
67	181	0.4	1	159 22
68	320	0.4	1	286 34
69	155	0.4	1	133 22
70	101	0.4	1	80 21
71	43	0.4	1	22 21
72	71	0.4	1	52 19
73	118	0.4	1	79 39
74	132	0.4	1	111 21
75	163	0.4	1	136 27
76	144	0.4	1	112 32
77	144	0.4	1	116 28
78	114	0.4	1	92 22
79	159	0.4	1	120 39
80	103	0.4	1	89 14
81	105	0.4	1	82 23
82	101	0.4	1	81 20
83	103	0.4	1	72 31
84	73	0.4	1	52 21
85	93	0.4	1	57 36
86	64	0.4	1	47 17
87	67	0.4	1	44 23
88	75	0.4	1	58 17
89	74	0.4	1	49 25
90	79	0.4	1	50 29
91	63	0.4	1	42 21
92	54	0.4	1	39 15
93	62	0.4	1	30 32
94	63	0.4	1	46 17
95	59	0.4	1	32 27
96	57	0.4	1	40 17
97	67	0.4	1	37 30
98	50	0.4	1	26 24
99	48	0.4	1	31 17
100	32	0.4	1	14 18
101	44	0.4	1	21 23
102	44	0.4	1	23 21
103	41	0.4	1	28 13
104	33	0.4	1	17 16
105	43	0.4	1	27 16
106	47	0.4	1	28 19
107	30	0.4	1	10 20
108	28	0.4	1	16 12
109	30	0.4	1	14 16
110	46	0.4	1	23 23
111	30	0.4	1	10 20
112	24	0.4	1	10 14
113	38	0.4	1	14 24
114	35	0.4	1	15 20
115	34	0.4	1	20 14
116	32	0.4	1	15 17
117	37	0.4	1	13 24
118	34	0.4	1	13 21
119	25	0.4	1	10 15
120	16	0.4	1	7 9
121	27	0.4	1	9 18
122	23	0.4	1	6 17
123	23	0.4	1	5 18
124	33	0.4	1	8 25
125	24	0.4	1	9 15
126	24	0.4	1	8 16
127	28	0.4	1	14 14
128	25	0.4	1	7 18
129	19	0.4	1	6 13
130	22	0.4	1	8 14
131	28	0.4	1	7 21
132	26	0.4	1	11 15
133	29	0.4	1	7 22
134	15	0.4	1	3 12
135	23	0.4	1	8 15
136	28	0.4	1	5 23
137	17	0.4	1	5 12
138	25	0.4	1	8 17
139	16	0.4	1	6 10
140	15	0.4	1	6 9
141	26	0.4	1	13 13
142	14	0.4	1	2 12
143	19	0.4	1	3 16
144	11	0.4	1	2 9
145	26	0.4	1	5 21
146	25	0.4	1	6 19
147	22	0.4	1	8 14
148	26	0.4	1	6 20
149	22	0.4	1	1 21
150	1460	0.4	1	6 1454

RUN STATISTICS FOR INPUT FILE: s044_R1_001.fastq.gz
=============================================
28457391 sequences processed in total

