
SUMMARISING RUN PARAMETERS
==========================
Input filename: s050_R1_001.fastq.gz
Trimming mode: paired-end
Trim Galore version: 0.6.10
Cutadapt version: 3.4
Number of cores used for trimming: 1
Quality Phred score cutoff: 20
Quality encoding type selected: ASCII+33
Using Illumina adapter for trimming (count: 2249). Second best hit was Nextera (count: 10)
Adapter sequence: 'AGATCGGAAGAGC' (Illumina TruSeq, Sanger iPCR; auto-detected)
Maximum trimming error rate: 0.1 (default)
Minimum required adapter overlap (stringency): 1 bp
Minimum required sequence length for both reads before a sequence pair gets removed: 20 bp
Running FastQC on the data once trimming has completed
Output file will be GZIP compressed


This is cutadapt 3.4 with Python 3.9.2
Command line parameters: -j 1 -e 0.1 -q 20 -O 1 -a AGATCGGAAGAGC s050_R1_001.fastq.gz
Processing reads on 1 core in single-end mode ...
Finished in 2056.92 s (84 µs/read; 0.72 M reads/minute).

=== Summary ===

Total reads processed:              24,525,263
Reads with adapters:                 8,604,791 (35.1%)
Reads written (passing filters):    24,525,263 (100.0%)

Total basepairs processed: 3,678,789,450 bp
Quality-trimmed:               8,554,242 bp (0.2%)
Total written (filtered):  3,656,520,320 bp (99.4%)

=== Adapter 1 ===

Sequence: AGATCGGAAGAGC; Type: regular 3'; Length: 13; Trimmed: 8604791 times

No. of allowed errors:
1-9 bp: 0; 10-13 bp: 1

Bases preceding removed adapters:
  A: 36.3%
  C: 24.8%
  G: 17.7%
  T: 21.1%
  none/other: 0.0%

Overview of removed sequences
length	count	expect	max.err	error counts
1	6613658	6131315.8	0	6613658
2	1342327	1532828.9	0	1342327
3	422544	383207.2	0	422544
4	105727	95801.8	0	105727
5	25486	23950.5	0	25486
6	8542	5987.6	0	8542
7	4349	1496.9	0	4349
8	4058	374.2	0	4058
9	3272	93.6	0	2900 372
10	3754	23.4	1	2952 802
11	3438	5.8	1	2915 523
12	3333	1.5	1	3048 285
13	2682	0.4	1	2446 236
14	2682	0.4	1	2444 238
15	2578	0.4	1	2363 215
16	2593	0.4	1	2348 245
17	2664	0.4	1	2385 279
18	2326	0.4	1	2134 192
19	1954	0.4	1	1818 136
20	2156	0.4	1	1982 174
21	2021	0.4	1	1866 155
22	1985	0.4	1	1828 157
23	1922	0.4	1	1785 137
24	1804	0.4	1	1638 166
25	1755	0.4	1	1616 139
26	1683	0.4	1	1559 124
27	1701	0.4	1	1540 161
28	1497	0.4	1	1363 134
29	1386	0.4	1	1250 136
30	1286	0.4	1	1199 87
31	1208	0.4	1	1110 98
32	1299	0.4	1	1206 93
33	1198	0.4	1	1110 88
34	1187	0.4	1	1080 107
35	1027	0.4	1	937 90
36	1075	0.4	1	980 95
37	1008	0.4	1	929 79
38	901	0.4	1	826 75
39	809	0.4	1	738 71
40	841	0.4	1	768 73
41	875	0.4	1	793 82
42	735	0.4	1	684 51
43	660	0.4	1	589 71
44	643	0.4	1	581 62
45	999	0.4	1	934 65
46	261	0.4	1	216 45
47	451	0.4	1	406 45
48	884	0.4	1	797 87
49	441	0.4	1	395 46
50	300	0.4	1	262 38
51	512	0.4	1	458 54
52	400	0.4	1	354 46
53	282	0.4	1	248 34
54	384	0.4	1	331 53
55	620	0.4	1	563 57
56	326	0.4	1	292 34
57	352	0.4	1	319 33
58	253	0.4	1	219 34
59	313	0.4	1	281 32
60	160	0.4	1	123 37
61	136	0.4	1	100 36
62	329	0.4	1	297 32
63	216	0.4	1	198 18
64	103	0.4	1	80 23
65	134	0.4	1	108 26
66	356	0.4	1	320 36
67	96	0.4	1	74 22
68	158	0.4	1	129 29
69	104	0.4	1	71 33
70	92	0.4	1	61 31
71	22	0.4	1	13 9
72	50	0.4	1	30 20
73	86	0.4	1	64 22
74	113	0.4	1	84 29
75	104	0.4	1	80 24
76	107	0.4	1	88 19
77	110	0.4	1	84 26
78	111	0.4	1	88 23
79	100	0.4	1	71 29
80	91	0.4	1	77 14
81	88	0.4	1	66 22
82	97	0.4	1	72 25
83	98	0.4	1	69 29
84	87	0.4	1	57 30
85	65	0.4	1	39 26
86	77	0.4	1	49 28
87	68	0.4	1	39 29
88	64	0.4	1	42 22
89	82	0.4	1	53 29
90	72	0.4	1	50 22
91	55	0.4	1	35 20
92	71	0.4	1	41 30
93	57	0.4	1	29 28
94	61	0.4	1	38 23
95	70	0.4	1	38 32
96	70	0.4	1	31 39
97	48	0.4	1	33 15
98	66	0.4	1	36 30
99	48	0.4	1	32 16
100	55	0.4	1	33 22
101	48	0.4	1	25 23
102	51	0.4	1	31 20
103	54	0.4	1	17 37
104	46	0.4	1	25 21
105	42	0.4	1	20 22
106	43	0.4	1	14 29
107	50	0.4	1	27 23
108	46	0.4	1	17 29
109	45	0.4	1	19 26
110	39	0.4	1	18 21
111	32	0.4	1	14 18
112	30	0.4	1	9 21
113	34	0.4	1	12 22
114	34	0.4	1	15 19
115	24	0.4	1	9 15
116	26	0.4	1	13 13
117	38	0.4	1	13 25
118	22	0.4	1	15 7
119	31	0.4	1	14 17
120	38	0.4	1	17 21
121	27	0.4	1	11 16
122	56	0.4	1	17 39
123	17	0.4	1	7 10
124	25	0.4	1	8 17
125	24	0.4	1	12 12
126	26	0.4	1	13 13
127	21	0.4	1	5 16
128	36	0.4	1	12 24
129	28	0.4	1	9 19
130	31	0.4	1	9 22
131	24	0.4	1	6 18
132	27	0.4	1	8 19
133	20	0.4	1	7 13
134	20	0.4	1	6 14
135	32	0.4	1	11 21
136	27	0.4	1	5 22
137	26	0.4	1	10 16
138	17	0.4	1	2 15
139	14	0.4	1	4 10
140	26	0.4	1	7 19
141	27	0.4	1	8 19
142	32	0.4	1	7 25
143	21	0.4	1	4 17
144	24	0.4	1	7 17
145	23	0.4	1	5 18
146	31	0.4	1	8 23
147	26	0.4	1	8 18
148	26	0.4	1	5 21
149	22	0.4	1	3 19
150	1678	0.4	1	7 1671

RUN STATISTICS FOR INPUT FILE: s050_R1_001.fastq.gz
=============================================
24525263 sequences processed in total

