
SUMMARISING RUN PARAMETERS
==========================
Input filename: s053_R2_001.fastq.gz
Trimming mode: paired-end
Trim Galore version: 0.6.10
Cutadapt version: 3.4
Number of cores used for trimming: 1
Quality Phred score cutoff: 20
Quality encoding type selected: ASCII+33
Using Illumina adapter for trimming (count: 2496). Second best hit was Nextera (count: 5)
Adapter sequence: 'AGATCGGAAGAGC' (Illumina TruSeq, Sanger iPCR; auto-detected)
Maximum trimming error rate: 0.1 (default)
Minimum required adapter overlap (stringency): 1 bp
Minimum required sequence length for both reads before a sequence pair gets removed: 20 bp
Running FastQC on the data once trimming has completed
Output file will be GZIP compressed


This is cutadapt 3.4 with Python 3.9.2
Command line parameters: -j 1 -e 0.1 -q 20 -O 1 -a AGATCGGAAGAGC s053_R2_001.fastq.gz
Processing reads on 1 core in single-end mode ...
Finished in 2141.47 s (86 µs/read; 0.69 M reads/minute).

=== Summary ===

Total reads processed:              24,793,932
Reads with adapters:                 8,530,685 (34.4%)
Reads written (passing filters):    24,793,932 (100.0%)

Total basepairs processed: 3,719,089,800 bp
Quality-trimmed:              17,110,305 bp (0.5%)
Total written (filtered):  3,686,508,232 bp (99.1%)

=== Adapter 1 ===

Sequence: AGATCGGAAGAGC; Type: regular 3'; Length: 13; Trimmed: 8530685 times

No. of allowed errors:
1-9 bp: 0; 10-13 bp: 1

Bases preceding removed adapters:
  A: 35.4%
  C: 24.4%
  G: 18.7%
  T: 21.6%
  none/other: 0.0%

Overview of removed sequences
length	count	expect	max.err	error counts
1	6444884	6198483.0	0	6444884
2	1439159	1549620.8	0	1439159
3	424502	387405.2	0	424502
4	92341	96851.3	0	92341
5	21589	24212.8	0	21589
6	6971	6053.2	0	6971
7	3529	1513.3	0	3529
8	3253	378.3	0	3253
9	2341	94.6	0	1960 381
10	3314	23.6	1	2332 982
11	2769	5.9	1	2136 633
12	2680	1.5	1	2150 530
13	2349	0.4	1	1976 373
14	2569	0.4	1	2155 414
15	2034	0.4	1	1730 304
16	2122	0.4	1	1826 296
17	2509	0.4	1	2096 413
18	1384	0.4	1	1166 218
19	2682	0.4	1	2263 419
20	1649	0.4	1	1396 253
21	1380	0.4	1	1171 209
22	1706	0.4	1	1482 224
23	1642	0.4	1	1395 247
24	2178	0.4	1	1796 382
25	1720	0.4	1	1491 229
26	1222	0.4	1	1011 211
27	1150	0.4	1	978 172
28	1386	0.4	1	1154 232
29	1319	0.4	1	1133 186
30	1469	0.4	1	1269 200
31	1061	0.4	1	901 160
32	1377	0.4	1	1170 207
33	1285	0.4	1	1063 222
34	961	0.4	1	824 137
35	1090	0.4	1	922 168
36	1564	0.4	1	1305 259
37	1170	0.4	1	985 185
38	816	0.4	1	678 138
39	800	0.4	1	683 117
40	766	0.4	1	648 118
41	830	0.4	1	702 128
42	875	0.4	1	708 167
43	760	0.4	1	639 121
44	882	0.4	1	725 157
45	779	0.4	1	618 161
46	781	0.4	1	615 166
47	780	0.4	1	625 155
48	699	0.4	1	546 153
49	781	0.4	1	629 152
50	586	0.4	1	488 98
51	690	0.4	1	560 130
52	620	0.4	1	505 115
53	630	0.4	1	509 121
54	717	0.4	1	585 132
55	473	0.4	1	367 106
56	627	0.4	1	487 140
57	878	0.4	1	697 181
58	490	0.4	1	383 107
59	447	0.4	1	359 88
60	801	0.4	1	631 170
61	433	0.4	1	348 85
62	406	0.4	1	323 83
63	1180	0.4	1	967 213
64	541	0.4	1	403 138
65	298	0.4	1	233 65
66	383	0.4	1	290 93
67	511	0.4	1	422 89
68	419	0.4	1	336 83
69	437	0.4	1	340 97
70	565	0.4	1	463 102
71	454	0.4	1	363 91
72	425	0.4	1	344 81
73	570	0.4	1	471 99
74	412	0.4	1	357 55
75	357	0.4	1	294 63
76	202	0.4	1	158 44
77	277	0.4	1	200 77
78	292	0.4	1	248 44
79	378	0.4	1	322 56
80	368	0.4	1	289 79
81	358	0.4	1	297 61
82	358	0.4	1	295 63
83	374	0.4	1	295 79
84	350	0.4	1	277 73
85	341	0.4	1	277 64
86	351	0.4	1	269 82
87	356	0.4	1	272 84
88	357	0.4	1	289 68
89	363	0.4	1	290 73
90	402	0.4	1	315 87
91	334	0.4	1	258 76
92	381	0.4	1	319 62
93	324	0.4	1	261 63
94	326	0.4	1	257 69
95	377	0.4	1	312 65
96	365	0.4	1	302 63
97	322	0.4	1	275 47
98	372	0.4	1	303 69
99	346	0.4	1	294 52
100	366	0.4	1	305 61
101	335	0.4	1	262 73
102	341	0.4	1	280 61
103	310	0.4	1	254 56
104	346	0.4	1	291 55
105	314	0.4	1	255 59
106	305	0.4	1	257 48
107	280	0.4	1	226 54
108	297	0.4	1	257 40
109	272	0.4	1	217 55
110	291	0.4	1	237 54
111	270	0.4	1	223 47
112	304	0.4	1	261 43
113	260	0.4	1	206 54
114	268	0.4	1	228 40
115	275	0.4	1	240 35
116	233	0.4	1	201 32
117	244	0.4	1	202 42
118	270	0.4	1	226 44
119	240	0.4	1	194 46
120	251	0.4	1	203 48
121	227	0.4	1	197 30
122	247	0.4	1	198 49
123	188	0.4	1	162 26
124	274	0.4	1	229 45
125	182	0.4	1	155 27
126	217	0.4	1	182 35
127	215	0.4	1	182 33
128	161	0.4	1	144 17
129	181	0.4	1	161 20
130	189	0.4	1	173 16
131	135	0.4	1	117 18
132	167	0.4	1	148 19
133	151	0.4	1	141 10
134	159	0.4	1	146 13
135	115	0.4	1	95 20
136	124	0.4	1	111 13
137	102	0.4	1	81 21
138	131	0.4	1	111 20
139	103	0.4	1	89 14
140	114	0.4	1	95 19
141	84	0.4	1	67 17
142	87	0.4	1	73 14
143	84	0.4	1	70 14
144	93	0.4	1	74 19
145	93	0.4	1	80 13
146	91	0.4	1	76 15
147	54	0.4	1	48 6
148	68	0.4	1	53 15
149	34	0.4	1	22 12
150	60	0.4	1	43 17

RUN STATISTICS FOR INPUT FILE: s053_R2_001.fastq.gz
=============================================
24793932 sequences processed in total

Total number of sequences analysed for the sequence pair length validation: 24793932

Number of sequence pairs removed because at least one read was shorter than the length cutoff (20 bp): 20181 (0.08%)
