
SUMMARISING RUN PARAMETERS
==========================
Input filename: s055_R1_001.fastq.gz
Trimming mode: paired-end
Trim Galore version: 0.6.10
Cutadapt version: 3.4
Number of cores used for trimming: 1
Quality Phred score cutoff: 20
Quality encoding type selected: ASCII+33
Using Illumina adapter for trimming (count: 3455). Second best hit was smallRNA (count: 6)
Adapter sequence: 'AGATCGGAAGAGC' (Illumina TruSeq, Sanger iPCR; auto-detected)
Maximum trimming error rate: 0.1 (default)
Minimum required adapter overlap (stringency): 1 bp
Minimum required sequence length for both reads before a sequence pair gets removed: 20 bp
Running FastQC on the data once trimming has completed
Output file will be GZIP compressed


This is cutadapt 3.4 with Python 3.9.2
Command line parameters: -j 1 -e 0.1 -q 20 -O 1 -a AGATCGGAAGAGC s055_R1_001.fastq.gz
Processing reads on 1 core in single-end mode ...
Finished in 2177.42 s (84 µs/read; 0.72 M reads/minute).

=== Summary ===

Total reads processed:              25,979,695
Reads with adapters:                 9,506,422 (36.6%)
Reads written (passing filters):    25,979,695 (100.0%)

Total basepairs processed: 3,896,954,250 bp
Quality-trimmed:               6,785,495 bp (0.2%)
Total written (filtered):  3,874,289,713 bp (99.4%)

=== Adapter 1 ===

Sequence: AGATCGGAAGAGC; Type: regular 3'; Length: 13; Trimmed: 9506422 times

No. of allowed errors:
1-9 bp: 0; 10-13 bp: 1

Bases preceding removed adapters:
  A: 36.4%
  C: 24.5%
  G: 16.8%
  T: 22.2%
  none/other: 0.0%

Overview of removed sequences
length	count	expect	max.err	error counts
1	7251794	6494923.8	0	7251794
2	1496580	1623730.9	0	1496580
3	480894	405932.7	0	480894
4	113276	101483.2	0	113276
5	26372	25370.8	0	26372
6	8397	6342.7	0	8397
7	5610	1585.7	0	5610
8	5711	396.4	0	5711
9	4784	99.1	0	4345 439
10	5281	24.8	1	4461 820
11	5130	6.2	1	4441 689
12	4714	1.5	1	4295 419
13	4156	0.4	1	3860 296
14	4102	0.4	1	3783 319
15	3898	0.4	1	3652 246
16	3992	0.4	1	3675 317
17	4037	0.4	1	3681 356
18	3584	0.4	1	3328 256
19	3197	0.4	1	2985 212
20	3366	0.4	1	3148 218
21	3270	0.4	1	3020 250
22	3084	0.4	1	2899 185
23	3082	0.4	1	2873 209
24	2584	0.4	1	2389 195
25	2796	0.4	1	2604 192
26	2466	0.4	1	2306 160
27	2515	0.4	1	2368 147
28	2268	0.4	1	2108 160
29	2495	0.4	1	2299 196
30	2133	0.4	1	2017 116
31	1952	0.4	1	1835 117
32	1833	0.4	1	1720 113
33	1919	0.4	1	1766 153
34	1892	0.4	1	1759 133
35	1600	0.4	1	1503 97
36	1578	0.4	1	1452 126
37	1616	0.4	1	1480 136
38	1443	0.4	1	1334 109
39	1538	0.4	1	1437 101
40	1251	0.4	1	1134 117
41	1230	0.4	1	1147 83
42	1456	0.4	1	1349 107
43	1116	0.4	1	994 122
44	1161	0.4	1	1051 110
45	1827	0.4	1	1705 122
46	501	0.4	1	425 76
47	978	0.4	1	882 96
48	4165	0.4	1	3996 169
49	2367	0.4	1	2252 115
50	187	0.4	1	149 38
51	642	0.4	1	604 38
52	604	0.4	1	559 45
53	167	0.4	1	134 33
54	220	0.4	1	179 41
55	425	0.4	1	389 36
56	225	0.4	1	197 28
57	127	0.4	1	96 31
58	95	0.4	1	67 28
59	128	0.4	1	94 34
60	55	0.4	1	42 13
61	67	0.4	1	52 15
62	230	0.4	1	206 24
63	121	0.4	1	93 28
64	90	0.4	1	63 27
65	85	0.4	1	57 28
66	258	0.4	1	216 42
67	41	0.4	1	22 19
68	49	0.4	1	32 17
69	59	0.4	1	36 23
70	66	0.4	1	37 29
71	35	0.4	1	16 19
72	31	0.4	1	11 20
73	53	0.4	1	43 10
74	78	0.4	1	56 22
75	111	0.4	1	90 21
76	110	0.4	1	92 18
77	152	0.4	1	125 27
78	126	0.4	1	104 22
79	138	0.4	1	104 34
80	114	0.4	1	92 22
81	111	0.4	1	87 24
82	120	0.4	1	103 17
83	110	0.4	1	86 24
84	110	0.4	1	76 34
85	109	0.4	1	86 23
86	84	0.4	1	57 27
87	100	0.4	1	65 35
88	86	0.4	1	60 26
89	82	0.4	1	58 24
90	78	0.4	1	55 23
91	61	0.4	1	41 20
92	53	0.4	1	35 18
93	66	0.4	1	49 17
94	66	0.4	1	47 19
95	82	0.4	1	51 31
96	57	0.4	1	36 21
97	61	0.4	1	33 28
98	58	0.4	1	31 27
99	57	0.4	1	37 20
100	56	0.4	1	38 18
101	59	0.4	1	34 25
102	59	0.4	1	37 22
103	59	0.4	1	35 24
104	47	0.4	1	27 20
105	49	0.4	1	26 23
106	43	0.4	1	20 23
107	43	0.4	1	22 21
108	52	0.4	1	28 24
109	35	0.4	1	19 16
110	40	0.4	1	23 17
111	39	0.4	1	19 20
112	36	0.4	1	17 19
113	35	0.4	1	20 15
114	39	0.4	1	15 24
115	33	0.4	1	15 18
116	28	0.4	1	9 19
117	49	0.4	1	19 30
118	46	0.4	1	20 26
119	35	0.4	1	19 16
120	32	0.4	1	10 22
121	34	0.4	1	18 16
122	33	0.4	1	9 24
123	29	0.4	1	13 16
124	24	0.4	1	13 11
125	25	0.4	1	7 18
126	30	0.4	1	15 15
127	19	0.4	1	13 6
128	27	0.4	1	17 10
129	28	0.4	1	10 18
130	21	0.4	1	12 9
131	23	0.4	1	12 11
132	18	0.4	1	9 9
133	13	0.4	1	5 8
134	24	0.4	1	6 18
135	20	0.4	1	5 15
136	20	0.4	1	3 17
137	12	0.4	1	3 9
138	23	0.4	1	6 17
139	13	0.4	1	5 8
140	23	0.4	1	13 10
141	17	0.4	1	9 8
142	17	0.4	1	3 14
143	17	0.4	1	5 12
144	18	0.4	1	3 15
145	22	0.4	1	5 17
146	20	0.4	1	3 17
147	6	0.4	1	1 5
148	17	0.4	1	4 13
149	13	0.4	1	1 12
150	1471	0.4	1	7 1464

RUN STATISTICS FOR INPUT FILE: s055_R1_001.fastq.gz
=============================================
25979695 sequences processed in total

