
SUMMARISING RUN PARAMETERS
==========================
Input filename: s058_R1_001.fastq.gz
Trimming mode: paired-end
Trim Galore version: 0.6.10
Cutadapt version: 3.4
Number of cores used for trimming: 1
Quality Phred score cutoff: 20
Quality encoding type selected: ASCII+33
Using Illumina adapter for trimming (count: 3524). Second best hit was smallRNA (count: 4)
Adapter sequence: 'AGATCGGAAGAGC' (Illumina TruSeq, Sanger iPCR; auto-detected)
Maximum trimming error rate: 0.1 (default)
Minimum required adapter overlap (stringency): 1 bp
Minimum required sequence length for both reads before a sequence pair gets removed: 20 bp
Running FastQC on the data once trimming has completed
Output file will be GZIP compressed


This is cutadapt 3.4 with Python 3.9.2
Command line parameters: -j 1 -e 0.1 -q 20 -O 1 -a AGATCGGAAGAGC s058_R1_001.fastq.gz
Processing reads on 1 core in single-end mode ...
Finished in 1461.14 s (57 µs/read; 1.05 M reads/minute).

=== Summary ===

Total reads processed:              25,653,466
Reads with adapters:                 9,274,946 (36.2%)
Reads written (passing filters):    25,653,466 (100.0%)

Total basepairs processed: 3,848,019,900 bp
Quality-trimmed:               6,052,747 bp (0.2%)
Total written (filtered):  3,826,217,481 bp (99.4%)

=== Adapter 1 ===

Sequence: AGATCGGAAGAGC; Type: regular 3'; Length: 13; Trimmed: 9274946 times

No. of allowed errors:
1-9 bp: 0; 10-13 bp: 1

Bases preceding removed adapters:
  A: 34.5%
  C: 26.1%
  G: 16.5%
  T: 22.9%
  none/other: 0.0%

Overview of removed sequences
length	count	expect	max.err	error counts
1	7061634	6413366.5	0	7061634
2	1459663	1603341.6	0	1459663
3	468453	400835.4	0	468453
4	120250	100208.9	0	120250
5	27253	25052.2	0	27253
6	8112	6263.1	0	8112
7	5494	1565.8	0	5494
8	5269	391.4	0	5269
9	4762	97.9	0	4374 388
10	5082	24.5	1	4370 712
11	4932	6.1	1	4364 568
12	4608	1.5	1	4267 341
13	4129	0.4	1	3874 255
14	3922	0.4	1	3641 281
15	4002	0.4	1	3714 288
16	3826	0.4	1	3532 294
17	3919	0.4	1	3610 309
18	3606	0.4	1	3430 176
19	2932	0.4	1	2740 192
20	3369	0.4	1	3138 231
21	3141	0.4	1	2949 192
22	2915	0.4	1	2725 190
23	3011	0.4	1	2811 200
24	2737	0.4	1	2540 197
25	2556	0.4	1	2396 160
26	2606	0.4	1	2453 153
27	2506	0.4	1	2328 178
28	2280	0.4	1	2155 125
29	2264	0.4	1	2114 150
30	2055	0.4	1	1942 113
31	1891	0.4	1	1772 119
32	1912	0.4	1	1812 100
33	1881	0.4	1	1757 124
34	1862	0.4	1	1743 119
35	1912	0.4	1	1807 105
36	1630	0.4	1	1499 131
37	1596	0.4	1	1505 91
38	1568	0.4	1	1474 94
39	1407	0.4	1	1310 97
40	1363	0.4	1	1252 111
41	1373	0.4	1	1300 73
42	1358	0.4	1	1240 118
43	1365	0.4	1	1256 109
44	938	0.4	1	875 63
45	1803	0.4	1	1707 96
46	459	0.4	1	411 48
47	980	0.4	1	907 73
48	2730	0.4	1	2610 120
49	720	0.4	1	652 68
50	464	0.4	1	415 49
51	1046	0.4	1	992 54
52	776	0.4	1	733 43
53	344	0.4	1	299 45
54	811	0.4	1	762 49
55	1296	0.4	1	1250 46
56	391	0.4	1	364 27
57	450	0.4	1	421 29
58	256	0.4	1	233 23
59	443	0.4	1	410 33
60	148	0.4	1	128 20
61	136	0.4	1	122 14
62	580	0.4	1	543 37
63	317	0.4	1	284 33
64	108	0.4	1	91 17
65	173	0.4	1	154 19
66	524	0.4	1	494 30
67	97	0.4	1	78 19
68	178	0.4	1	161 17
69	157	0.4	1	136 21
70	116	0.4	1	100 16
71	33	0.4	1	21 12
72	57	0.4	1	43 14
73	141	0.4	1	118 23
74	163	0.4	1	144 19
75	174	0.4	1	166 8
76	167	0.4	1	139 28
77	170	0.4	1	142 28
78	174	0.4	1	149 25
79	151	0.4	1	126 25
80	141	0.4	1	122 19
81	165	0.4	1	145 20
82	141	0.4	1	120 21
83	135	0.4	1	118 17
84	165	0.4	1	137 28
85	123	0.4	1	103 20
86	118	0.4	1	104 14
87	94	0.4	1	77 17
88	130	0.4	1	107 23
89	109	0.4	1	93 16
90	98	0.4	1	87 11
91	92	0.4	1	74 18
92	91	0.4	1	69 22
93	98	0.4	1	74 24
94	95	0.4	1	85 10
95	93	0.4	1	68 25
96	60	0.4	1	46 14
97	67	0.4	1	50 17
98	65	0.4	1	49 16
99	57	0.4	1	36 21
100	60	0.4	1	45 15
101	57	0.4	1	41 16
102	56	0.4	1	45 11
103	51	0.4	1	39 12
104	62	0.4	1	47 15
105	51	0.4	1	33 18
106	39	0.4	1	28 11
107	45	0.4	1	31 14
108	62	0.4	1	34 28
109	35	0.4	1	24 11
110	51	0.4	1	32 19
111	41	0.4	1	22 19
112	37	0.4	1	18 19
113	32	0.4	1	17 15
114	29	0.4	1	18 11
115	30	0.4	1	14 16
116	30	0.4	1	15 15
117	35	0.4	1	17 18
118	27	0.4	1	13 14
119	21	0.4	1	11 10
120	20	0.4	1	12 8
121	43	0.4	1	19 24
122	24	0.4	1	15 9
123	14	0.4	1	9 5
124	29	0.4	1	13 16
125	34	0.4	1	17 17
126	21	0.4	1	10 11
127	27	0.4	1	17 10
128	25	0.4	1	15 10
129	24	0.4	1	14 10
130	13	0.4	1	9 4
131	19	0.4	1	11 8
132	18	0.4	1	14 4
133	23	0.4	1	6 17
134	19	0.4	1	8 11
135	24	0.4	1	14 10
136	30	0.4	1	13 17
137	16	0.4	1	5 11
138	11	0.4	1	4 7
139	12	0.4	1	5 7
140	15	0.4	1	4 11
141	16	0.4	1	8 8
142	10	0.4	1	5 5
143	18	0.4	1	7 11
144	13	0.4	1	5 8
145	9	0.4	1	3 6
146	15	0.4	1	3 12
147	22	0.4	1	12 10
148	10	0.4	1	5 5
149	20	0.4	1	1 19
150	1287	0.4	1	4 1283

RUN STATISTICS FOR INPUT FILE: s058_R1_001.fastq.gz
=============================================
25653466 sequences processed in total

