
SUMMARISING RUN PARAMETERS
==========================
Input filename: s059_R1_001.fastq.gz
Trimming mode: paired-end
Trim Galore version: 0.6.10
Cutadapt version: 3.4
Number of cores used for trimming: 1
Quality Phred score cutoff: 20
Quality encoding type selected: ASCII+33
Using Illumina adapter for trimming (count: 1751). Second best hit was Nextera (count: 12)
Adapter sequence: 'AGATCGGAAGAGC' (Illumina TruSeq, Sanger iPCR; auto-detected)
Maximum trimming error rate: 0.1 (default)
Minimum required adapter overlap (stringency): 1 bp
Minimum required sequence length for both reads before a sequence pair gets removed: 20 bp
Running FastQC on the data once trimming has completed
Output file will be GZIP compressed


This is cutadapt 3.4 with Python 3.9.2
Command line parameters: -j 1 -e 0.1 -q 20 -O 1 -a AGATCGGAAGAGC s059_R1_001.fastq.gz
Processing reads on 1 core in single-end mode ...
Finished in 2121.86 s (82 µs/read; 0.73 M reads/minute).

=== Summary ===

Total reads processed:              25,889,437
Reads with adapters:                 9,414,173 (36.4%)
Reads written (passing filters):    25,889,437 (100.0%)

Total basepairs processed: 3,883,415,550 bp
Quality-trimmed:               6,053,071 bp (0.2%)
Total written (filtered):  3,862,943,163 bp (99.5%)

=== Adapter 1 ===

Sequence: AGATCGGAAGAGC; Type: regular 3'; Length: 13; Trimmed: 9414173 times

No. of allowed errors:
1-9 bp: 0; 10-13 bp: 1

Bases preceding removed adapters:
  A: 34.7%
  C: 25.7%
  G: 16.1%
  T: 23.5%
  none/other: 0.0%

Overview of removed sequences
length	count	expect	max.err	error counts
1	7233237	6472359.2	0	7233237
2	1476367	1618089.8	0	1476367
3	476251	404522.5	0	476251
4	123046	101130.6	0	123046
5	25766	25282.7	0	25766
6	6207	6320.7	0	6207
7	3805	1580.2	0	3805
8	3330	395.0	0	3330
9	3217	98.8	0	2865 352
10	3216	24.7	1	2605 611
11	3068	6.2	1	2658 410
12	2830	1.5	1	2590 240
13	2592	0.4	1	2414 178
14	2457	0.4	1	2273 184
15	2389	0.4	1	2227 162
16	2198	0.4	1	2025 173
17	2336	0.4	1	2150 186
18	2078	0.4	1	1929 149
19	1711	0.4	1	1599 112
20	1989	0.4	1	1835 154
21	1857	0.4	1	1707 150
22	1654	0.4	1	1569 85
23	1689	0.4	1	1565 124
24	1585	0.4	1	1462 123
25	1419	0.4	1	1324 95
26	1374	0.4	1	1288 86
27	1355	0.4	1	1270 85
28	1188	0.4	1	1115 73
29	1243	0.4	1	1150 93
30	1158	0.4	1	1087 71
31	1052	0.4	1	984 68
32	975	0.4	1	891 84
33	1059	0.4	1	979 80
34	891	0.4	1	823 68
35	958	0.4	1	885 73
36	820	0.4	1	752 68
37	755	0.4	1	699 56
38	708	0.4	1	651 57
39	637	0.4	1	589 48
40	665	0.4	1	607 58
41	604	0.4	1	571 33
42	612	0.4	1	561 51
43	618	0.4	1	548 70
44	468	0.4	1	429 39
45	822	0.4	1	763 59
46	186	0.4	1	156 30
47	410	0.4	1	360 50
48	997	0.4	1	926 71
49	323	0.4	1	285 38
50	184	0.4	1	151 33
51	440	0.4	1	403 37
52	293	0.4	1	262 31
53	124	0.4	1	110 14
54	307	0.4	1	279 28
55	442	0.4	1	415 27
56	147	0.4	1	128 19
57	174	0.4	1	154 20
58	95	0.4	1	78 17
59	167	0.4	1	139 28
60	41	0.4	1	28 13
61	52	0.4	1	35 17
62	178	0.4	1	163 15
63	97	0.4	1	79 18
64	46	0.4	1	30 16
65	63	0.4	1	46 17
66	166	0.4	1	145 21
67	34	0.4	1	21 13
68	62	0.4	1	47 15
69	44	0.4	1	27 17
70	30	0.4	1	24 6
71	19	0.4	1	6 13
72	24	0.4	1	12 12
73	38	0.4	1	21 17
74	46	0.4	1	34 12
75	73	0.4	1	53 20
76	51	0.4	1	38 13
77	79	0.4	1	54 25
78	67	0.4	1	44 23
79	58	0.4	1	41 17
80	43	0.4	1	31 12
81	63	0.4	1	35 28
82	49	0.4	1	32 17
83	37	0.4	1	23 14
84	51	0.4	1	29 22
85	53	0.4	1	42 11
86	34	0.4	1	17 17
87	54	0.4	1	31 23
88	35	0.4	1	23 12
89	44	0.4	1	26 18
90	43	0.4	1	24 19
91	41	0.4	1	21 20
92	32	0.4	1	18 14
93	31	0.4	1	14 17
94	32	0.4	1	16 16
95	42	0.4	1	19 23
96	41	0.4	1	27 14
97	37	0.4	1	20 17
98	31	0.4	1	12 19
99	29	0.4	1	14 15
100	38	0.4	1	16 22
101	46	0.4	1	20 26
102	32	0.4	1	16 16
103	36	0.4	1	17 19
104	38	0.4	1	23 15
105	36	0.4	1	23 13
106	21	0.4	1	11 10
107	42	0.4	1	24 18
108	31	0.4	1	11 20
109	25	0.4	1	9 16
110	21	0.4	1	4 17
111	31	0.4	1	12 19
112	27	0.4	1	11 16
113	19	0.4	1	9 10
114	9	0.4	1	5 4
115	12	0.4	1	7 5
116	23	0.4	1	9 14
117	18	0.4	1	8 10
118	26	0.4	1	14 12
119	17	0.4	1	6 11
120	17	0.4	1	1 16
121	22	0.4	1	11 11
122	18	0.4	1	10 8
123	19	0.4	1	5 14
124	26	0.4	1	13 13
125	22	0.4	1	14 8
126	18	0.4	1	8 10
127	14	0.4	1	3 11
128	19	0.4	1	6 13
129	27	0.4	1	8 19
130	22	0.4	1	6 16
131	16	0.4	1	6 10
132	23	0.4	1	8 15
133	14	0.4	1	8 6
134	16	0.4	1	4 12
135	9	0.4	1	2 7
136	15	0.4	1	5 10
137	14	0.4	1	2 12
138	11	0.4	1	4 7
139	11	0.4	1	2 9
140	12	0.4	1	4 8
141	11	0.4	1	4 7
142	12	0.4	1	4 8
143	12	0.4	1	2 10
144	8	0.4	1	0 8
145	11	0.4	1	2 9
146	12	0.4	1	2 10
147	8	0.4	1	3 5
148	8	0.4	1	3 5
149	20	0.4	1	1 19
150	2523	0.4	1	12 2511

RUN STATISTICS FOR INPUT FILE: s059_R1_001.fastq.gz
=============================================
25889437 sequences processed in total

