
SUMMARISING RUN PARAMETERS
==========================
Input filename: s062_R1_001.fastq.gz
Trimming mode: paired-end
Trim Galore version: 0.6.10
Cutadapt version: 3.4
Number of cores used for trimming: 1
Quality Phred score cutoff: 20
Quality encoding type selected: ASCII+33
Using Illumina adapter for trimming (count: 2799). Second best hit was smallRNA (count: 8)
Adapter sequence: 'AGATCGGAAGAGC' (Illumina TruSeq, Sanger iPCR; auto-detected)
Maximum trimming error rate: 0.1 (default)
Minimum required adapter overlap (stringency): 1 bp
Minimum required sequence length for both reads before a sequence pair gets removed: 20 bp
Running FastQC on the data once trimming has completed
Output file will be GZIP compressed


This is cutadapt 3.4 with Python 3.9.2
Command line parameters: -j 1 -e 0.1 -q 20 -O 1 -a AGATCGGAAGAGC s062_R1_001.fastq.gz
Processing reads on 1 core in single-end mode ...
Finished in 2119.89 s (80 µs/read; 0.75 M reads/minute).

=== Summary ===

Total reads processed:              26,583,430
Reads with adapters:                 9,822,355 (36.9%)
Reads written (passing filters):    26,583,430 (100.0%)

Total basepairs processed: 3,987,514,500 bp
Quality-trimmed:               7,156,124 bp (0.2%)
Total written (filtered):  3,964,499,457 bp (99.4%)

=== Adapter 1 ===

Sequence: AGATCGGAAGAGC; Type: regular 3'; Length: 13; Trimmed: 9822355 times

No. of allowed errors:
1-9 bp: 0; 10-13 bp: 1

Bases preceding removed adapters:
  A: 37.4%
  C: 23.8%
  G: 16.5%
  T: 22.3%
  none/other: 0.0%

Overview of removed sequences
length	count	expect	max.err	error counts
1	7563358	6645857.5	0	7563358
2	1507972	1661464.4	0	1507972
3	495480	415366.1	0	495480
4	114153	103841.5	0	114153
5	25236	25960.4	0	25236
6	7365	6490.1	0	7365
7	4591	1622.5	0	4591
8	4467	405.6	0	4467
9	4031	101.4	0	3661 370
10	4432	25.4	1	3616 816
11	4126	6.3	1	3541 585
12	3905	1.6	1	3568 337
13	3383	0.4	1	3157 226
14	3297	0.4	1	3008 289
15	3150	0.4	1	2916 234
16	3144	0.4	1	2856 288
17	3229	0.4	1	2912 317
18	2981	0.4	1	2791 190
19	2482	0.4	1	2309 173
20	2709	0.4	1	2525 184
21	2580	0.4	1	2398 182
22	2588	0.4	1	2431 157
23	2520	0.4	1	2360 160
24	2321	0.4	1	2137 184
25	2140	0.4	1	1993 147
26	2128	0.4	1	2006 122
27	2135	0.4	1	1984 151
28	1951	0.4	1	1803 148
29	1969	0.4	1	1815 154
30	1740	0.4	1	1644 96
31	1501	0.4	1	1418 83
32	1623	0.4	1	1524 99
33	1620	0.4	1	1495 125
34	1445	0.4	1	1337 108
35	1577	0.4	1	1480 97
36	1371	0.4	1	1266 105
37	1261	0.4	1	1156 105
38	1310	0.4	1	1216 94
39	1095	0.4	1	1029 66
40	1224	0.4	1	1095 129
41	1026	0.4	1	943 83
42	1186	0.4	1	1090 96
43	1197	0.4	1	1068 129
44	762	0.4	1	704 58
45	1575	0.4	1	1430 145
46	357	0.4	1	309 48
47	807	0.4	1	731 76
48	2073	0.4	1	1966 107
49	674	0.4	1	615 59
50	335	0.4	1	295 40
51	850	0.4	1	766 84
52	627	0.4	1	583 44
53	279	0.4	1	241 38
54	650	0.4	1	615 35
55	1061	0.4	1	992 69
56	370	0.4	1	323 47
57	426	0.4	1	396 30
58	201	0.4	1	171 30
59	374	0.4	1	347 27
60	95	0.4	1	81 14
61	115	0.4	1	92 23
62	438	0.4	1	396 42
63	222	0.4	1	184 38
64	115	0.4	1	87 28
65	150	0.4	1	127 23
66	403	0.4	1	368 35
67	86	0.4	1	63 23
68	190	0.4	1	166 24
69	111	0.4	1	91 20
70	101	0.4	1	80 21
71	33	0.4	1	14 19
72	63	0.4	1	36 27
73	109	0.4	1	88 21
74	143	0.4	1	116 27
75	159	0.4	1	132 27
76	135	0.4	1	111 24
77	139	0.4	1	110 29
78	147	0.4	1	122 25
79	133	0.4	1	102 31
80	133	0.4	1	107 26
81	129	0.4	1	99 30
82	91	0.4	1	74 17
83	117	0.4	1	87 30
84	129	0.4	1	94 35
85	105	0.4	1	82 23
86	105	0.4	1	79 26
87	96	0.4	1	71 25
88	107	0.4	1	77 30
89	99	0.4	1	64 35
90	82	0.4	1	58 24
91	111	0.4	1	77 34
92	93	0.4	1	64 29
93	85	0.4	1	60 25
94	75	0.4	1	60 15
95	78	0.4	1	60 18
96	80	0.4	1	56 24
97	62	0.4	1	43 19
98	70	0.4	1	47 23
99	83	0.4	1	48 35
100	67	0.4	1	47 20
101	61	0.4	1	37 24
102	66	0.4	1	42 24
103	71	0.4	1	47 24
104	57	0.4	1	33 24
105	56	0.4	1	33 23
106	53	0.4	1	34 19
107	54	0.4	1	38 16
108	75	0.4	1	47 28
109	53	0.4	1	32 21
110	57	0.4	1	35 22
111	40	0.4	1	24 16
112	35	0.4	1	14 21
113	39	0.4	1	24 15
114	46	0.4	1	23 23
115	49	0.4	1	16 33
116	28	0.4	1	14 14
117	32	0.4	1	17 15
118	30	0.4	1	12 18
119	33	0.4	1	16 17
120	42	0.4	1	20 22
121	39	0.4	1	22 17
122	17	0.4	1	10 7
123	32	0.4	1	13 19
124	32	0.4	1	14 18
125	34	0.4	1	13 21
126	26	0.4	1	13 13
127	36	0.4	1	15 21
128	36	0.4	1	22 14
129	25	0.4	1	9 16
130	33	0.4	1	12 21
131	24	0.4	1	8 16
132	16	0.4	1	8 8
133	31	0.4	1	8 23
134	32	0.4	1	15 17
135	23	0.4	1	3 20
136	29	0.4	1	15 14
137	17	0.4	1	5 12
138	24	0.4	1	11 13
139	14	0.4	1	5 9
140	22	0.4	1	9 13
141	15	0.4	1	10 5
142	20	0.4	1	9 11
143	21	0.4	1	2 19
144	17	0.4	1	3 14
145	14	0.4	1	9 5
146	25	0.4	1	11 14
147	33	0.4	1	12 21
148	14	0.4	1	6 8
149	22	0.4	1	3 19
150	1151	0.4	1	4 1147

RUN STATISTICS FOR INPUT FILE: s062_R1_001.fastq.gz
=============================================
26583430 sequences processed in total

