
SUMMARISING RUN PARAMETERS
==========================
Input filename: s063_R1_001.fastq.gz
Trimming mode: paired-end
Trim Galore version: 0.6.10
Cutadapt version: 3.4
Number of cores used for trimming: 1
Quality Phred score cutoff: 20
Quality encoding type selected: ASCII+33
Using Illumina adapter for trimming (count: 1576). Second best hit was Nextera (count: 5)
Adapter sequence: 'AGATCGGAAGAGC' (Illumina TruSeq, Sanger iPCR; auto-detected)
Maximum trimming error rate: 0.1 (default)
Minimum required adapter overlap (stringency): 1 bp
Minimum required sequence length for both reads before a sequence pair gets removed: 20 bp
Running FastQC on the data once trimming has completed
Output file will be GZIP compressed


This is cutadapt 3.4 with Python 3.9.2
Command line parameters: -j 1 -e 0.1 -q 20 -O 1 -a AGATCGGAAGAGC s063_R1_001.fastq.gz
Processing reads on 1 core in single-end mode ...
Finished in 1931.24 s (78 µs/read; 0.77 M reads/minute).

=== Summary ===

Total reads processed:              24,697,720
Reads with adapters:                 9,235,325 (37.4%)
Reads written (passing filters):    24,697,720 (100.0%)

Total basepairs processed: 3,704,658,000 bp
Quality-trimmed:               4,980,435 bp (0.1%)
Total written (filtered):  3,686,121,827 bp (99.5%)

=== Adapter 1 ===

Sequence: AGATCGGAAGAGC; Type: regular 3'; Length: 13; Trimmed: 9235325 times

No. of allowed errors:
1-9 bp: 0; 10-13 bp: 1

Bases preceding removed adapters:
  A: 35.1%
  C: 25.2%
  G: 14.8%
  T: 24.8%
  none/other: 0.0%

Overview of removed sequences
length	count	expect	max.err	error counts
1	7260059	6174430.0	0	7260059
2	1334003	1543607.5	0	1334003
3	437157	385901.9	0	437157
4	114829	96475.5	0	114829
5	21700	24118.9	0	21700
6	5193	6029.7	0	5193
7	3159	1507.4	0	3159
8	2999	376.9	0	2999
9	2813	94.2	0	2486 327
10	2884	23.6	1	2359 525
11	2788	5.9	1	2432 356
12	2484	1.5	1	2279 205
13	2110	0.4	1	1979 131
14	2195	0.4	1	2022 173
15	2019	0.4	1	1887 132
16	2043	0.4	1	1893 150
17	1971	0.4	1	1798 173
18	1878	0.4	1	1750 128
19	1427	0.4	1	1331 96
20	1648	0.4	1	1523 125
21	1496	0.4	1	1399 97
22	1438	0.4	1	1324 114
23	1494	0.4	1	1387 107
24	1344	0.4	1	1226 118
25	1227	0.4	1	1134 93
26	1152	0.4	1	1080 72
27	1201	0.4	1	1104 97
28	1064	0.4	1	998 66
29	1060	0.4	1	965 95
30	1005	0.4	1	940 65
31	870	0.4	1	801 69
32	811	0.4	1	757 54
33	748	0.4	1	701 47
34	738	0.4	1	687 51
35	738	0.4	1	677 61
36	724	0.4	1	661 63
37	644	0.4	1	597 47
38	655	0.4	1	593 62
39	519	0.4	1	477 42
40	578	0.4	1	515 63
41	507	0.4	1	471 36
42	525	0.4	1	477 48
43	525	0.4	1	468 57
44	394	0.4	1	355 39
45	655	0.4	1	598 57
46	183	0.4	1	152 31
47	340	0.4	1	302 38
48	824	0.4	1	782 42
49	295	0.4	1	260 35
50	148	0.4	1	123 25
51	318	0.4	1	268 50
52	240	0.4	1	211 29
53	95	0.4	1	82 13
54	298	0.4	1	270 28
55	358	0.4	1	331 27
56	140	0.4	1	125 15
57	154	0.4	1	130 24
58	82	0.4	1	61 21
59	150	0.4	1	127 23
60	43	0.4	1	29 14
61	45	0.4	1	27 18
62	206	0.4	1	184 22
63	84	0.4	1	65 19
64	50	0.4	1	39 11
65	50	0.4	1	37 13
66	139	0.4	1	118 21
67	38	0.4	1	22 16
68	75	0.4	1	50 25
69	48	0.4	1	32 16
70	46	0.4	1	34 12
71	34	0.4	1	13 21
72	22	0.4	1	11 11
73	42	0.4	1	26 16
74	56	0.4	1	34 22
75	52	0.4	1	37 15
76	85	0.4	1	65 20
77	41	0.4	1	27 14
78	55	0.4	1	42 13
79	63	0.4	1	46 17
80	54	0.4	1	34 20
81	64	0.4	1	44 20
82	38	0.4	1	23 15
83	43	0.4	1	24 19
84	36	0.4	1	27 9
85	49	0.4	1	33 16
86	48	0.4	1	30 18
87	38	0.4	1	22 16
88	39	0.4	1	25 14
89	40	0.4	1	23 17
90	55	0.4	1	29 26
91	44	0.4	1	24 20
92	34	0.4	1	20 14
93	32	0.4	1	24 8
94	38	0.4	1	22 16
95	30	0.4	1	20 10
96	30	0.4	1	16 14
97	29	0.4	1	15 14
98	50	0.4	1	31 19
99	32	0.4	1	16 16
100	35	0.4	1	16 19
101	36	0.4	1	19 17
102	24	0.4	1	10 14
103	30	0.4	1	12 18
104	19	0.4	1	6 13
105	28	0.4	1	17 11
106	27	0.4	1	13 14
107	11	0.4	1	7 4
108	26	0.4	1	17 9
109	33	0.4	1	14 19
110	27	0.4	1	11 16
111	24	0.4	1	16 8
112	26	0.4	1	10 16
113	39	0.4	1	22 17
114	23	0.4	1	10 13
115	30	0.4	1	15 15
116	29	0.4	1	16 13
117	32	0.4	1	9 23
118	18	0.4	1	8 10
119	17	0.4	1	3 14
120	11	0.4	1	5 6
121	14	0.4	1	4 10
122	19	0.4	1	9 10
123	18	0.4	1	10 8
124	19	0.4	1	8 11
125	10	0.4	1	2 8
126	21	0.4	1	6 15
127	32	0.4	1	14 18
128	20	0.4	1	10 10
129	21	0.4	1	8 13
130	17	0.4	1	7 10
131	18	0.4	1	4 14
132	22	0.4	1	10 12
133	18	0.4	1	10 8
134	10	0.4	1	6 4
135	21	0.4	1	4 17
136	20	0.4	1	8 12
137	19	0.4	1	9 10
138	18	0.4	1	10 8
139	8	0.4	1	5 3
140	14	0.4	1	7 7
141	15	0.4	1	12 3
142	10	0.4	1	2 8
143	22	0.4	1	5 17
144	17	0.4	1	4 13
145	15	0.4	1	2 13
146	10	0.4	1	4 6
147	18	0.4	1	10 8
148	5	0.4	1	2 3
149	14	0.4	1	0 14
150	1102	0.4	1	5 1097

RUN STATISTICS FOR INPUT FILE: s063_R1_001.fastq.gz
=============================================
24697720 sequences processed in total

