
SUMMARISING RUN PARAMETERS
==========================
Input filename: s065_R1_001.fastq.gz
Trimming mode: paired-end
Trim Galore version: 0.6.10
Cutadapt version: 3.4
Number of cores used for trimming: 1
Quality Phred score cutoff: 20
Quality encoding type selected: ASCII+33
Using Illumina adapter for trimming (count: 2748). Second best hit was Nextera (count: 11)
Adapter sequence: 'AGATCGGAAGAGC' (Illumina TruSeq, Sanger iPCR; auto-detected)
Maximum trimming error rate: 0.1 (default)
Minimum required adapter overlap (stringency): 1 bp
Minimum required sequence length for both reads before a sequence pair gets removed: 20 bp
Running FastQC on the data once trimming has completed
Output file will be GZIP compressed


This is cutadapt 3.4 with Python 3.9.2
Command line parameters: -j 1 -e 0.1 -q 20 -O 1 -a AGATCGGAAGAGC s065_R1_001.fastq.gz
Processing reads on 1 core in single-end mode ...
Finished in 2141.97 s (80 µs/read; 0.75 M reads/minute).

=== Summary ===

Total reads processed:              26,711,084
Reads with adapters:                 9,811,883 (36.7%)
Reads written (passing filters):    26,711,084 (100.0%)

Total basepairs processed: 4,006,662,600 bp
Quality-trimmed:               7,484,185 bp (0.2%)
Total written (filtered):  3,983,276,595 bp (99.4%)

=== Adapter 1 ===

Sequence: AGATCGGAAGAGC; Type: regular 3'; Length: 13; Trimmed: 9811883 times

No. of allowed errors:
1-9 bp: 0; 10-13 bp: 1

Bases preceding removed adapters:
  A: 37.3%
  C: 23.9%
  G: 16.8%
  T: 22.0%
  none/other: 0.0%

Overview of removed sequences
length	count	expect	max.err	error counts
1	7545682	6677771.0	0	7545682
2	1510287	1669442.8	0	1510287
3	493379	417360.7	0	493379
4	114817	104340.2	0	114817
5	26559	26085.0	0	26559
6	8729	6521.3	0	8729
7	5386	1630.3	0	5386
8	5361	407.6	0	5361
9	4647	101.9	0	4287 360
10	5022	25.5	1	4124 898
11	4654	6.4	1	4083 571
12	4268	1.6	1	3866 402
13	3773	0.4	1	3516 257
14	3811	0.4	1	3500 311
15	3581	0.4	1	3318 263
16	3388	0.4	1	3090 298
17	3569	0.4	1	3255 314
18	2978	0.4	1	2796 182
19	2772	0.4	1	2619 153
20	2771	0.4	1	2563 208
21	2555	0.4	1	2368 187
22	2467	0.4	1	2314 153
23	2397	0.4	1	2206 191
24	2459	0.4	1	2224 235
25	2142	0.4	1	2001 141
26	2151	0.4	1	2008 143
27	2005	0.4	1	1859 146
28	1812	0.4	1	1707 105
29	1851	0.4	1	1669 182
30	1707	0.4	1	1592 115
31	1558	0.4	1	1463 95
32	1534	0.4	1	1413 121
33	1505	0.4	1	1390 115
34	1346	0.4	1	1256 90
35	1404	0.4	1	1289 115
36	1257	0.4	1	1154 103
37	1144	0.4	1	1058 86
38	1202	0.4	1	1131 71
39	1029	0.4	1	955 74
40	1058	0.4	1	965 93
41	1199	0.4	1	1117 82
42	807	0.4	1	729 78
43	1002	0.4	1	896 106
44	810	0.4	1	721 89
45	1168	0.4	1	1074 94
46	376	0.4	1	330 46
47	639	0.4	1	580 59
48	883	0.4	1	823 60
49	622	0.4	1	581 41
50	492	0.4	1	442 50
51	712	0.4	1	660 52
52	516	0.4	1	467 49
53	429	0.4	1	388 41
54	500	0.4	1	450 50
55	699	0.4	1	642 57
56	393	0.4	1	351 42
57	492	0.4	1	450 42
58	362	0.4	1	324 38
59	392	0.4	1	350 42
60	214	0.4	1	195 19
61	198	0.4	1	162 36
62	462	0.4	1	405 57
63	354	0.4	1	318 36
64	182	0.4	1	157 25
65	202	0.4	1	176 26
66	470	0.4	1	425 45
67	172	0.4	1	147 25
68	246	0.4	1	231 15
69	170	0.4	1	140 30
70	124	0.4	1	97 27
71	60	0.4	1	36 24
72	53	0.4	1	39 14
73	120	0.4	1	104 16
74	145	0.4	1	116 29
75	158	0.4	1	133 25
76	133	0.4	1	112 21
77	140	0.4	1	108 32
78	169	0.4	1	149 20
79	142	0.4	1	113 29
80	148	0.4	1	124 24
81	135	0.4	1	99 36
82	102	0.4	1	82 20
83	125	0.4	1	100 25
84	107	0.4	1	80 27
85	130	0.4	1	103 27
86	113	0.4	1	75 38
87	93	0.4	1	75 18
88	112	0.4	1	81 31
89	104	0.4	1	81 23
90	89	0.4	1	65 24
91	94	0.4	1	55 39
92	84	0.4	1	64 20
93	85	0.4	1	61 24
94	93	0.4	1	62 31
95	93	0.4	1	64 29
96	80	0.4	1	57 23
97	79	0.4	1	62 17
98	79	0.4	1	60 19
99	66	0.4	1	46 20
100	63	0.4	1	39 24
101	54	0.4	1	27 27
102	75	0.4	1	54 21
103	58	0.4	1	32 26
104	73	0.4	1	46 27
105	49	0.4	1	32 17
106	61	0.4	1	31 30
107	76	0.4	1	47 29
108	70	0.4	1	47 23
109	49	0.4	1	33 16
110	64	0.4	1	38 26
111	43	0.4	1	25 18
112	59	0.4	1	36 23
113	49	0.4	1	28 21
114	37	0.4	1	21 16
115	37	0.4	1	23 14
116	40	0.4	1	24 16
117	48	0.4	1	24 24
118	44	0.4	1	23 21
119	41	0.4	1	24 17
120	43	0.4	1	26 17
121	43	0.4	1	20 23
122	44	0.4	1	22 22
123	33	0.4	1	21 12
124	39	0.4	1	19 20
125	32	0.4	1	16 16
126	29	0.4	1	12 17
127	35	0.4	1	20 15
128	42	0.4	1	21 21
129	40	0.4	1	22 18
130	26	0.4	1	16 10
131	25	0.4	1	9 16
132	32	0.4	1	19 13
133	31	0.4	1	13 18
134	34	0.4	1	20 14
135	15	0.4	1	9 6
136	38	0.4	1	16 22
137	23	0.4	1	10 13
138	31	0.4	1	14 17
139	17	0.4	1	6 11
140	28	0.4	1	9 19
141	31	0.4	1	15 16
142	22	0.4	1	13 9
143	13	0.4	1	6 7
144	18	0.4	1	10 8
145	25	0.4	1	14 11
146	22	0.4	1	12 10
147	42	0.4	1	14 28
148	15	0.4	1	7 8
149	17	0.4	1	2 15
150	1473	0.4	1	11 1462

RUN STATISTICS FOR INPUT FILE: s065_R1_001.fastq.gz
=============================================
26711084 sequences processed in total

