
SUMMARISING RUN PARAMETERS
==========================
Input filename: s066_R1_001.fastq.gz
Trimming mode: paired-end
Trim Galore version: 0.6.10
Cutadapt version: 3.4
Number of cores used for trimming: 1
Quality Phred score cutoff: 20
Quality encoding type selected: ASCII+33
Using Illumina adapter for trimming (count: 3428). Second best hit was smallRNA (count: 6)
Adapter sequence: 'AGATCGGAAGAGC' (Illumina TruSeq, Sanger iPCR; auto-detected)
Maximum trimming error rate: 0.1 (default)
Minimum required adapter overlap (stringency): 1 bp
Minimum required sequence length for both reads before a sequence pair gets removed: 20 bp
Running FastQC on the data once trimming has completed
Output file will be GZIP compressed


This is cutadapt 3.4 with Python 3.9.2
Command line parameters: -j 1 -e 0.1 -q 20 -O 1 -a AGATCGGAAGAGC s066_R1_001.fastq.gz
Processing reads on 1 core in single-end mode ...
Finished in 2051.15 s (80 µs/read; 0.75 M reads/minute).

=== Summary ===

Total reads processed:              25,770,536
Reads with adapters:                 9,301,217 (36.1%)
Reads written (passing filters):    25,770,536 (100.0%)

Total basepairs processed: 3,865,580,400 bp
Quality-trimmed:               7,533,189 bp (0.2%)
Total written (filtered):  3,842,395,130 bp (99.4%)

=== Adapter 1 ===

Sequence: AGATCGGAAGAGC; Type: regular 3'; Length: 13; Trimmed: 9301217 times

No. of allowed errors:
1-9 bp: 0; 10-13 bp: 1

Bases preceding removed adapters:
  A: 36.3%
  C: 24.5%
  G: 17.4%
  T: 21.8%
  none/other: 0.0%

Overview of removed sequences
length	count	expect	max.err	error counts
1	7081479	6442634.0	0	7081479
2	1462569	1610658.5	0	1462569
3	471040	402664.6	0	471040
4	111764	100666.2	0	111764
5	28326	25166.5	0	28326
6	10231	6291.6	0	10231
7	7023	1572.9	0	7023
8	6684	393.2	0	6684
9	5777	98.3	0	5355 422
10	6045	24.6	1	5149 896
11	5875	6.1	1	5172 703
12	5694	1.5	1	5236 458
13	4821	0.4	1	4526 295
14	4780	0.4	1	4420 360
15	4459	0.4	1	4210 249
16	4627	0.4	1	4254 373
17	4407	0.4	1	3999 408
18	4035	0.4	1	3776 259
19	3502	0.4	1	3297 205
20	3635	0.4	1	3371 264
21	3581	0.4	1	3344 237
22	3223	0.4	1	3027 196
23	3202	0.4	1	2998 204
24	3014	0.4	1	2765 249
25	2662	0.4	1	2483 179
26	2723	0.4	1	2568 155
27	2565	0.4	1	2407 158
28	2278	0.4	1	2141 137
29	2344	0.4	1	2165 179
30	2041	0.4	1	1926 115
31	1906	0.4	1	1805 101
32	1920	0.4	1	1800 120
33	1845	0.4	1	1721 124
34	1763	0.4	1	1670 93
35	1700	0.4	1	1577 123
36	1671	0.4	1	1558 113
37	1311	0.4	1	1231 80
38	1320	0.4	1	1248 72
39	1173	0.4	1	1100 73
40	1174	0.4	1	1077 97
41	1305	0.4	1	1217 88
42	860	0.4	1	788 72
43	1122	0.4	1	1019 103
44	914	0.4	1	843 71
45	1352	0.4	1	1287 65
46	385	0.4	1	343 42
47	693	0.4	1	654 39
48	987	0.4	1	912 75
49	566	0.4	1	505 61
50	524	0.4	1	463 61
51	764	0.4	1	704 60
52	495	0.4	1	455 40
53	397	0.4	1	370 27
54	519	0.4	1	464 55
55	674	0.4	1	626 48
56	392	0.4	1	354 38
57	529	0.4	1	486 43
58	346	0.4	1	308 38
59	369	0.4	1	334 35
60	218	0.4	1	200 18
61	184	0.4	1	143 41
62	382	0.4	1	333 49
63	311	0.4	1	285 26
64	135	0.4	1	105 30
65	143	0.4	1	123 20
66	399	0.4	1	359 40
67	122	0.4	1	106 16
68	207	0.4	1	177 30
69	99	0.4	1	80 19
70	84	0.4	1	68 16
71	45	0.4	1	20 25
72	62	0.4	1	32 30
73	91	0.4	1	72 19
74	104	0.4	1	80 24
75	99	0.4	1	77 22
76	112	0.4	1	95 17
77	121	0.4	1	99 22
78	96	0.4	1	70 26
79	92	0.4	1	72 20
80	101	0.4	1	70 31
81	70	0.4	1	55 15
82	86	0.4	1	61 25
83	88	0.4	1	63 25
84	79	0.4	1	56 23
85	80	0.4	1	52 28
86	78	0.4	1	46 32
87	72	0.4	1	51 21
88	49	0.4	1	33 16
89	60	0.4	1	35 25
90	77	0.4	1	48 29
91	38	0.4	1	31 7
92	64	0.4	1	45 19
93	56	0.4	1	36 20
94	49	0.4	1	28 21
95	51	0.4	1	34 17
96	46	0.4	1	24 22
97	59	0.4	1	30 29
98	42	0.4	1	23 19
99	40	0.4	1	21 19
100	33	0.4	1	19 14
101	46	0.4	1	27 19
102	37	0.4	1	21 16
103	56	0.4	1	24 32
104	39	0.4	1	22 17
105	36	0.4	1	19 17
106	29	0.4	1	14 15
107	34	0.4	1	19 15
108	31	0.4	1	14 17
109	36	0.4	1	17 19
110	45	0.4	1	18 27
111	35	0.4	1	20 15
112	32	0.4	1	10 22
113	34	0.4	1	14 20
114	40	0.4	1	19 21
115	39	0.4	1	12 27
116	26	0.4	1	10 16
117	31	0.4	1	13 18
118	31	0.4	1	13 18
119	39	0.4	1	12 27
120	29	0.4	1	6 23
121	23	0.4	1	11 12
122	28	0.4	1	10 18
123	25	0.4	1	9 16
124	29	0.4	1	7 22
125	22	0.4	1	6 16
126	32	0.4	1	13 19
127	26	0.4	1	6 20
128	25	0.4	1	10 15
129	27	0.4	1	11 16
130	17	0.4	1	4 13
131	27	0.4	1	7 20
132	23	0.4	1	6 17
133	27	0.4	1	12 15
134	23	0.4	1	8 15
135	17	0.4	1	8 9
136	24	0.4	1	8 16
137	20	0.4	1	7 13
138	28	0.4	1	6 22
139	19	0.4	1	5 14
140	29	0.4	1	9 20
141	18	0.4	1	7 11
142	17	0.4	1	4 13
143	21	0.4	1	10 11
144	15	0.4	1	1 14
145	16	0.4	1	6 10
146	19	0.4	1	5 14
147	15	0.4	1	4 11
148	21	0.4	1	7 14
149	22	0.4	1	1 21
150	2031	0.4	1	8 2023

RUN STATISTICS FOR INPUT FILE: s066_R1_001.fastq.gz
=============================================
25770536 sequences processed in total

