
SUMMARISING RUN PARAMETERS
==========================
Input filename: s068_R1_001.fastq.gz
Trimming mode: paired-end
Trim Galore version: 0.6.10
Cutadapt version: 3.4
Number of cores used for trimming: 1
Quality Phred score cutoff: 20
Quality encoding type selected: ASCII+33
Using Illumina adapter for trimming (count: 4177). Second best hit was Nextera (count: 8)
Adapter sequence: 'AGATCGGAAGAGC' (Illumina TruSeq, Sanger iPCR; auto-detected)
Maximum trimming error rate: 0.1 (default)
Minimum required adapter overlap (stringency): 1 bp
Minimum required sequence length for both reads before a sequence pair gets removed: 20 bp
Running FastQC on the data once trimming has completed
Output file will be GZIP compressed


This is cutadapt 3.4 with Python 3.9.2
Command line parameters: -j 1 -e 0.1 -q 20 -O 1 -a AGATCGGAAGAGC s068_R1_001.fastq.gz
Processing reads on 1 core in single-end mode ...
Finished in 2020.54 s (78 µs/read; 0.77 M reads/minute).

=== Summary ===

Total reads processed:              25,762,604
Reads with adapters:                 9,242,423 (35.9%)
Reads written (passing filters):    25,762,604 (100.0%)

Total basepairs processed: 3,864,390,600 bp
Quality-trimmed:               7,325,008 bp (0.2%)
Total written (filtered):  3,840,738,993 bp (99.4%)

=== Adapter 1 ===

Sequence: AGATCGGAAGAGC; Type: regular 3'; Length: 13; Trimmed: 9242423 times

No. of allowed errors:
1-9 bp: 0; 10-13 bp: 1

Bases preceding removed adapters:
  A: 36.2%
  C: 24.6%
  G: 17.7%
  T: 21.6%
  none/other: 0.0%

Overview of removed sequences
length	count	expect	max.err	error counts
1	7012965	6440651.0	0	7012965
2	1458756	1610162.8	0	1458756
3	468511	402540.7	0	468511
4	111146	100635.2	0	111146
5	27974	25158.8	0	27974
6	10065	6289.7	0	10065
7	6716	1572.4	0	6716
8	6398	393.1	0	6398
9	5517	98.3	0	5069 448
10	5952	24.6	1	5034 918
11	5579	6.1	1	4881 698
12	5453	1.5	1	4966 487
13	4701	0.4	1	4379 322
14	4688	0.4	1	4336 352
15	4446	0.4	1	4151 295
16	4578	0.4	1	4191 387
17	4503	0.4	1	4108 395
18	4089	0.4	1	3843 246
19	3670	0.4	1	3438 232
20	3798	0.4	1	3535 263
21	3724	0.4	1	3437 287
22	3520	0.4	1	3309 211
23	3595	0.4	1	3345 250
24	3267	0.4	1	2984 283
25	3112	0.4	1	2913 199
26	3121	0.4	1	2938 183
27	3018	0.4	1	2807 211
28	2789	0.4	1	2610 179
29	2673	0.4	1	2443 230
30	2659	0.4	1	2520 139
31	2381	0.4	1	2252 129
32	2474	0.4	1	2307 167
33	2289	0.4	1	2149 140
34	2158	0.4	1	2034 124
35	2171	0.4	1	2013 158
36	2107	0.4	1	1957 150
37	1801	0.4	1	1678 123
38	1982	0.4	1	1837 145
39	1723	0.4	1	1627 96
40	1807	0.4	1	1676 131
41	1791	0.4	1	1696 95
42	1314	0.4	1	1220 94
43	1608	0.4	1	1479 129
44	1285	0.4	1	1168 117
45	1940	0.4	1	1850 90
46	566	0.4	1	505 61
47	1063	0.4	1	990 73
48	1576	0.4	1	1477 99
49	975	0.4	1	919 56
50	753	0.4	1	696 57
51	1196	0.4	1	1126 70
52	811	0.4	1	758 53
53	650	0.4	1	581 69
54	892	0.4	1	823 69
55	1182	0.4	1	1100 82
56	569	0.4	1	520 49
57	857	0.4	1	830 27
58	563	0.4	1	522 41
59	591	0.4	1	561 30
60	335	0.4	1	306 29
61	264	0.4	1	228 36
62	647	0.4	1	602 45
63	476	0.4	1	453 23
64	252	0.4	1	226 26
65	295	0.4	1	256 39
66	696	0.4	1	655 41
67	241	0.4	1	203 38
68	378	0.4	1	341 37
69	195	0.4	1	173 22
70	163	0.4	1	137 26
71	48	0.4	1	19 29
72	68	0.4	1	41 27
73	141	0.4	1	114 27
74	163	0.4	1	144 19
75	179	0.4	1	155 24
76	215	0.4	1	174 41
77	174	0.4	1	143 31
78	156	0.4	1	136 20
79	162	0.4	1	138 24
80	170	0.4	1	142 28
81	164	0.4	1	130 34
82	171	0.4	1	138 33
83	116	0.4	1	92 24
84	111	0.4	1	87 24
85	109	0.4	1	93 16
86	131	0.4	1	101 30
87	110	0.4	1	79 31
88	109	0.4	1	85 24
89	115	0.4	1	83 32
90	96	0.4	1	70 26
91	78	0.4	1	51 27
92	77	0.4	1	48 29
93	92	0.4	1	58 34
94	78	0.4	1	45 33
95	89	0.4	1	47 42
96	65	0.4	1	45 20
97	81	0.4	1	46 35
98	73	0.4	1	51 22
99	50	0.4	1	23 27
100	51	0.4	1	30 21
101	59	0.4	1	32 27
102	50	0.4	1	27 23
103	48	0.4	1	19 29
104	55	0.4	1	29 26
105	42	0.4	1	18 24
106	55	0.4	1	23 32
107	40	0.4	1	27 13
108	44	0.4	1	21 23
109	47	0.4	1	28 19
110	41	0.4	1	21 20
111	46	0.4	1	27 19
112	39	0.4	1	13 26
113	38	0.4	1	21 17
114	38	0.4	1	14 24
115	35	0.4	1	9 26
116	38	0.4	1	17 21
117	51	0.4	1	20 31
118	32	0.4	1	11 21
119	33	0.4	1	9 24
120	26	0.4	1	8 18
121	26	0.4	1	6 20
122	24	0.4	1	11 13
123	30	0.4	1	13 17
124	31	0.4	1	10 21
125	20	0.4	1	5 15
126	24	0.4	1	9 15
127	19	0.4	1	6 13
128	9	0.4	1	2 7
129	25	0.4	1	8 17
130	29	0.4	1	13 16
131	24	0.4	1	5 19
132	20	0.4	1	10 10
133	27	0.4	1	12 15
134	25	0.4	1	5 20
135	23	0.4	1	10 13
136	27	0.4	1	14 13
137	25	0.4	1	7 18
138	15	0.4	1	7 8
139	16	0.4	1	2 14
140	34	0.4	1	13 21
141	17	0.4	1	4 13
142	23	0.4	1	8 15
143	23	0.4	1	6 17
144	19	0.4	1	3 16
145	16	0.4	1	3 13
146	26	0.4	1	9 17
147	36	0.4	1	8 28
148	7	0.4	1	1 6
149	20	0.4	1	2 18
150	1464	0.4	1	5 1459

RUN STATISTICS FOR INPUT FILE: s068_R1_001.fastq.gz
=============================================
25762604 sequences processed in total

