
SUMMARISING RUN PARAMETERS
==========================
Input filename: s070_R1_001.fastq.gz
Trimming mode: paired-end
Trim Galore version: 0.6.10
Cutadapt version: 3.4
Number of cores used for trimming: 1
Quality Phred score cutoff: 20
Quality encoding type selected: ASCII+33
Using Illumina adapter for trimming (count: 3765). Second best hit was Nextera (count: 8)
Adapter sequence: 'AGATCGGAAGAGC' (Illumina TruSeq, Sanger iPCR; auto-detected)
Maximum trimming error rate: 0.1 (default)
Minimum required adapter overlap (stringency): 1 bp
Minimum required sequence length for both reads before a sequence pair gets removed: 20 bp
Running FastQC on the data once trimming has completed
Output file will be GZIP compressed


This is cutadapt 3.4 with Python 3.9.2
Command line parameters: -j 1 -e 0.1 -q 20 -O 1 -a AGATCGGAAGAGC s070_R1_001.fastq.gz
Processing reads on 1 core in single-end mode ...
Finished in 1521.29 s (79 µs/read; 0.76 M reads/minute).

=== Summary ===

Total reads processed:              19,188,777
Reads with adapters:                 6,867,224 (35.8%)
Reads written (passing filters):    19,188,777 (100.0%)

Total basepairs processed: 2,878,316,550 bp
Quality-trimmed:               6,234,278 bp (0.2%)
Total written (filtered):  2,860,127,014 bp (99.4%)

=== Adapter 1 ===

Sequence: AGATCGGAAGAGC; Type: regular 3'; Length: 13; Trimmed: 6867224 times

No. of allowed errors:
1-9 bp: 0; 10-13 bp: 1

Bases preceding removed adapters:
  A: 36.6%
  C: 24.3%
  G: 17.5%
  T: 21.6%
  none/other: 0.0%

Overview of removed sequences
length	count	expect	max.err	error counts
1	5228572	4797194.2	0	5228572
2	1090930	1199298.6	0	1090930
3	343314	299824.6	0	343314
4	79041	74956.2	0	79041
5	19545	18739.0	0	19545
6	6212	4684.8	0	6212
7	3968	1171.2	0	3968
8	3554	292.8	0	3554
9	3462	73.2	0	3170 292
10	3691	18.3	1	3055 636
11	3499	4.6	1	3005 494
12	3305	1.1	1	3013 292
13	2884	0.3	1	2686 198
14	2938	0.3	1	2702 236
15	2856	0.3	1	2646 210
16	2744	0.3	1	2502 242
17	2883	0.3	1	2616 267
18	2470	0.3	1	2286 184
19	2338	0.3	1	2170 168
20	2174	0.3	1	1989 185
21	2296	0.3	1	2107 189
22	2139	0.3	1	1958 181
23	2109	0.3	1	1966 143
24	2181	0.3	1	1975 206
25	1942	0.3	1	1807 135
26	1861	0.3	1	1736 125
27	1844	0.3	1	1740 104
28	1744	0.3	1	1614 130
29	1784	0.3	1	1612 172
30	1595	0.3	1	1499 96
31	1494	0.3	1	1402 92
32	1625	0.3	1	1482 143
33	1501	0.3	1	1388 113
34	1549	0.3	1	1422 127
35	1425	0.3	1	1331 94
36	1310	0.3	1	1204 106
37	1228	0.3	1	1143 85
38	1196	0.3	1	1115 81
39	1189	0.3	1	1095 94
40	1242	0.3	1	1135 107
41	1078	0.3	1	994 84
42	1186	0.3	1	1097 89
43	848	0.3	1	760 88
44	929	0.3	1	848 81
45	1365	0.3	1	1297 68
46	390	0.3	1	332 58
47	707	0.3	1	642 65
48	1120	0.3	1	1033 87
49	686	0.3	1	627 59
50	458	0.3	1	408 50
51	821	0.3	1	754 67
52	714	0.3	1	653 61
53	447	0.3	1	418 29
54	550	0.3	1	504 46
55	912	0.3	1	854 58
56	490	0.3	1	434 56
57	576	0.3	1	533 43
58	447	0.3	1	410 37
59	478	0.3	1	441 37
60	241	0.3	1	219 22
61	192	0.3	1	159 33
62	570	0.3	1	511 59
63	414	0.3	1	379 35
64	194	0.3	1	173 21
65	241	0.3	1	211 30
66	641	0.3	1	599 42
67	178	0.3	1	154 24
68	240	0.3	1	216 24
69	95	0.3	1	75 20
70	88	0.3	1	69 19
71	40	0.3	1	22 18
72	98	0.3	1	76 22
73	122	0.3	1	109 13
74	177	0.3	1	155 22
75	190	0.3	1	167 23
76	163	0.3	1	139 24
77	159	0.3	1	135 24
78	135	0.3	1	118 17
79	162	0.3	1	134 28
80	144	0.3	1	118 26
81	173	0.3	1	149 24
82	145	0.3	1	119 26
83	153	0.3	1	124 29
84	150	0.3	1	115 35
85	152	0.3	1	124 28
86	143	0.3	1	114 29
87	132	0.3	1	102 30
88	123	0.3	1	101 22
89	93	0.3	1	77 16
90	112	0.3	1	85 27
91	99	0.3	1	72 27
92	90	0.3	1	74 16
93	93	0.3	1	70 23
94	113	0.3	1	85 28
95	81	0.3	1	63 18
96	100	0.3	1	74 26
97	89	0.3	1	68 21
98	84	0.3	1	59 25
99	72	0.3	1	55 17
100	48	0.3	1	38 10
101	88	0.3	1	73 15
102	70	0.3	1	57 13
103	64	0.3	1	45 19
104	80	0.3	1	61 19
105	48	0.3	1	39 9
106	59	0.3	1	45 14
107	54	0.3	1	42 12
108	49	0.3	1	29 20
109	68	0.3	1	50 18
110	44	0.3	1	29 15
111	46	0.3	1	32 14
112	31	0.3	1	20 11
113	48	0.3	1	38 10
114	49	0.3	1	33 16
115	56	0.3	1	37 19
116	40	0.3	1	28 12
117	50	0.3	1	30 20
118	36	0.3	1	24 12
119	37	0.3	1	19 18
120	35	0.3	1	18 17
121	49	0.3	1	40 9
122	33	0.3	1	21 12
123	31	0.3	1	13 18
124	45	0.3	1	19 26
125	41	0.3	1	18 23
126	32	0.3	1	16 16
127	32	0.3	1	14 18
128	37	0.3	1	20 17
129	27	0.3	1	14 13
130	18	0.3	1	12 6
131	19	0.3	1	9 10
132	22	0.3	1	16 6
133	22	0.3	1	17 5
134	30	0.3	1	20 10
135	19	0.3	1	13 6
136	21	0.3	1	9 12
137	34	0.3	1	15 19
138	14	0.3	1	11 3
139	22	0.3	1	8 14
140	19	0.3	1	13 6
141	13	0.3	1	4 9
142	18	0.3	1	6 12
143	15	0.3	1	8 7
144	21	0.3	1	12 9
145	18	0.3	1	7 11
146	23	0.3	1	11 12
147	26	0.3	1	11 15
148	11	0.3	1	6 5
149	12	0.3	1	3 9
150	883	0.3	1	5 878

RUN STATISTICS FOR INPUT FILE: s070_R1_001.fastq.gz
=============================================
19188777 sequences processed in total

