
SUMMARISING RUN PARAMETERS
==========================
Input filename: s071_R1_001.fastq.gz
Trimming mode: paired-end
Trim Galore version: 0.6.10
Cutadapt version: 3.4
Number of cores used for trimming: 1
Quality Phred score cutoff: 20
Quality encoding type selected: ASCII+33
Using Illumina adapter for trimming (count: 2361). Second best hit was smallRNA (count: 6)
Adapter sequence: 'AGATCGGAAGAGC' (Illumina TruSeq, Sanger iPCR; auto-detected)
Maximum trimming error rate: 0.1 (default)
Minimum required adapter overlap (stringency): 1 bp
Minimum required sequence length for both reads before a sequence pair gets removed: 20 bp
Running FastQC on the data once trimming has completed
Output file will be GZIP compressed


This is cutadapt 3.4 with Python 3.9.2
Command line parameters: -j 1 -e 0.1 -q 20 -O 1 -a AGATCGGAAGAGC s071_R1_001.fastq.gz
Processing reads on 1 core in single-end mode ...
Finished in 1553.09 s (80 µs/read; 0.75 M reads/minute).

=== Summary ===

Total reads processed:              19,413,289
Reads with adapters:                 6,956,025 (35.8%)
Reads written (passing filters):    19,413,289 (100.0%)

Total basepairs processed: 2,911,993,350 bp
Quality-trimmed:               6,368,361 bp (0.2%)
Total written (filtered):  2,894,574,792 bp (99.4%)

=== Adapter 1 ===

Sequence: AGATCGGAAGAGC; Type: regular 3'; Length: 13; Trimmed: 6956025 times

No. of allowed errors:
1-9 bp: 0; 10-13 bp: 1

Bases preceding removed adapters:
  A: 36.4%
  C: 24.6%
  G: 17.1%
  T: 21.9%
  none/other: 0.0%

Overview of removed sequences
length	count	expect	max.err	error counts
1	5326655	4853322.2	0	5326655
2	1108762	1213330.6	0	1108762
3	349673	303332.6	0	349673
4	80505	75833.2	0	80505
5	18431	18958.3	0	18431
6	5544	4739.6	0	5544
7	3174	1184.9	0	3174
8	2714	296.2	0	2714
9	2689	74.1	0	2373 316
10	2705	18.5	1	2134 571
11	2555	4.6	1	2179 376
12	2382	1.2	1	2173 209
13	2013	0.3	1	1862 151
14	2115	0.3	1	1930 185
15	1950	0.3	1	1823 127
16	1934	0.3	1	1769 165
17	2072	0.3	1	1865 207
18	1663	0.3	1	1542 121
19	1482	0.3	1	1389 93
20	1595	0.3	1	1473 122
21	1664	0.3	1	1537 127
22	1489	0.3	1	1375 114
23	1459	0.3	1	1338 121
24	1417	0.3	1	1282 135
25	1308	0.3	1	1213 95
26	1296	0.3	1	1200 96
27	1281	0.3	1	1189 92
28	1164	0.3	1	1075 89
29	1193	0.3	1	1096 97
30	1059	0.3	1	982 77
31	943	0.3	1	887 56
32	937	0.3	1	863 74
33	896	0.3	1	808 88
34	888	0.3	1	828 60
35	846	0.3	1	805 41
36	822	0.3	1	751 71
37	783	0.3	1	713 70
38	707	0.3	1	661 46
39	695	0.3	1	637 58
40	694	0.3	1	639 55
41	634	0.3	1	586 48
42	701	0.3	1	654 47
43	551	0.3	1	497 54
44	559	0.3	1	503 56
45	760	0.3	1	696 64
46	212	0.3	1	188 24
47	384	0.3	1	350 34
48	622	0.3	1	573 49
49	374	0.3	1	343 31
50	279	0.3	1	244 35
51	504	0.3	1	451 53
52	327	0.3	1	290 37
53	208	0.3	1	184 24
54	357	0.3	1	312 45
55	460	0.3	1	430 30
56	254	0.3	1	230 24
57	286	0.3	1	257 29
58	217	0.3	1	179 38
59	264	0.3	1	243 21
60	148	0.3	1	131 17
61	102	0.3	1	89 13
62	280	0.3	1	253 27
63	187	0.3	1	167 20
64	102	0.3	1	72 30
65	116	0.3	1	95 21
66	317	0.3	1	289 28
67	103	0.3	1	79 24
68	100	0.3	1	79 21
69	63	0.3	1	48 15
70	49	0.3	1	36 13
71	28	0.3	1	17 11
72	35	0.3	1	21 14
73	61	0.3	1	50 11
74	74	0.3	1	51 23
75	74	0.3	1	54 20
76	72	0.3	1	52 20
77	89	0.3	1	73 16
78	63	0.3	1	53 10
79	72	0.3	1	51 21
80	61	0.3	1	47 14
81	66	0.3	1	46 20
82	61	0.3	1	48 13
83	72	0.3	1	54 18
84	71	0.3	1	54 17
85	64	0.3	1	45 19
86	60	0.3	1	43 17
87	64	0.3	1	48 16
88	64	0.3	1	37 27
89	67	0.3	1	42 25
90	47	0.3	1	28 19
91	49	0.3	1	23 26
92	36	0.3	1	23 13
93	53	0.3	1	37 16
94	55	0.3	1	32 23
95	35	0.3	1	19 16
96	39	0.3	1	25 14
97	56	0.3	1	35 21
98	39	0.3	1	22 17
99	31	0.3	1	17 14
100	49	0.3	1	22 27
101	42	0.3	1	24 18
102	33	0.3	1	13 20
103	39	0.3	1	21 18
104	45	0.3	1	23 22
105	26	0.3	1	13 13
106	30	0.3	1	22 8
107	35	0.3	1	21 14
108	26	0.3	1	14 12
109	31	0.3	1	15 16
110	37	0.3	1	14 23
111	21	0.3	1	13 8
112	26	0.3	1	11 15
113	28	0.3	1	16 12
114	27	0.3	1	14 13
115	29	0.3	1	17 12
116	26	0.3	1	14 12
117	29	0.3	1	10 19
118	23	0.3	1	2 21
119	26	0.3	1	9 17
120	35	0.3	1	12 23
121	30	0.3	1	18 12
122	34	0.3	1	20 14
123	29	0.3	1	16 13
124	23	0.3	1	10 13
125	26	0.3	1	7 19
126	21	0.3	1	8 13
127	16	0.3	1	7 9
128	32	0.3	1	12 20
129	25	0.3	1	10 15
130	14	0.3	1	0 14
131	22	0.3	1	4 18
132	18	0.3	1	8 10
133	17	0.3	1	6 11
134	19	0.3	1	1 18
135	18	0.3	1	5 13
136	14	0.3	1	3 11
137	17	0.3	1	8 9
138	12	0.3	1	8 4
139	19	0.3	1	4 15
140	10	0.3	1	1 9
141	15	0.3	1	1 14
142	17	0.3	1	4 13
143	17	0.3	1	7 10
144	12	0.3	1	4 8
145	8	0.3	1	0 8
146	14	0.3	1	2 12
147	10	0.3	1	1 9
148	10	0.3	1	1 9
149	29	0.3	1	3 26
150	1482	0.3	1	0 1482

RUN STATISTICS FOR INPUT FILE: s071_R1_001.fastq.gz
=============================================
19413289 sequences processed in total

