
SUMMARISING RUN PARAMETERS
==========================
Input filename: s072_R1_001.fastq.gz
Trimming mode: paired-end
Trim Galore version: 0.6.10
Cutadapt version: 3.4
Number of cores used for trimming: 1
Quality Phred score cutoff: 20
Quality encoding type selected: ASCII+33
Using Illumina adapter for trimming (count: 3198). Second best hit was Nextera (count: 8)
Adapter sequence: 'AGATCGGAAGAGC' (Illumina TruSeq, Sanger iPCR; auto-detected)
Maximum trimming error rate: 0.1 (default)
Minimum required adapter overlap (stringency): 1 bp
Minimum required sequence length for both reads before a sequence pair gets removed: 20 bp
Running FastQC on the data once trimming has completed
Output file will be GZIP compressed


This is cutadapt 3.4 with Python 3.9.2
Command line parameters: -j 1 -e 0.1 -q 20 -O 1 -a AGATCGGAAGAGC s072_R1_001.fastq.gz
Processing reads on 1 core in single-end mode ...
Finished in 2211.29 s (79 µs/read; 0.76 M reads/minute).

=== Summary ===

Total reads processed:              28,038,049
Reads with adapters:                10,061,729 (35.9%)
Reads written (passing filters):    28,038,049 (100.0%)

Total basepairs processed: 4,205,707,350 bp
Quality-trimmed:               7,293,351 bp (0.2%)
Total written (filtered):  4,181,560,014 bp (99.4%)

=== Adapter 1 ===

Sequence: AGATCGGAAGAGC; Type: regular 3'; Length: 13; Trimmed: 10061729 times

No. of allowed errors:
1-9 bp: 0; 10-13 bp: 1

Bases preceding removed adapters:
  A: 35.9%
  C: 24.9%
  G: 17.6%
  T: 21.7%
  none/other: 0.0%

Overview of removed sequences
length	count	expect	max.err	error counts
1	7659848	7009512.2	0	7659848
2	1595796	1752378.1	0	1595796
3	509487	438094.5	0	509487
4	121677	109523.6	0	121677
5	30163	27380.9	0	30163
6	10410	6845.2	0	10410
7	6617	1711.3	0	6617
8	6284	427.8	0	6284
9	5402	107.0	0	4971 431
10	5825	26.7	1	4829 996
11	5762	6.7	1	5024 738
12	5252	1.7	1	4797 455
13	4498	0.4	1	4168 330
14	4504	0.4	1	4155 349
15	4375	0.4	1	4056 319
16	4258	0.4	1	3939 319
17	4157	0.4	1	3791 366
18	3754	0.4	1	3486 268
19	3325	0.4	1	3100 225
20	3409	0.4	1	3168 241
21	3275	0.4	1	3047 228
22	2975	0.4	1	2801 174
23	3155	0.4	1	2923 232
24	2861	0.4	1	2640 221
25	2676	0.4	1	2483 193
26	2549	0.4	1	2387 162
27	2479	0.4	1	2314 165
28	2195	0.4	1	2056 139
29	2230	0.4	1	2034 196
30	2119	0.4	1	1987 132
31	1844	0.4	1	1714 130
32	1928	0.4	1	1810 118
33	1796	0.4	1	1666 130
34	1683	0.4	1	1577 106
35	1679	0.4	1	1539 140
36	1563	0.4	1	1437 126
37	1464	0.4	1	1365 99
38	1426	0.4	1	1334 92
39	1278	0.4	1	1181 97
40	1328	0.4	1	1203 125
41	1386	0.4	1	1288 98
42	913	0.4	1	819 94
43	1197	0.4	1	1086 111
44	996	0.4	1	910 86
45	1431	0.4	1	1341 90
46	395	0.4	1	346 49
47	726	0.4	1	663 63
48	975	0.4	1	918 57
49	698	0.4	1	652 46
50	509	0.4	1	455 54
51	859	0.4	1	780 79
52	561	0.4	1	507 54
53	461	0.4	1	417 44
54	626	0.4	1	564 62
55	793	0.4	1	743 50
56	467	0.4	1	413 54
57	578	0.4	1	531 47
58	419	0.4	1	386 33
59	439	0.4	1	401 38
60	253	0.4	1	214 39
61	193	0.4	1	158 35
62	469	0.4	1	415 54
63	339	0.4	1	307 32
64	218	0.4	1	174 44
65	206	0.4	1	173 33
66	503	0.4	1	459 44
67	185	0.4	1	157 28
68	243	0.4	1	215 28
69	164	0.4	1	133 31
70	134	0.4	1	110 24
71	50	0.4	1	29 21
72	70	0.4	1	51 19
73	124	0.4	1	92 32
74	142	0.4	1	116 26
75	158	0.4	1	129 29
76	142	0.4	1	115 27
77	136	0.4	1	114 22
78	158	0.4	1	129 29
79	114	0.4	1	93 21
80	147	0.4	1	105 42
81	138	0.4	1	108 30
82	115	0.4	1	84 31
83	111	0.4	1	79 32
84	110	0.4	1	77 33
85	108	0.4	1	73 35
86	125	0.4	1	91 34
87	94	0.4	1	62 32
88	102	0.4	1	71 31
89	97	0.4	1	74 23
90	109	0.4	1	81 28
91	100	0.4	1	70 30
92	90	0.4	1	59 31
93	75	0.4	1	44 31
94	77	0.4	1	41 36
95	78	0.4	1	51 27
96	56	0.4	1	30 26
97	85	0.4	1	52 33
98	75	0.4	1	42 33
99	56	0.4	1	33 23
100	73	0.4	1	44 29
101	51	0.4	1	29 22
102	71	0.4	1	37 34
103	62	0.4	1	40 22
104	36	0.4	1	22 14
105	62	0.4	1	35 27
106	61	0.4	1	33 28
107	49	0.4	1	29 20
108	40	0.4	1	21 19
109	65	0.4	1	29 36
110	42	0.4	1	21 21
111	40	0.4	1	14 26
112	54	0.4	1	27 27
113	39	0.4	1	19 20
114	34	0.4	1	19 15
115	27	0.4	1	9 18
116	36	0.4	1	19 17
117	54	0.4	1	25 29
118	34	0.4	1	12 22
119	34	0.4	1	15 19
120	35	0.4	1	16 19
121	28	0.4	1	10 18
122	27	0.4	1	15 12
123	39	0.4	1	15 24
124	28	0.4	1	15 13
125	44	0.4	1	17 27
126	37	0.4	1	16 21
127	40	0.4	1	13 27
128	30	0.4	1	14 16
129	27	0.4	1	13 14
130	36	0.4	1	10 26
131	21	0.4	1	3 18
132	28	0.4	1	11 17
133	15	0.4	1	5 10
134	32	0.4	1	9 23
135	26	0.4	1	13 13
136	26	0.4	1	5 21
137	20	0.4	1	6 14
138	26	0.4	1	7 19
139	17	0.4	1	6 11
140	31	0.4	1	12 19
141	32	0.4	1	16 16
142	33	0.4	1	9 24
143	22	0.4	1	3 19
144	25	0.4	1	11 14
145	25	0.4	1	7 18
146	23	0.4	1	3 20
147	31	0.4	1	7 24
148	31	0.4	1	9 22
149	18	0.4	1	1 17
150	2228	0.4	1	4 2224

RUN STATISTICS FOR INPUT FILE: s072_R1_001.fastq.gz
=============================================
28038049 sequences processed in total

