
SUMMARISING RUN PARAMETERS
==========================
Input filename: s075_R1_001.fastq.gz
Trimming mode: paired-end
Trim Galore version: 0.6.10
Cutadapt version: 3.4
Number of cores used for trimming: 1
Quality Phred score cutoff: 20
Quality encoding type selected: ASCII+33
Using Illumina adapter for trimming (count: 4806). Second best hit was smallRNA (count: 10)
Adapter sequence: 'AGATCGGAAGAGC' (Illumina TruSeq, Sanger iPCR; auto-detected)
Maximum trimming error rate: 0.1 (default)
Minimum required adapter overlap (stringency): 1 bp
Minimum required sequence length for both reads before a sequence pair gets removed: 20 bp
Running FastQC on the data once trimming has completed
Output file will be GZIP compressed


This is cutadapt 3.4 with Python 3.9.2
Command line parameters: -j 1 -e 0.1 -q 20 -O 1 -a AGATCGGAAGAGC s075_R1_001.fastq.gz
Processing reads on 1 core in single-end mode ...
Finished in 2250.14 s (82 µs/read; 0.73 M reads/minute).

=== Summary ===

Total reads processed:              27,362,488
Reads with adapters:                10,043,547 (36.7%)
Reads written (passing filters):    27,362,488 (100.0%)

Total basepairs processed: 4,104,373,200 bp
Quality-trimmed:               7,457,921 bp (0.2%)
Total written (filtered):  4,078,693,981 bp (99.4%)

=== Adapter 1 ===

Sequence: AGATCGGAAGAGC; Type: regular 3'; Length: 13; Trimmed: 10043547 times

No. of allowed errors:
1-9 bp: 0; 10-13 bp: 1

Bases preceding removed adapters:
  A: 36.9%
  C: 24.2%
  G: 16.9%
  T: 22.0%
  none/other: 0.0%

Overview of removed sequences
length	count	expect	max.err	error counts
1	7655743	6840622.0	0	7655743
2	1534338	1710155.5	0	1534338
3	502489	427538.9	0	502489
4	120663	106884.7	0	120663
5	30136	26721.2	0	30136
6	11405	6680.3	0	11405
7	8250	1670.1	0	8250
8	8232	417.5	0	8232
9	7148	104.4	0	6745 403
10	7419	26.1	1	6439 980
11	7377	6.5	1	6529 848
12	6896	1.6	1	6392 504
13	6147	0.4	1	5744 403
14	6189	0.4	1	5708 481
15	5904	0.4	1	5505 399
16	5683	0.4	1	5227 456
17	5806	0.4	1	5352 454
18	5146	0.4	1	4867 279
19	4645	0.4	1	4355 290
20	4849	0.4	1	4548 301
21	4810	0.4	1	4454 356
22	4339	0.4	1	4097 242
23	4416	0.4	1	4135 281
24	4130	0.4	1	3778 352
25	3731	0.4	1	3504 227
26	3677	0.4	1	3460 217
27	3701	0.4	1	3486 215
28	3360	0.4	1	3164 196
29	3415	0.4	1	3154 261
30	3040	0.4	1	2880 160
31	2888	0.4	1	2736 152
32	2852	0.4	1	2690 162
33	2737	0.4	1	2578 159
34	2589	0.4	1	2451 138
35	2469	0.4	1	2293 176
36	2499	0.4	1	2325 174
37	2197	0.4	1	2094 103
38	2272	0.4	1	2118 154
39	1921	0.4	1	1829 92
40	2215	0.4	1	2073 142
41	2180	0.4	1	2076 104
42	1451	0.4	1	1350 101
43	1879	0.4	1	1721 158
44	1497	0.4	1	1375 122
45	2289	0.4	1	2188 101
46	705	0.4	1	638 67
47	1156	0.4	1	1092 64
48	1795	0.4	1	1700 95
49	1033	0.4	1	979 54
50	957	0.4	1	893 64
51	1268	0.4	1	1200 68
52	902	0.4	1	837 65
53	729	0.4	1	685 44
54	1010	0.4	1	930 80
55	1240	0.4	1	1183 57
56	705	0.4	1	669 36
57	994	0.4	1	954 40
58	633	0.4	1	586 47
59	719	0.4	1	673 46
60	382	0.4	1	361 21
61	301	0.4	1	276 25
62	752	0.4	1	709 43
63	666	0.4	1	624 42
64	316	0.4	1	286 30
65	288	0.4	1	260 28
66	747	0.4	1	705 42
67	281	0.4	1	245 36
68	442	0.4	1	410 32
69	235	0.4	1	198 37
70	202	0.4	1	171 31
71	62	0.4	1	41 21
72	90	0.4	1	65 25
73	189	0.4	1	162 27
74	222	0.4	1	198 24
75	229	0.4	1	211 18
76	255	0.4	1	233 22
77	217	0.4	1	198 19
78	186	0.4	1	165 21
79	199	0.4	1	169 30
80	177	0.4	1	158 19
81	208	0.4	1	167 41
82	176	0.4	1	155 21
83	170	0.4	1	141 29
84	166	0.4	1	135 31
85	158	0.4	1	136 22
86	137	0.4	1	115 22
87	126	0.4	1	95 31
88	115	0.4	1	89 26
89	116	0.4	1	86 30
90	108	0.4	1	87 21
91	132	0.4	1	102 30
92	92	0.4	1	73 19
93	117	0.4	1	98 19
94	86	0.4	1	71 15
95	79	0.4	1	54 25
96	77	0.4	1	54 23
97	95	0.4	1	75 20
98	68	0.4	1	50 18
99	70	0.4	1	45 25
100	65	0.4	1	46 19
101	61	0.4	1	39 22
102	57	0.4	1	33 24
103	49	0.4	1	33 16
104	61	0.4	1	42 19
105	36	0.4	1	22 14
106	47	0.4	1	27 20
107	45	0.4	1	27 18
108	48	0.4	1	22 26
109	33	0.4	1	21 12
110	43	0.4	1	24 19
111	40	0.4	1	22 18
112	38	0.4	1	16 22
113	33	0.4	1	10 23
114	41	0.4	1	25 16
115	32	0.4	1	17 15
116	44	0.4	1	24 20
117	35	0.4	1	12 23
118	29	0.4	1	21 8
119	28	0.4	1	12 16
120	39	0.4	1	19 20
121	29	0.4	1	15 14
122	24	0.4	1	9 15
123	22	0.4	1	10 12
124	27	0.4	1	16 11
125	35	0.4	1	13 22
126	28	0.4	1	12 16
127	25	0.4	1	12 13
128	43	0.4	1	18 25
129	29	0.4	1	8 21
130	33	0.4	1	13 20
131	37	0.4	1	13 24
132	20	0.4	1	7 13
133	21	0.4	1	9 12
134	29	0.4	1	10 19
135	22	0.4	1	11 11
136	27	0.4	1	13 14
137	16	0.4	1	7 9
138	17	0.4	1	5 12
139	24	0.4	1	9 15
140	20	0.4	1	4 16
141	31	0.4	1	17 14
142	13	0.4	1	3 10
143	9	0.4	1	5 4
144	13	0.4	1	2 11
145	14	0.4	1	2 12
146	19	0.4	1	4 15
147	26	0.4	1	12 14
148	19	0.4	1	9 10
149	19	0.4	1	2 17
150	2353	0.4	1	5 2348

RUN STATISTICS FOR INPUT FILE: s075_R1_001.fastq.gz
=============================================
27362488 sequences processed in total

