
SUMMARISING RUN PARAMETERS
==========================
Input filename: s077_R1_001.fastq.gz
Trimming mode: paired-end
Trim Galore version: 0.6.10
Cutadapt version: 3.4
Number of cores used for trimming: 1
Quality Phred score cutoff: 20
Quality encoding type selected: ASCII+33
Using Illumina adapter for trimming (count: 2739). Second best hit was Nextera (count: 6)
Adapter sequence: 'AGATCGGAAGAGC' (Illumina TruSeq, Sanger iPCR; auto-detected)
Maximum trimming error rate: 0.1 (default)
Minimum required adapter overlap (stringency): 1 bp
Minimum required sequence length for both reads before a sequence pair gets removed: 20 bp
Running FastQC on the data once trimming has completed
Output file will be GZIP compressed


This is cutadapt 3.4 with Python 3.9.2
Command line parameters: -j 1 -e 0.1 -q 20 -O 1 -a AGATCGGAAGAGC s077_R1_001.fastq.gz
Processing reads on 1 core in single-end mode ...
Finished in 2094.94 s (81 µs/read; 0.74 M reads/minute).

=== Summary ===

Total reads processed:              25,881,213
Reads with adapters:                 9,622,839 (37.2%)
Reads written (passing filters):    25,881,213 (100.0%)

Total basepairs processed: 3,882,181,950 bp
Quality-trimmed:               6,851,756 bp (0.2%)
Total written (filtered):  3,859,692,862 bp (99.4%)

=== Adapter 1 ===

Sequence: AGATCGGAAGAGC; Type: regular 3'; Length: 13; Trimmed: 9622839 times

No. of allowed errors:
1-9 bp: 0; 10-13 bp: 1

Bases preceding removed adapters:
  A: 36.0%
  C: 24.8%
  G: 15.8%
  T: 23.4%
  none/other: 0.0%

Overview of removed sequences
length	count	expect	max.err	error counts
1	7398570	6470303.2	0	7398570
2	1480547	1617575.8	0	1480547
3	488250	404394.0	0	488250
4	120790	101098.5	0	120790
5	25352	25274.6	0	25352
6	6131	6318.7	0	6131
7	4074	1579.7	0	4074
8	3890	394.9	0	3890
9	3685	98.7	0	3316 369
10	3679	24.7	1	2998 681
11	3672	6.2	1	3182 490
12	3569	1.5	1	3268 301
13	2832	0.4	1	2655 177
14	3026	0.4	1	2770 256
15	2881	0.4	1	2671 210
16	2755	0.4	1	2512 243
17	2910	0.4	1	2633 277
18	2595	0.4	1	2436 159
19	2348	0.4	1	2222 126
20	2494	0.4	1	2324 170
21	2391	0.4	1	2216 175
22	2183	0.4	1	2053 130
23	2281	0.4	1	2139 142
24	2168	0.4	1	1966 202
25	1997	0.4	1	1863 134
26	2007	0.4	1	1882 125
27	2033	0.4	1	1884 149
28	1827	0.4	1	1711 116
29	1911	0.4	1	1762 149
30	1705	0.4	1	1588 117
31	1679	0.4	1	1575 104
32	1640	0.4	1	1537 103
33	1579	0.4	1	1460 119
34	1560	0.4	1	1432 128
35	1336	0.4	1	1258 78
36	1312	0.4	1	1232 80
37	1286	0.4	1	1183 103
38	1283	0.4	1	1182 101
39	1227	0.4	1	1131 96
40	1422	0.4	1	1338 84
41	935	0.4	1	849 86
42	1129	0.4	1	1040 89
43	1199	0.4	1	1087 112
44	865	0.4	1	809 56
45	1416	0.4	1	1347 69
46	403	0.4	1	361 42
47	686	0.4	1	622 64
48	972	0.4	1	900 72
49	736	0.4	1	690 46
50	657	0.4	1	606 51
51	772	0.4	1	710 62
52	621	0.4	1	581 40
53	496	0.4	1	469 27
54	595	0.4	1	562 33
55	772	0.4	1	723 49
56	451	0.4	1	409 42
57	585	0.4	1	545 40
58	470	0.4	1	431 39
59	463	0.4	1	422 41
60	379	0.4	1	353 26
61	269	0.4	1	244 25
62	539	0.4	1	498 41
63	459	0.4	1	419 40
64	259	0.4	1	231 28
65	218	0.4	1	188 30
66	587	0.4	1	552 35
67	271	0.4	1	243 28
68	359	0.4	1	339 20
69	164	0.4	1	145 19
70	109	0.4	1	96 13
71	43	0.4	1	30 13
72	67	0.4	1	46 21
73	136	0.4	1	119 17
74	176	0.4	1	162 14
75	167	0.4	1	146 21
76	168	0.4	1	144 24
77	181	0.4	1	158 23
78	186	0.4	1	158 28
79	156	0.4	1	138 18
80	139	0.4	1	119 20
81	149	0.4	1	123 26
82	154	0.4	1	132 22
83	134	0.4	1	116 18
84	118	0.4	1	100 18
85	116	0.4	1	95 21
86	112	0.4	1	94 18
87	117	0.4	1	95 22
88	88	0.4	1	71 17
89	101	0.4	1	78 23
90	94	0.4	1	74 20
91	82	0.4	1	71 11
92	108	0.4	1	85 23
93	87	0.4	1	64 23
94	90	0.4	1	66 24
95	83	0.4	1	60 23
96	81	0.4	1	68 13
97	67	0.4	1	55 12
98	52	0.4	1	41 11
99	58	0.4	1	41 17
100	51	0.4	1	37 14
101	58	0.4	1	39 19
102	66	0.4	1	37 29
103	53	0.4	1	42 11
104	58	0.4	1	38 20
105	44	0.4	1	29 15
106	40	0.4	1	30 10
107	41	0.4	1	27 14
108	56	0.4	1	41 15
109	56	0.4	1	30 26
110	44	0.4	1	23 21
111	35	0.4	1	25 10
112	37	0.4	1	20 17
113	37	0.4	1	27 10
114	31	0.4	1	19 12
115	34	0.4	1	21 13
116	29	0.4	1	18 11
117	40	0.4	1	27 13
118	36	0.4	1	17 19
119	33	0.4	1	19 14
120	29	0.4	1	15 14
121	32	0.4	1	16 16
122	30	0.4	1	12 18
123	41	0.4	1	23 18
124	31	0.4	1	17 14
125	22	0.4	1	9 13
126	23	0.4	1	10 13
127	21	0.4	1	7 14
128	26	0.4	1	13 13
129	25	0.4	1	8 17
130	19	0.4	1	10 9
131	19	0.4	1	8 11
132	26	0.4	1	15 11
133	20	0.4	1	14 6
134	22	0.4	1	11 11
135	18	0.4	1	9 9
136	20	0.4	1	6 14
137	17	0.4	1	7 10
138	16	0.4	1	3 13
139	11	0.4	1	6 5
140	18	0.4	1	1 17
141	13	0.4	1	8 5
142	12	0.4	1	3 9
143	10	0.4	1	6 4
144	14	0.4	1	8 6
145	12	0.4	1	5 7
146	20	0.4	1	9 11
147	7	0.4	1	2 5
148	19	0.4	1	5 14
149	19	0.4	1	2 17
150	1325	0.4	1	8 1317

RUN STATISTICS FOR INPUT FILE: s077_R1_001.fastq.gz
=============================================
25881213 sequences processed in total

