
SUMMARISING RUN PARAMETERS
==========================
Input filename: s079_R1_001.fastq.gz
Trimming mode: paired-end
Trim Galore version: 0.6.10
Cutadapt version: 3.4
Number of cores used for trimming: 1
Quality Phred score cutoff: 20
Quality encoding type selected: ASCII+33
Using Illumina adapter for trimming (count: 3740). Second best hit was Nextera (count: 12)
Adapter sequence: 'AGATCGGAAGAGC' (Illumina TruSeq, Sanger iPCR; auto-detected)
Maximum trimming error rate: 0.1 (default)
Minimum required adapter overlap (stringency): 1 bp
Minimum required sequence length for both reads before a sequence pair gets removed: 20 bp
Running FastQC on the data once trimming has completed
Output file will be GZIP compressed


This is cutadapt 3.4 with Python 3.9.2
Command line parameters: -j 1 -e 0.1 -q 20 -O 1 -a AGATCGGAAGAGC s079_R1_001.fastq.gz
Processing reads on 1 core in single-end mode ...
Finished in 2199.61 s (79 µs/read; 0.76 M reads/minute).

=== Summary ===

Total reads processed:              27,696,744
Reads with adapters:                 9,915,025 (35.8%)
Reads written (passing filters):    27,696,744 (100.0%)

Total basepairs processed: 4,154,511,600 bp
Quality-trimmed:               7,797,540 bp (0.2%)
Total written (filtered):  4,129,459,703 bp (99.4%)

=== Adapter 1 ===

Sequence: AGATCGGAAGAGC; Type: regular 3'; Length: 13; Trimmed: 9915025 times

No. of allowed errors:
1-9 bp: 0; 10-13 bp: 1

Bases preceding removed adapters:
  A: 35.7%
  C: 25.0%
  G: 17.8%
  T: 21.6%
  none/other: 0.0%

Overview of removed sequences
length	count	expect	max.err	error counts
1	7521486	6924186.0	0	7521486
2	1575458	1731046.5	0	1575458
3	506427	432761.6	0	506427
4	119014	108190.4	0	119014
5	29840	27047.6	0	29840
6	10458	6761.9	0	10458
7	6839	1690.5	0	6839
8	6396	422.6	0	6396
9	5564	105.7	0	5132 432
10	5906	26.4	1	4944 962
11	5800	6.6	1	5099 701
12	5488	1.7	1	5017 471
13	4611	0.4	1	4259 352
14	4919	0.4	1	4517 402
15	4440	0.4	1	4145 295
16	4406	0.4	1	4059 347
17	4621	0.4	1	4208 413
18	4184	0.4	1	3892 292
19	3662	0.4	1	3428 234
20	3762	0.4	1	3481 281
21	3715	0.4	1	3446 269
22	3576	0.4	1	3332 244
23	3398	0.4	1	3171 227
24	3322	0.4	1	3074 248
25	3055	0.4	1	2862 193
26	3007	0.4	1	2814 193
27	2926	0.4	1	2714 212
28	2742	0.4	1	2575 167
29	2807	0.4	1	2596 211
30	2461	0.4	1	2330 131
31	2361	0.4	1	2218 143
32	2225	0.4	1	2093 132
33	2190	0.4	1	2016 174
34	2175	0.4	1	2007 168
35	1967	0.4	1	1829 138
36	1807	0.4	1	1682 125
37	1895	0.4	1	1749 146
38	1808	0.4	1	1692 116
39	1649	0.4	1	1532 117
40	1819	0.4	1	1726 93
41	1217	0.4	1	1127 90
42	1507	0.4	1	1404 103
43	1614	0.4	1	1494 120
44	1094	0.4	1	1015 79
45	1954	0.4	1	1860 94
46	449	0.4	1	393 56
47	985	0.4	1	925 60
48	1395	0.4	1	1300 95
49	999	0.4	1	919 80
50	719	0.4	1	656 63
51	1040	0.4	1	967 73
52	865	0.4	1	804 61
53	714	0.4	1	660 54
54	835	0.4	1	763 72
55	957	0.4	1	877 80
56	610	0.4	1	561 49
57	819	0.4	1	764 55
58	657	0.4	1	596 61
59	610	0.4	1	540 70
60	454	0.4	1	422 32
61	284	0.4	1	254 30
62	654	0.4	1	597 57
63	593	0.4	1	557 36
64	356	0.4	1	309 47
65	262	0.4	1	230 32
66	760	0.4	1	709 51
67	333	0.4	1	286 47
68	397	0.4	1	354 43
69	213	0.4	1	186 27
70	143	0.4	1	128 15
71	64	0.4	1	36 28
72	122	0.4	1	100 22
73	204	0.4	1	185 19
74	221	0.4	1	195 26
75	214	0.4	1	179 35
76	221	0.4	1	189 32
77	224	0.4	1	196 28
78	226	0.4	1	190 36
79	205	0.4	1	169 36
80	174	0.4	1	144 30
81	155	0.4	1	127 28
82	150	0.4	1	123 27
83	139	0.4	1	105 34
84	121	0.4	1	100 21
85	151	0.4	1	117 34
86	140	0.4	1	112 28
87	143	0.4	1	114 29
88	138	0.4	1	109 29
89	88	0.4	1	70 18
90	96	0.4	1	69 27
91	86	0.4	1	65 21
92	104	0.4	1	78 26
93	77	0.4	1	51 26
94	88	0.4	1	57 31
95	90	0.4	1	66 24
96	79	0.4	1	58 21
97	76	0.4	1	55 21
98	73	0.4	1	50 23
99	82	0.4	1	64 18
100	67	0.4	1	39 28
101	60	0.4	1	41 19
102	59	0.4	1	32 27
103	66	0.4	1	39 27
104	71	0.4	1	53 18
105	73	0.4	1	45 28
106	62	0.4	1	34 28
107	37	0.4	1	16 21
108	58	0.4	1	32 26
109	67	0.4	1	30 37
110	45	0.4	1	23 22
111	48	0.4	1	25 23
112	48	0.4	1	25 23
113	47	0.4	1	22 25
114	42	0.4	1	22 20
115	27	0.4	1	14 13
116	44	0.4	1	20 24
117	37	0.4	1	16 21
118	29	0.4	1	12 17
119	41	0.4	1	14 27
120	40	0.4	1	19 21
121	29	0.4	1	10 19
122	35	0.4	1	17 18
123	34	0.4	1	9 25
124	40	0.4	1	7 33
125	41	0.4	1	13 28
126	32	0.4	1	8 24
127	33	0.4	1	16 17
128	40	0.4	1	13 27
129	28	0.4	1	10 18
130	24	0.4	1	6 18
131	16	0.4	1	4 12
132	33	0.4	1	9 24
133	28	0.4	1	8 20
134	27	0.4	1	12 15
135	31	0.4	1	11 20
136	34	0.4	1	11 23
137	21	0.4	1	5 16
138	17	0.4	1	5 12
139	26	0.4	1	10 16
140	33	0.4	1	10 23
141	17	0.4	1	5 12
142	24	0.4	1	9 15
143	22	0.4	1	6 16
144	10	0.4	1	3 7
145	18	0.4	1	3 15
146	24	0.4	1	9 15
147	27	0.4	1	8 19
148	20	0.4	1	4 16
149	28	0.4	1	4 24
150	1539	0.4	1	5 1534

RUN STATISTICS FOR INPUT FILE: s079_R1_001.fastq.gz
=============================================
27696744 sequences processed in total

