
SUMMARISING RUN PARAMETERS
==========================
Input filename: s080_R1_001.fastq.gz
Trimming mode: paired-end
Trim Galore version: 0.6.10
Cutadapt version: 3.4
Number of cores used for trimming: 1
Quality Phred score cutoff: 20
Quality encoding type selected: ASCII+33
Using Illumina adapter for trimming (count: 3108). Second best hit was Nextera (count: 12)
Adapter sequence: 'AGATCGGAAGAGC' (Illumina TruSeq, Sanger iPCR; auto-detected)
Maximum trimming error rate: 0.1 (default)
Minimum required adapter overlap (stringency): 1 bp
Minimum required sequence length for both reads before a sequence pair gets removed: 20 bp
Running FastQC on the data once trimming has completed
Output file will be GZIP compressed


This is cutadapt 3.4 with Python 3.9.2
Command line parameters: -j 1 -e 0.1 -q 20 -O 1 -a AGATCGGAAGAGC s080_R1_001.fastq.gz
Processing reads on 1 core in single-end mode ...
Finished in 1987.97 s (79 µs/read; 0.76 M reads/minute).

=== Summary ===

Total reads processed:              25,059,580
Reads with adapters:                 9,182,232 (36.6%)
Reads written (passing filters):    25,059,580 (100.0%)

Total basepairs processed: 3,758,937,000 bp
Quality-trimmed:               7,947,064 bp (0.2%)
Total written (filtered):  3,735,765,194 bp (99.4%)

=== Adapter 1 ===

Sequence: AGATCGGAAGAGC; Type: regular 3'; Length: 13; Trimmed: 9182232 times

No. of allowed errors:
1-9 bp: 0; 10-13 bp: 1

Bases preceding removed adapters:
  A: 37.0%
  C: 24.0%
  G: 16.8%
  T: 22.1%
  none/other: 0.0%

Overview of removed sequences
length	count	expect	max.err	error counts
1	7031159	6264895.0	0	7031159
2	1428366	1566223.8	0	1428366
3	463614	391555.9	0	463614
4	107394	97889.0	0	107394
5	24776	24472.2	0	24776
6	8396	6118.1	0	8396
7	5182	1529.5	0	5182
8	5118	382.4	0	5118
9	4616	95.6	0	4216 400
10	4798	23.9	1	4033 765
11	4756	6.0	1	4100 656
12	4396	1.5	1	4028 368
13	3775	0.4	1	3516 259
14	3934	0.4	1	3634 300
15	3623	0.4	1	3356 267
16	3545	0.4	1	3250 295
17	3671	0.4	1	3369 302
18	3166	0.4	1	2970 196
19	2997	0.4	1	2761 236
20	3071	0.4	1	2823 248
21	3028	0.4	1	2817 211
22	2719	0.4	1	2526 193
23	2615	0.4	1	2447 168
24	2616	0.4	1	2425 191
25	2475	0.4	1	2317 158
26	2295	0.4	1	2155 140
27	2323	0.4	1	2169 154
28	2106	0.4	1	1959 147
29	2172	0.4	1	1988 184
30	1849	0.4	1	1739 110
31	1881	0.4	1	1757 124
32	1835	0.4	1	1707 128
33	1762	0.4	1	1643 119
34	1697	0.4	1	1566 131
35	1491	0.4	1	1411 80
36	1355	0.4	1	1255 100
37	1349	0.4	1	1248 101
38	1339	0.4	1	1264 75
39	1266	0.4	1	1170 96
40	1471	0.4	1	1374 97
41	950	0.4	1	857 93
42	1118	0.4	1	1045 73
43	1141	0.4	1	1050 91
44	840	0.4	1	769 71
45	1347	0.4	1	1265 82
46	387	0.4	1	344 43
47	689	0.4	1	625 64
48	951	0.4	1	872 79
49	686	0.4	1	626 60
50	566	0.4	1	512 54
51	734	0.4	1	667 67
52	607	0.4	1	563 44
53	468	0.4	1	428 40
54	579	0.4	1	530 49
55	749	0.4	1	680 69
56	407	0.4	1	382 25
57	569	0.4	1	524 45
58	438	0.4	1	397 41
59	393	0.4	1	360 33
60	274	0.4	1	249 25
61	212	0.4	1	179 33
62	471	0.4	1	412 59
63	386	0.4	1	349 37
64	227	0.4	1	196 31
65	194	0.4	1	163 31
66	528	0.4	1	479 49
67	223	0.4	1	204 19
68	273	0.4	1	241 32
69	137	0.4	1	116 21
70	92	0.4	1	78 14
71	33	0.4	1	20 13
72	64	0.4	1	44 20
73	132	0.4	1	105 27
74	125	0.4	1	99 26
75	139	0.4	1	122 17
76	124	0.4	1	102 22
77	150	0.4	1	129 21
78	125	0.4	1	104 21
79	115	0.4	1	98 17
80	141	0.4	1	121 20
81	132	0.4	1	108 24
82	108	0.4	1	92 16
83	108	0.4	1	84 24
84	95	0.4	1	79 16
85	125	0.4	1	100 25
86	116	0.4	1	96 20
87	105	0.4	1	77 28
88	88	0.4	1	62 26
89	96	0.4	1	70 26
90	77	0.4	1	49 28
91	77	0.4	1	55 22
92	66	0.4	1	42 24
93	61	0.4	1	44 17
94	73	0.4	1	50 23
95	66	0.4	1	42 24
96	47	0.4	1	30 17
97	53	0.4	1	32 21
98	54	0.4	1	34 20
99	64	0.4	1	36 28
100	51	0.4	1	27 24
101	44	0.4	1	23 21
102	42	0.4	1	24 18
103	58	0.4	1	32 26
104	39	0.4	1	19 20
105	34	0.4	1	16 18
106	35	0.4	1	18 17
107	43	0.4	1	22 21
108	43	0.4	1	24 19
109	32	0.4	1	15 17
110	37	0.4	1	18 19
111	50	0.4	1	24 26
112	46	0.4	1	19 27
113	25	0.4	1	9 16
114	39	0.4	1	14 25
115	34	0.4	1	11 23
116	40	0.4	1	20 20
117	46	0.4	1	19 27
118	31	0.4	1	16 15
119	37	0.4	1	15 22
120	28	0.4	1	14 14
121	38	0.4	1	18 20
122	27	0.4	1	13 14
123	21	0.4	1	14 7
124	29	0.4	1	10 19
125	27	0.4	1	7 20
126	25	0.4	1	11 14
127	23	0.4	1	10 13
128	27	0.4	1	11 16
129	29	0.4	1	10 19
130	21	0.4	1	10 11
131	27	0.4	1	10 17
132	17	0.4	1	10 7
133	22	0.4	1	8 14
134	18	0.4	1	7 11
135	16	0.4	1	8 8
136	25	0.4	1	11 14
137	14	0.4	1	7 7
138	30	0.4	1	18 12
139	16	0.4	1	6 10
140	15	0.4	1	5 10
141	18	0.4	1	8 10
142	10	0.4	1	3 7
143	12	0.4	1	4 8
144	13	0.4	1	3 10
145	22	0.4	1	6 16
146	19	0.4	1	7 12
147	24	0.4	1	9 15
148	16	0.4	1	5 11
149	19	0.4	1	1 18
150	1386	0.4	1	2 1384

RUN STATISTICS FOR INPUT FILE: s080_R1_001.fastq.gz
=============================================
25059580 sequences processed in total

