
SUMMARISING RUN PARAMETERS
==========================
Input filename: s082_R1_001.fastq.gz
Trimming mode: paired-end
Trim Galore version: 0.6.10
Cutadapt version: 3.4
Number of cores used for trimming: 1
Quality Phred score cutoff: 20
Quality encoding type selected: ASCII+33
Using Illumina adapter for trimming (count: 3855). Second best hit was smallRNA (count: 1)
Adapter sequence: 'AGATCGGAAGAGC' (Illumina TruSeq, Sanger iPCR; auto-detected)
Maximum trimming error rate: 0.1 (default)
Minimum required adapter overlap (stringency): 1 bp
Minimum required sequence length for both reads before a sequence pair gets removed: 20 bp
Running FastQC on the data once trimming has completed
Output file will be GZIP compressed


This is cutadapt 3.4 with Python 3.9.2
Command line parameters: -j 1 -e 0.1 -q 20 -O 1 -a AGATCGGAAGAGC s082_R1_001.fastq.gz
Processing reads on 1 core in single-end mode ...
Finished in 2155.23 s (78 µs/read; 0.77 M reads/minute).

=== Summary ===

Total reads processed:              27,595,990
Reads with adapters:                10,073,873 (36.5%)
Reads written (passing filters):    27,595,990 (100.0%)

Total basepairs processed: 4,139,398,500 bp
Quality-trimmed:               7,864,606 bp (0.2%)
Total written (filtered):  4,114,169,822 bp (99.4%)

=== Adapter 1 ===

Sequence: AGATCGGAAGAGC; Type: regular 3'; Length: 13; Trimmed: 10073873 times

No. of allowed errors:
1-9 bp: 0; 10-13 bp: 1

Bases preceding removed adapters:
  A: 36.8%
  C: 24.2%
  G: 17.0%
  T: 22.0%
  none/other: 0.0%

Overview of removed sequences
length	count	expect	max.err	error counts
1	7695382	6898997.5	0	7695382
2	1562820	1724749.4	0	1562820
3	509472	431187.3	0	509472
4	118466	107796.8	0	118466
5	28312	26949.2	0	28312
6	9365	6737.3	0	9365
7	6218	1684.3	0	6218
8	6086	421.1	0	6086
9	5527	105.3	0	5096 431
10	5572	26.3	1	4660 912
11	5596	6.6	1	4880 716
12	5389	1.6	1	4935 454
13	4554	0.4	1	4243 311
14	4601	0.4	1	4262 339
15	4514	0.4	1	4217 297
16	4406	0.4	1	4018 388
17	4485	0.4	1	4083 402
18	3877	0.4	1	3611 266
19	3634	0.4	1	3387 247
20	3706	0.4	1	3450 256
21	3703	0.4	1	3460 243
22	3580	0.4	1	3351 229
23	3473	0.4	1	3230 243
24	3283	0.4	1	2986 297
25	3046	0.4	1	2823 223
26	2894	0.4	1	2702 192
27	3043	0.4	1	2860 183
28	2753	0.4	1	2567 186
29	2672	0.4	1	2433 239
30	2469	0.4	1	2302 167
31	2343	0.4	1	2193 150
32	2368	0.4	1	2228 140
33	2195	0.4	1	2044 151
34	2288	0.4	1	2105 183
35	1964	0.4	1	1850 114
36	1826	0.4	1	1725 101
37	1917	0.4	1	1798 119
38	1825	0.4	1	1700 125
39	1718	0.4	1	1596 122
40	1902	0.4	1	1798 104
41	1266	0.4	1	1164 102
42	1578	0.4	1	1467 111
43	1510	0.4	1	1395 115
44	1194	0.4	1	1094 100
45	1997	0.4	1	1905 92
46	556	0.4	1	489 67
47	1013	0.4	1	940 73
48	1312	0.4	1	1219 93
49	972	0.4	1	912 60
50	726	0.4	1	676 50
51	1017	0.4	1	937 80
52	863	0.4	1	798 65
53	749	0.4	1	700 49
54	762	0.4	1	685 77
55	936	0.4	1	875 61
56	600	0.4	1	554 46
57	831	0.4	1	780 51
58	662	0.4	1	630 32
59	588	0.4	1	535 53
60	430	0.4	1	397 33
61	300	0.4	1	264 36
62	634	0.4	1	583 51
63	593	0.4	1	538 55
64	317	0.4	1	294 23
65	336	0.4	1	291 45
66	730	0.4	1	694 36
67	347	0.4	1	314 33
68	403	0.4	1	360 43
69	181	0.4	1	153 28
70	148	0.4	1	120 28
71	51	0.4	1	30 21
72	81	0.4	1	65 16
73	170	0.4	1	139 31
74	224	0.4	1	199 25
75	210	0.4	1	179 31
76	165	0.4	1	136 29
77	198	0.4	1	167 31
78	180	0.4	1	155 25
79	169	0.4	1	141 28
80	168	0.4	1	143 25
81	151	0.4	1	116 35
82	154	0.4	1	126 28
83	144	0.4	1	123 21
84	129	0.4	1	102 27
85	143	0.4	1	108 35
86	142	0.4	1	106 36
87	108	0.4	1	78 30
88	108	0.4	1	82 26
89	104	0.4	1	77 27
90	97	0.4	1	69 28
91	105	0.4	1	80 25
92	98	0.4	1	74 24
93	101	0.4	1	66 35
94	82	0.4	1	59 23
95	65	0.4	1	41 24
96	85	0.4	1	64 21
97	80	0.4	1	48 32
98	68	0.4	1	46 22
99	76	0.4	1	49 27
100	71	0.4	1	44 27
101	70	0.4	1	39 31
102	55	0.4	1	35 20
103	53	0.4	1	40 13
104	73	0.4	1	42 31
105	54	0.4	1	28 26
106	55	0.4	1	32 23
107	54	0.4	1	23 31
108	62	0.4	1	32 30
109	37	0.4	1	19 18
110	62	0.4	1	24 38
111	33	0.4	1	18 15
112	29	0.4	1	15 14
113	47	0.4	1	28 19
114	37	0.4	1	21 16
115	48	0.4	1	21 27
116	42	0.4	1	13 29
117	34	0.4	1	16 18
118	35	0.4	1	16 19
119	36	0.4	1	13 23
120	58	0.4	1	20 38
121	40	0.4	1	13 27
122	40	0.4	1	24 16
123	34	0.4	1	15 19
124	37	0.4	1	21 16
125	17	0.4	1	9 8
126	45	0.4	1	26 19
127	36	0.4	1	18 18
128	32	0.4	1	12 20
129	30	0.4	1	12 18
130	22	0.4	1	11 11
131	20	0.4	1	9 11
132	39	0.4	1	25 14
133	38	0.4	1	10 28
134	33	0.4	1	15 18
135	17	0.4	1	8 9
136	30	0.4	1	11 19
137	28	0.4	1	12 16
138	17	0.4	1	6 11
139	23	0.4	1	7 16
140	25	0.4	1	5 20
141	24	0.4	1	8 16
142	17	0.4	1	2 15
143	14	0.4	1	1 13
144	18	0.4	1	9 9
145	14	0.4	1	1 13
146	25	0.4	1	5 20
147	19	0.4	1	10 9
148	21	0.4	1	3 18
149	25	0.4	1	0 25
150	1597	0.4	1	6 1591

RUN STATISTICS FOR INPUT FILE: s082_R1_001.fastq.gz
=============================================
27595990 sequences processed in total

