
SUMMARISING RUN PARAMETERS
==========================
Input filename: s085_R1_001.fastq.gz
Trimming mode: paired-end
Trim Galore version: 0.6.10
Cutadapt version: 3.4
Number of cores used for trimming: 1
Quality Phred score cutoff: 20
Quality encoding type selected: ASCII+33
Using Illumina adapter for trimming (count: 4669). Second best hit was Nextera (count: 6)
Adapter sequence: 'AGATCGGAAGAGC' (Illumina TruSeq, Sanger iPCR; auto-detected)
Maximum trimming error rate: 0.1 (default)
Minimum required adapter overlap (stringency): 1 bp
Minimum required sequence length for both reads before a sequence pair gets removed: 20 bp
Running FastQC on the data once trimming has completed
Output file will be GZIP compressed


This is cutadapt 3.4 with Python 3.9.2
Command line parameters: -j 1 -e 0.1 -q 20 -O 1 -a AGATCGGAAGAGC s085_R1_001.fastq.gz
Processing reads on 1 core in single-end mode ...
Finished in 2089.14 s (80 µs/read; 0.75 M reads/minute).

=== Summary ===

Total reads processed:              26,024,690
Reads with adapters:                 9,119,148 (35.0%)
Reads written (passing filters):    26,024,690 (100.0%)

Total basepairs processed: 3,903,703,500 bp
Quality-trimmed:               7,458,236 bp (0.2%)
Total written (filtered):  3,879,199,909 bp (99.4%)

=== Adapter 1 ===

Sequence: AGATCGGAAGAGC; Type: regular 3'; Length: 13; Trimmed: 9119148 times

No. of allowed errors:
1-9 bp: 0; 10-13 bp: 1

Bases preceding removed adapters:
  A: 34.2%
  C: 25.8%
  G: 18.6%
  T: 21.3%
  none/other: 0.0%

Overview of removed sequences
length	count	expect	max.err	error counts
1	6840615	6506172.5	0	6840615
2	1480651	1626543.1	0	1480651
3	464329	406635.8	0	464329
4	112765	101658.9	0	112765
5	30617	25414.7	0	30617
6	11514	6353.7	0	11514
7	7697	1588.4	0	7697
8	7227	397.1	0	7227
9	6176	99.3	0	5723 453
10	6481	24.8	1	5531 950
11	6542	6.2	1	5772 770
12	6110	1.6	1	5670 440
13	5312	0.4	1	4971 341
14	5466	0.4	1	5020 446
15	5310	0.4	1	4944 366
16	5409	0.4	1	4961 448
17	5184	0.4	1	4730 454
18	4717	0.4	1	4425 292
19	4414	0.4	1	4120 294
20	4589	0.4	1	4275 314
21	4422	0.4	1	4121 301
22	3994	0.4	1	3727 267
23	4297	0.4	1	3981 316
24	3877	0.4	1	3550 327
25	3624	0.4	1	3384 240
26	3536	0.4	1	3304 232
27	3368	0.4	1	3125 243
28	3222	0.4	1	2992 230
29	3113	0.4	1	2897 216
30	2966	0.4	1	2797 169
31	2768	0.4	1	2588 180
32	2821	0.4	1	2642 179
33	2706	0.4	1	2510 196
34	2637	0.4	1	2434 203
35	2336	0.4	1	2184 152
36	2141	0.4	1	2013 128
37	2183	0.4	1	2034 149
38	2116	0.4	1	1979 137
39	2094	0.4	1	1979 115
40	2290	0.4	1	2155 135
41	1499	0.4	1	1382 117
42	1920	0.4	1	1779 141
43	1973	0.4	1	1816 157
44	1486	0.4	1	1379 107
45	2526	0.4	1	2412 114
46	679	0.4	1	607 72
47	1262	0.4	1	1175 87
48	1613	0.4	1	1513 100
49	1242	0.4	1	1162 80
50	954	0.4	1	871 83
51	1245	0.4	1	1162 83
52	1024	0.4	1	959 65
53	914	0.4	1	858 56
54	1032	0.4	1	968 64
55	1222	0.4	1	1155 67
56	736	0.4	1	676 60
57	1033	0.4	1	971 62
58	807	0.4	1	741 66
59	679	0.4	1	617 62
60	510	0.4	1	465 45
61	367	0.4	1	334 33
62	836	0.4	1	776 60
63	715	0.4	1	676 39
64	396	0.4	1	352 44
65	354	0.4	1	310 44
66	1027	0.4	1	957 70
67	385	0.4	1	348 37
68	450	0.4	1	420 30
69	207	0.4	1	172 35
70	140	0.4	1	110 30
71	69	0.4	1	48 21
72	134	0.4	1	101 33
73	211	0.4	1	181 30
74	246	0.4	1	211 35
75	261	0.4	1	231 30
76	237	0.4	1	203 34
77	222	0.4	1	188 34
78	235	0.4	1	206 29
79	195	0.4	1	178 17
80	218	0.4	1	180 38
81	202	0.4	1	174 28
82	171	0.4	1	144 27
83	173	0.4	1	155 18
84	192	0.4	1	147 45
85	166	0.4	1	128 38
86	142	0.4	1	115 27
87	155	0.4	1	127 28
88	144	0.4	1	107 37
89	132	0.4	1	104 28
90	139	0.4	1	114 25
91	107	0.4	1	84 23
92	124	0.4	1	79 45
93	121	0.4	1	91 30
94	130	0.4	1	90 40
95	88	0.4	1	73 15
96	98	0.4	1	68 30
97	74	0.4	1	53 21
98	104	0.4	1	77 27
99	86	0.4	1	60 26
100	76	0.4	1	53 23
101	89	0.4	1	55 34
102	73	0.4	1	50 23
103	74	0.4	1	42 32
104	70	0.4	1	42 28
105	58	0.4	1	40 18
106	66	0.4	1	36 30
107	67	0.4	1	43 24
108	70	0.4	1	38 32
109	57	0.4	1	31 26
110	54	0.4	1	34 20
111	62	0.4	1	43 19
112	59	0.4	1	30 29
113	45	0.4	1	26 19
114	47	0.4	1	23 24
115	38	0.4	1	13 25
116	56	0.4	1	25 31
117	29	0.4	1	15 14
118	37	0.4	1	15 22
119	30	0.4	1	16 14
120	43	0.4	1	24 19
121	29	0.4	1	13 16
122	35	0.4	1	15 20
123	32	0.4	1	17 15
124	39	0.4	1	11 28
125	45	0.4	1	16 29
126	39	0.4	1	14 25
127	26	0.4	1	10 16
128	29	0.4	1	9 20
129	23	0.4	1	7 16
130	48	0.4	1	18 30
131	29	0.4	1	15 14
132	44	0.4	1	16 28
133	29	0.4	1	8 21
134	43	0.4	1	22 21
135	20	0.4	1	7 13
136	23	0.4	1	14 9
137	25	0.4	1	5 20
138	29	0.4	1	10 19
139	30	0.4	1	8 22
140	22	0.4	1	7 15
141	34	0.4	1	14 20
142	35	0.4	1	9 26
143	29	0.4	1	11 18
144	26	0.4	1	8 18
145	23	0.4	1	3 20
146	22	0.4	1	10 12
147	23	0.4	1	9 14
148	23	0.4	1	2 21
149	21	0.4	1	2 19
150	1628	0.4	1	9 1619

RUN STATISTICS FOR INPUT FILE: s085_R1_001.fastq.gz
=============================================
26024690 sequences processed in total

