
SUMMARISING RUN PARAMETERS
==========================
Input filename: s086_R1_001.fastq.gz
Trimming mode: paired-end
Trim Galore version: 0.6.10
Cutadapt version: 3.4
Number of cores used for trimming: 1
Quality Phred score cutoff: 20
Quality encoding type selected: ASCII+33
Using Illumina adapter for trimming (count: 2713). Second best hit was smallRNA (count: 3)
Adapter sequence: 'AGATCGGAAGAGC' (Illumina TruSeq, Sanger iPCR; auto-detected)
Maximum trimming error rate: 0.1 (default)
Minimum required adapter overlap (stringency): 1 bp
Minimum required sequence length for both reads before a sequence pair gets removed: 20 bp
Running FastQC on the data once trimming has completed
Output file will be GZIP compressed


This is cutadapt 3.4 with Python 3.9.2
Command line parameters: -j 1 -e 0.1 -q 20 -O 1 -a AGATCGGAAGAGC s086_R1_001.fastq.gz
Processing reads on 1 core in single-end mode ...
Finished in 2308.38 s (80 µs/read; 0.75 M reads/minute).

=== Summary ===

Total reads processed:              28,915,080
Reads with adapters:                10,093,362 (34.9%)
Reads written (passing filters):    28,915,080 (100.0%)

Total basepairs processed: 4,337,262,000 bp
Quality-trimmed:               8,477,410 bp (0.2%)
Total written (filtered):  4,312,031,275 bp (99.4%)

=== Adapter 1 ===

Sequence: AGATCGGAAGAGC; Type: regular 3'; Length: 13; Trimmed: 10093362 times

No. of allowed errors:
1-9 bp: 0; 10-13 bp: 1

Bases preceding removed adapters:
  A: 35.5%
  C: 25.2%
  G: 18.5%
  T: 20.8%
  none/other: 0.0%

Overview of removed sequences
length	count	expect	max.err	error counts
1	7665974	7228770.0	0	7665974
2	1635890	1807192.5	0	1635890
3	510922	451798.1	0	510922
4	117570	112949.5	0	117570
5	29766	28237.4	0	29766
6	10297	7059.3	0	10297
7	6193	1764.8	0	6193
8	5395	441.2	0	5395
9	4827	110.3	0	4294 533
10	5214	27.6	1	4205 1009
11	4969	6.9	1	4242 727
12	4496	1.7	1	4067 429
13	3982	0.4	1	3691 291
14	4002	0.4	1	3668 334
15	3667	0.4	1	3385 282
16	3540	0.4	1	3221 319
17	3726	0.4	1	3381 345
18	3288	0.4	1	3057 231
19	3080	0.4	1	2838 242
20	2956	0.4	1	2714 242
21	2906	0.4	1	2682 224
22	2713	0.4	1	2500 213
23	2716	0.4	1	2529 187
24	2359	0.4	1	2127 232
25	2286	0.4	1	2112 174
26	2304	0.4	1	2134 170
27	2334	0.4	1	2149 185
28	2108	0.4	1	1950 158
29	1972	0.4	1	1802 170
30	1839	0.4	1	1717 122
31	1733	0.4	1	1611 122
32	1760	0.4	1	1625 135
33	1676	0.4	1	1539 137
34	1625	0.4	1	1500 125
35	1385	0.4	1	1303 82
36	1449	0.4	1	1323 126
37	1477	0.4	1	1360 117
38	1286	0.4	1	1185 101
39	1019	0.4	1	905 114
40	1232	0.4	1	1122 110
41	1246	0.4	1	1136 110
42	971	0.4	1	876 95
43	1019	0.4	1	911 108
44	967	0.4	1	858 109
45	1367	0.4	1	1282 85
46	431	0.4	1	352 79
47	746	0.4	1	680 66
48	1142	0.4	1	1037 105
49	699	0.4	1	637 62
50	487	0.4	1	425 62
51	839	0.4	1	766 73
52	665	0.4	1	602 63
53	446	0.4	1	396 50
54	587	0.4	1	525 62
55	928	0.4	1	845 83
56	484	0.4	1	427 57
57	554	0.4	1	508 46
58	415	0.4	1	370 45
59	486	0.4	1	448 38
60	259	0.4	1	219 40
61	182	0.4	1	150 32
62	593	0.4	1	527 66
63	371	0.4	1	324 47
64	215	0.4	1	172 43
65	212	0.4	1	178 34
66	567	0.4	1	520 47
67	177	0.4	1	151 26
68	272	0.4	1	235 37
69	154	0.4	1	121 33
70	120	0.4	1	83 37
71	63	0.4	1	29 34
72	92	0.4	1	61 31
73	135	0.4	1	110 25
74	179	0.4	1	147 32
75	172	0.4	1	139 33
76	180	0.4	1	141 39
77	164	0.4	1	127 37
78	177	0.4	1	141 36
79	169	0.4	1	115 54
80	156	0.4	1	120 36
81	184	0.4	1	146 38
82	163	0.4	1	126 37
83	130	0.4	1	102 28
84	159	0.4	1	124 35
85	152	0.4	1	115 37
86	166	0.4	1	113 53
87	146	0.4	1	106 40
88	146	0.4	1	93 53
89	148	0.4	1	111 37
90	114	0.4	1	77 37
91	118	0.4	1	71 47
92	116	0.4	1	89 27
93	100	0.4	1	73 27
94	110	0.4	1	75 35
95	94	0.4	1	62 32
96	115	0.4	1	77 38
97	88	0.4	1	62 26
98	96	0.4	1	54 42
99	73	0.4	1	40 33
100	99	0.4	1	58 41
101	85	0.4	1	50 35
102	88	0.4	1	53 35
103	95	0.4	1	60 35
104	67	0.4	1	40 27
105	52	0.4	1	34 18
106	70	0.4	1	40 30
107	87	0.4	1	49 38
108	72	0.4	1	38 34
109	68	0.4	1	45 23
110	61	0.4	1	38 23
111	69	0.4	1	38 31
112	57	0.4	1	33 24
113	57	0.4	1	30 27
114	48	0.4	1	20 28
115	58	0.4	1	27 31
116	48	0.4	1	37 11
117	49	0.4	1	22 27
118	53	0.4	1	33 20
119	45	0.4	1	25 20
120	74	0.4	1	31 43
121	60	0.4	1	28 32
122	52	0.4	1	25 27
123	38	0.4	1	23 15
124	43	0.4	1	21 22
125	49	0.4	1	21 28
126	36	0.4	1	19 17
127	43	0.4	1	19 24
128	31	0.4	1	14 17
129	38	0.4	1	14 24
130	35	0.4	1	19 16
131	40	0.4	1	23 17
132	32	0.4	1	17 15
133	36	0.4	1	13 23
134	25	0.4	1	11 14
135	35	0.4	1	12 23
136	51	0.4	1	17 34
137	30	0.4	1	9 21
138	30	0.4	1	11 19
139	24	0.4	1	6 18
140	20	0.4	1	5 15
141	20	0.4	1	5 15
142	24	0.4	1	11 13
143	20	0.4	1	7 13
144	22	0.4	1	7 15
145	26	0.4	1	7 19
146	28	0.4	1	9 19
147	29	0.4	1	14 15
148	33	0.4	1	7 26
149	40	0.4	1	7 33
150	1531	0.4	1	6 1525

RUN STATISTICS FOR INPUT FILE: s086_R1_001.fastq.gz
=============================================
28915080 sequences processed in total

