
SUMMARISING RUN PARAMETERS
==========================
Input filename: s087_R1_001.fastq.gz
Trimming mode: paired-end
Trim Galore version: 0.6.10
Cutadapt version: 3.4
Number of cores used for trimming: 1
Quality Phred score cutoff: 20
Quality encoding type selected: ASCII+33
Using Illumina adapter for trimming (count: 4881). Second best hit was Nextera (count: 9)
Adapter sequence: 'AGATCGGAAGAGC' (Illumina TruSeq, Sanger iPCR; auto-detected)
Maximum trimming error rate: 0.1 (default)
Minimum required adapter overlap (stringency): 1 bp
Minimum required sequence length for both reads before a sequence pair gets removed: 20 bp
Running FastQC on the data once trimming has completed
Output file will be GZIP compressed


This is cutadapt 3.4 with Python 3.9.2
Command line parameters: -j 1 -e 0.1 -q 20 -O 1 -a AGATCGGAAGAGC s087_R1_001.fastq.gz
Processing reads on 1 core in single-end mode ...
Finished in 2152.26 s (80 µs/read; 0.75 M reads/minute).

=== Summary ===

Total reads processed:              27,072,411
Reads with adapters:                 9,982,345 (36.9%)
Reads written (passing filters):    27,072,411 (100.0%)

Total basepairs processed: 4,060,861,650 bp
Quality-trimmed:               7,673,030 bp (0.2%)
Total written (filtered):  4,034,835,573 bp (99.4%)

=== Adapter 1 ===

Sequence: AGATCGGAAGAGC; Type: regular 3'; Length: 13; Trimmed: 9982345 times

No. of allowed errors:
1-9 bp: 0; 10-13 bp: 1

Bases preceding removed adapters:
  A: 36.9%
  C: 24.1%
  G: 16.9%
  T: 22.1%
  none/other: 0.0%

Overview of removed sequences
length	count	expect	max.err	error counts
1	7588723	6768102.8	0	7588723
2	1539131	1692025.7	0	1539131
3	503496	423006.4	0	503496
4	119224	105751.6	0	119224
5	29321	26437.9	0	29321
6	10768	6609.5	0	10768
7	7631	1652.4	0	7631
8	7659	413.1	0	7659
9	6771	103.3	0	6324 447
10	7195	25.8	1	6293 902
11	7105	6.5	1	6291 814
12	6692	1.6	1	6183 509
13	5695	0.4	1	5336 359
14	5928	0.4	1	5495 433
15	5749	0.4	1	5384 365
16	5647	0.4	1	5188 459
17	5836	0.4	1	5363 473
18	5019	0.4	1	4695 324
19	4694	0.4	1	4386 308
20	4761	0.4	1	4440 321
21	4715	0.4	1	4407 308
22	4392	0.4	1	4119 273
23	4522	0.4	1	4217 305
24	4266	0.4	1	3953 313
25	3783	0.4	1	3552 231
26	3713	0.4	1	3503 210
27	3782	0.4	1	3527 255
28	3413	0.4	1	3214 199
29	3595	0.4	1	3310 285
30	3137	0.4	1	2951 186
31	2995	0.4	1	2805 190
32	2988	0.4	1	2824 164
33	2948	0.4	1	2696 252
34	2861	0.4	1	2662 199
35	2459	0.4	1	2354 105
36	2554	0.4	1	2379 175
37	2581	0.4	1	2411 170
38	2364	0.4	1	2234 130
39	1910	0.4	1	1787 123
40	2128	0.4	1	1982 146
41	2297	0.4	1	2172 125
42	1800	0.4	1	1687 113
43	1766	0.4	1	1624 142
44	1794	0.4	1	1648 146
45	2416	0.4	1	2301 115
46	861	0.4	1	793 68
47	1285	0.4	1	1212 73
48	2112	0.4	1	2003 109
49	1193	0.4	1	1120 73
50	1026	0.4	1	947 79
51	1591	0.4	1	1497 94
52	1034	0.4	1	963 71
53	828	0.4	1	761 67
54	1099	0.4	1	1028 71
55	1679	0.4	1	1610 69
56	859	0.4	1	811 48
57	1088	0.4	1	1029 59
58	758	0.4	1	717 41
59	932	0.4	1	874 58
60	456	0.4	1	423 33
61	335	0.4	1	293 42
62	979	0.4	1	934 45
63	661	0.4	1	625 36
64	361	0.4	1	321 40
65	399	0.4	1	352 47
66	1030	0.4	1	969 61
67	305	0.4	1	271 34
68	477	0.4	1	437 40
69	260	0.4	1	232 28
70	218	0.4	1	190 28
71	63	0.4	1	48 15
72	113	0.4	1	87 26
73	219	0.4	1	193 26
74	260	0.4	1	235 25
75	295	0.4	1	262 33
76	269	0.4	1	250 19
77	258	0.4	1	230 28
78	263	0.4	1	238 25
79	269	0.4	1	239 30
80	246	0.4	1	225 21
81	212	0.4	1	180 32
82	239	0.4	1	223 16
83	187	0.4	1	161 26
84	185	0.4	1	160 25
85	193	0.4	1	159 34
86	192	0.4	1	161 31
87	156	0.4	1	133 23
88	155	0.4	1	136 19
89	144	0.4	1	116 28
90	147	0.4	1	106 41
91	162	0.4	1	128 34
92	134	0.4	1	104 30
93	131	0.4	1	100 31
94	129	0.4	1	103 26
95	110	0.4	1	87 23
96	112	0.4	1	88 24
97	92	0.4	1	72 20
98	99	0.4	1	82 17
99	75	0.4	1	57 18
100	81	0.4	1	65 16
101	88	0.4	1	65 23
102	77	0.4	1	54 23
103	77	0.4	1	56 21
104	70	0.4	1	49 21
105	92	0.4	1	59 33
106	67	0.4	1	42 25
107	61	0.4	1	45 16
108	69	0.4	1	47 22
109	44	0.4	1	25 19
110	72	0.4	1	41 31
111	43	0.4	1	28 15
112	37	0.4	1	11 26
113	45	0.4	1	16 29
114	43	0.4	1	29 14
115	32	0.4	1	15 17
116	46	0.4	1	23 23
117	39	0.4	1	13 26
118	39	0.4	1	21 18
119	34	0.4	1	12 22
120	39	0.4	1	15 24
121	24	0.4	1	10 14
122	26	0.4	1	15 11
123	20	0.4	1	8 12
124	31	0.4	1	14 17
125	37	0.4	1	21 16
126	43	0.4	1	22 21
127	31	0.4	1	14 17
128	31	0.4	1	16 15
129	25	0.4	1	14 11
130	20	0.4	1	11 9
131	17	0.4	1	8 9
132	27	0.4	1	7 20
133	23	0.4	1	8 15
134	24	0.4	1	6 18
135	18	0.4	1	7 11
136	21	0.4	1	9 12
137	16	0.4	1	7 9
138	22	0.4	1	8 14
139	17	0.4	1	8 9
140	31	0.4	1	16 15
141	11	0.4	1	5 6
142	26	0.4	1	9 17
143	14	0.4	1	1 13
144	13	0.4	1	3 10
145	24	0.4	1	3 21
146	16	0.4	1	2 14
147	9	0.4	1	2 7
148	17	0.4	1	6 11
149	18	0.4	1	4 14
150	1339	0.4	1	7 1332

RUN STATISTICS FOR INPUT FILE: s087_R1_001.fastq.gz
=============================================
27072411 sequences processed in total

