
SUMMARISING RUN PARAMETERS
==========================
Input filename: s091_R1_001.fastq.gz
Trimming mode: paired-end
Trim Galore version: 0.6.10
Cutadapt version: 3.4
Number of cores used for trimming: 1
Quality Phred score cutoff: 20
Quality encoding type selected: ASCII+33
Using Illumina adapter for trimming (count: 2000). Second best hit was Nextera (count: 13)
Adapter sequence: 'AGATCGGAAGAGC' (Illumina TruSeq, Sanger iPCR; auto-detected)
Maximum trimming error rate: 0.1 (default)
Minimum required adapter overlap (stringency): 1 bp
Minimum required sequence length for both reads before a sequence pair gets removed: 20 bp
Running FastQC on the data once trimming has completed
Output file will be GZIP compressed


This is cutadapt 3.4 with Python 3.9.2
Command line parameters: -j 1 -e 0.1 -q 20 -O 1 -a AGATCGGAAGAGC s091_R1_001.fastq.gz
Processing reads on 1 core in single-end mode ...
Finished in 2067.58 s (78 µs/read; 0.77 M reads/minute).

=== Summary ===

Total reads processed:              26,439,780
Reads with adapters:                 9,891,096 (37.4%)
Reads written (passing filters):    26,439,780 (100.0%)

Total basepairs processed: 3,965,967,000 bp
Quality-trimmed:               6,835,904 bp (0.2%)
Total written (filtered):  3,944,090,823 bp (99.4%)

=== Adapter 1 ===

Sequence: AGATCGGAAGAGC; Type: regular 3'; Length: 13; Trimmed: 9891096 times

No. of allowed errors:
1-9 bp: 0; 10-13 bp: 1

Bases preceding removed adapters:
  A: 35.6%
  C: 25.1%
  G: 15.1%
  T: 24.2%
  none/other: 0.0%

Overview of removed sequences
length	count	expect	max.err	error counts
1	7636032	6609945.0	0	7636032
2	1512813	1652486.2	0	1512813
3	501441	413121.6	0	501441
4	127890	103280.4	0	127890
5	26031	25820.1	0	26031
6	5980	6455.0	0	5980
7	3929	1613.8	0	3929
8	3908	403.4	0	3908
9	3595	100.9	0	3218 377
10	3713	25.2	1	3057 656
11	3617	6.3	1	3123 494
12	3293	1.6	1	3041 252
13	2693	0.4	1	2525 168
14	2882	0.4	1	2639 243
15	2731	0.4	1	2546 185
16	2644	0.4	1	2445 199
17	2822	0.4	1	2583 239
18	2336	0.4	1	2178 158
19	2091	0.4	1	1957 134
20	2064	0.4	1	1945 119
21	2084	0.4	1	1925 159
22	1846	0.4	1	1716 130
23	1955	0.4	1	1831 124
24	1726	0.4	1	1576 150
25	1530	0.4	1	1411 119
26	1595	0.4	1	1487 108
27	1564	0.4	1	1471 93
28	1321	0.4	1	1238 83
29	1358	0.4	1	1252 106
30	1322	0.4	1	1243 79
31	1139	0.4	1	1051 88
32	1080	0.4	1	1006 74
33	1097	0.4	1	1011 86
34	1048	0.4	1	969 79
35	913	0.4	1	845 68
36	883	0.4	1	815 68
37	833	0.4	1	765 68
38	744	0.4	1	698 46
39	631	0.4	1	592 39
40	698	0.4	1	637 61
41	787	0.4	1	741 46
42	594	0.4	1	541 53
43	605	0.4	1	541 64
44	564	0.4	1	508 56
45	736	0.4	1	666 70
46	267	0.4	1	244 23
47	400	0.4	1	371 29
48	592	0.4	1	551 41
49	420	0.4	1	378 42
50	258	0.4	1	234 24
51	433	0.4	1	400 33
52	305	0.4	1	269 36
53	224	0.4	1	196 28
54	278	0.4	1	253 25
55	409	0.4	1	370 39
56	232	0.4	1	202 30
57	290	0.4	1	266 24
58	210	0.4	1	194 16
59	230	0.4	1	202 28
60	136	0.4	1	117 19
61	104	0.4	1	82 22
62	227	0.4	1	206 21
63	167	0.4	1	145 22
64	89	0.4	1	73 16
65	106	0.4	1	79 27
66	255	0.4	1	223 32
67	74	0.4	1	61 13
68	123	0.4	1	105 18
69	75	0.4	1	58 17
70	58	0.4	1	43 15
71	17	0.4	1	6 11
72	31	0.4	1	21 10
73	64	0.4	1	44 20
74	87	0.4	1	70 17
75	75	0.4	1	59 16
76	86	0.4	1	71 15
77	61	0.4	1	51 10
78	70	0.4	1	49 21
79	74	0.4	1	57 17
80	67	0.4	1	58 9
81	82	0.4	1	65 17
82	55	0.4	1	35 20
83	48	0.4	1	34 14
84	57	0.4	1	41 16
85	62	0.4	1	42 20
86	40	0.4	1	27 13
87	58	0.4	1	36 22
88	58	0.4	1	42 16
89	39	0.4	1	28 11
90	46	0.4	1	23 23
91	38	0.4	1	24 14
92	34	0.4	1	21 13
93	34	0.4	1	28 6
94	41	0.4	1	25 16
95	36	0.4	1	21 15
96	44	0.4	1	26 18
97	53	0.4	1	25 28
98	35	0.4	1	24 11
99	30	0.4	1	15 15
100	29	0.4	1	23 6
101	44	0.4	1	25 19
102	34	0.4	1	18 16
103	24	0.4	1	14 10
104	18	0.4	1	9 9
105	29	0.4	1	17 12
106	40	0.4	1	19 21
107	29	0.4	1	21 8
108	29	0.4	1	10 19
109	15	0.4	1	8 7
110	35	0.4	1	19 16
111	20	0.4	1	12 8
112	23	0.4	1	7 16
113	22	0.4	1	11 11
114	38	0.4	1	17 21
115	31	0.4	1	10 21
116	23	0.4	1	8 15
117	21	0.4	1	8 13
118	16	0.4	1	8 8
119	19	0.4	1	10 9
120	17	0.4	1	8 9
121	17	0.4	1	5 12
122	12	0.4	1	3 9
123	16	0.4	1	7 9
124	14	0.4	1	10 4
125	23	0.4	1	6 17
126	20	0.4	1	7 13
127	19	0.4	1	8 11
128	27	0.4	1	12 15
129	15	0.4	1	8 7
130	15	0.4	1	9 6
131	21	0.4	1	11 10
132	11	0.4	1	4 7
133	15	0.4	1	6 9
134	21	0.4	1	13 8
135	9	0.4	1	3 6
136	13	0.4	1	4 9
137	11	0.4	1	3 8
138	12	0.4	1	4 8
139	3	0.4	1	2 1
140	11	0.4	1	5 6
141	12	0.4	1	4 8
142	6	0.4	1	4 2
143	11	0.4	1	2 9
144	9	0.4	1	1 8
145	15	0.4	1	3 12
146	13	0.4	1	4 9
147	12	0.4	1	3 9
148	9	0.4	1	1 8
149	15	0.4	1	0 15
150	1491	0.4	1	3 1488

RUN STATISTICS FOR INPUT FILE: s091_R1_001.fastq.gz
=============================================
26439780 sequences processed in total

