
SUMMARISING RUN PARAMETERS
==========================
Input filename: s095_R1_001.fastq.gz
Trimming mode: paired-end
Trim Galore version: 0.6.10
Cutadapt version: 3.4
Number of cores used for trimming: 1
Quality Phred score cutoff: 20
Quality encoding type selected: ASCII+33
Using Illumina adapter for trimming (count: 4085). Second best hit was smallRNA (count: 8)
Adapter sequence: 'AGATCGGAAGAGC' (Illumina TruSeq, Sanger iPCR; auto-detected)
Maximum trimming error rate: 0.1 (default)
Minimum required adapter overlap (stringency): 1 bp
Minimum required sequence length for both reads before a sequence pair gets removed: 20 bp
Running FastQC on the data once trimming has completed
Output file will be GZIP compressed


This is cutadapt 3.4 with Python 3.9.2
Command line parameters: -j 1 -e 0.1 -q 20 -O 1 -a AGATCGGAAGAGC s095_R1_001.fastq.gz
Processing reads on 1 core in single-end mode ...
Finished in 2036.51 s (79 µs/read; 0.76 M reads/minute).

=== Summary ===

Total reads processed:              25,823,278
Reads with adapters:                 8,677,426 (33.6%)
Reads written (passing filters):    25,823,278 (100.0%)

Total basepairs processed: 3,873,491,700 bp
Quality-trimmed:               8,037,446 bp (0.2%)
Total written (filtered):  3,849,400,173 bp (99.4%)

=== Adapter 1 ===

Sequence: AGATCGGAAGAGC; Type: regular 3'; Length: 13; Trimmed: 8677426 times

No. of allowed errors:
1-9 bp: 0; 10-13 bp: 1

Bases preceding removed adapters:
  A: 33.1%
  C: 26.4%
  G: 20.4%
  T: 20.1%
  none/other: 0.0%

Overview of removed sequences
length	count	expect	max.err	error counts
1	6439770	6455819.5	0	6439770
2	1488549	1613954.9	0	1488549
3	457269	403488.7	0	457269
4	102603	100872.2	0	102603
5	28830	25218.0	0	28830
6	11023	6304.5	0	11023
7	6634	1576.1	0	6634
8	5876	394.0	0	5876
9	4930	98.5	0	4451 479
10	5454	24.6	1	4518 936
11	5377	6.2	1	4712 665
12	5075	1.5	1	4605 470
13	4299	0.4	1	3993 306
14	4319	0.4	1	3973 346
15	4321	0.4	1	3986 335
16	4257	0.4	1	3876 381
17	4297	0.4	1	3903 394
18	3804	0.4	1	3511 293
19	3252	0.4	1	3027 225
20	3630	0.4	1	3326 304
21	3432	0.4	1	3165 267
22	3257	0.4	1	3013 244
23	3371	0.4	1	3119 252
24	3119	0.4	1	2857 262
25	2965	0.4	1	2713 252
26	2847	0.4	1	2644 203
27	2910	0.4	1	2697 213
28	2586	0.4	1	2398 188
29	2585	0.4	1	2343 242
30	2344	0.4	1	2178 166
31	2216	0.4	1	2071 145
32	2268	0.4	1	2103 165
33	2052	0.4	1	1873 179
34	2223	0.4	1	2027 196
35	1853	0.4	1	1700 153
36	1781	0.4	1	1621 160
37	1851	0.4	1	1725 126
38	1648	0.4	1	1541 107
39	1584	0.4	1	1462 122
40	1623	0.4	1	1491 132
41	1612	0.4	1	1512 100
42	1658	0.4	1	1562 96
43	1083	0.4	1	984 99
44	1325	0.4	1	1197 128
45	1979	0.4	1	1843 136
46	510	0.4	1	425 85
47	962	0.4	1	869 93
48	1509	0.4	1	1410 99
49	995	0.4	1	918 77
50	675	0.4	1	606 69
51	1171	0.4	1	1083 88
52	944	0.4	1	850 94
53	662	0.4	1	596 66
54	857	0.4	1	764 93
55	1246	0.4	1	1180 66
56	711	0.4	1	655 56
57	871	0.4	1	816 55
58	657	0.4	1	598 59
59	677	0.4	1	614 63
60	326	0.4	1	295 31
61	317	0.4	1	267 50
62	840	0.4	1	782 58
63	581	0.4	1	533 48
64	303	0.4	1	263 40
65	304	0.4	1	261 43
66	1013	0.4	1	946 67
67	249	0.4	1	213 36
68	395	0.4	1	348 47
69	215	0.4	1	178 37
70	158	0.4	1	125 33
71	79	0.4	1	50 29
72	134	0.4	1	98 36
73	205	0.4	1	166 39
74	291	0.4	1	250 41
75	248	0.4	1	205 43
76	275	0.4	1	236 39
77	261	0.4	1	222 39
78	249	0.4	1	205 44
79	253	0.4	1	207 46
80	238	0.4	1	195 43
81	251	0.4	1	212 39
82	264	0.4	1	213 51
83	231	0.4	1	196 35
84	237	0.4	1	192 45
85	221	0.4	1	169 52
86	234	0.4	1	190 44
87	187	0.4	1	142 45
88	191	0.4	1	143 48
89	160	0.4	1	130 30
90	183	0.4	1	144 39
91	168	0.4	1	125 43
92	171	0.4	1	143 28
93	121	0.4	1	105 16
94	150	0.4	1	120 30
95	149	0.4	1	109 40
96	126	0.4	1	100 26
97	134	0.4	1	94 40
98	105	0.4	1	80 25
99	124	0.4	1	90 34
100	116	0.4	1	84 32
101	115	0.4	1	77 38
102	125	0.4	1	104 21
103	79	0.4	1	52 27
104	113	0.4	1	96 17
105	102	0.4	1	74 28
106	91	0.4	1	62 29
107	96	0.4	1	60 36
108	105	0.4	1	73 32
109	86	0.4	1	57 29
110	69	0.4	1	46 23
111	59	0.4	1	40 19
112	68	0.4	1	36 32
113	73	0.4	1	46 27
114	68	0.4	1	46 22
115	77	0.4	1	51 26
116	74	0.4	1	48 26
117	52	0.4	1	33 19
118	49	0.4	1	24 25
119	77	0.4	1	45 32
120	66	0.4	1	37 29
121	71	0.4	1	47 24
122	43	0.4	1	25 18
123	51	0.4	1	31 20
124	51	0.4	1	37 14
125	43	0.4	1	20 23
126	53	0.4	1	27 26
127	49	0.4	1	25 24
128	59	0.4	1	29 30
129	52	0.4	1	30 22
130	54	0.4	1	27 27
131	41	0.4	1	18 23
132	45	0.4	1	24 21
133	42	0.4	1	28 14
134	44	0.4	1	26 18
135	40	0.4	1	26 14
136	50	0.4	1	23 27
137	47	0.4	1	26 21
138	47	0.4	1	24 23
139	46	0.4	1	18 28
140	39	0.4	1	17 22
141	41	0.4	1	20 21
142	34	0.4	1	15 19
143	34	0.4	1	12 22
144	30	0.4	1	11 19
145	48	0.4	1	21 27
146	34	0.4	1	16 18
147	30	0.4	1	9 21
148	29	0.4	1	12 17
149	30	0.4	1	5 25
150	1860	0.4	1	15 1845

RUN STATISTICS FOR INPUT FILE: s095_R1_001.fastq.gz
=============================================
25823278 sequences processed in total

