
SUMMARISING RUN PARAMETERS
==========================
Input filename: s096_R1_001.fastq.gz
Trimming mode: paired-end
Trim Galore version: 0.6.10
Cutadapt version: 3.4
Number of cores used for trimming: 1
Quality Phred score cutoff: 20
Quality encoding type selected: ASCII+33
Using Illumina adapter for trimming (count: 4491). Second best hit was smallRNA (count: 3)
Adapter sequence: 'AGATCGGAAGAGC' (Illumina TruSeq, Sanger iPCR; auto-detected)
Maximum trimming error rate: 0.1 (default)
Minimum required adapter overlap (stringency): 1 bp
Minimum required sequence length for both reads before a sequence pair gets removed: 20 bp
Running FastQC on the data once trimming has completed
Output file will be GZIP compressed


This is cutadapt 3.4 with Python 3.9.2
Command line parameters: -j 1 -e 0.1 -q 20 -O 1 -a AGATCGGAAGAGC s096_R1_001.fastq.gz
Processing reads on 1 core in single-end mode ...
Finished in 2102.13 s (79 µs/read; 0.76 M reads/minute).

=== Summary ===

Total reads processed:              26,631,561
Reads with adapters:                 9,888,587 (37.1%)
Reads written (passing filters):    26,631,561 (100.0%)

Total basepairs processed: 3,994,734,150 bp
Quality-trimmed:               7,548,074 bp (0.2%)
Total written (filtered):  3,969,667,310 bp (99.4%)

=== Adapter 1 ===

Sequence: AGATCGGAAGAGC; Type: regular 3'; Length: 13; Trimmed: 9888587 times

No. of allowed errors:
1-9 bp: 0; 10-13 bp: 1

Bases preceding removed adapters:
  A: 37.5%
  C: 23.7%
  G: 16.5%
  T: 22.3%
  none/other: 0.0%

Overview of removed sequences
length	count	expect	max.err	error counts
1	7571158	6657890.2	0	7571158
2	1490827	1664472.6	0	1490827
3	494898	416118.1	0	494898
4	118782	104029.5	0	118782
5	29328	26007.4	0	29328
6	10629	6501.8	0	10629
7	7368	1625.5	0	7368
8	7522	406.4	0	7522
9	6820	101.6	0	6397 423
10	6949	25.4	1	5997 952
11	6881	6.3	1	6088 793
12	6567	1.6	1	6126 441
13	5452	0.4	1	5083 369
14	5700	0.4	1	5286 414
15	5302	0.4	1	4991 311
16	5322	0.4	1	4909 413
17	5376	0.4	1	4953 423
18	4797	0.4	1	4538 259
19	4271	0.4	1	4022 249
20	4607	0.4	1	4296 311
21	4314	0.4	1	4052 262
22	3974	0.4	1	3756 218
23	3871	0.4	1	3597 274
24	3772	0.4	1	3485 287
25	3571	0.4	1	3366 205
26	3348	0.4	1	3180 168
27	3360	0.4	1	3135 225
28	2925	0.4	1	2749 176
29	2998	0.4	1	2752 246
30	2773	0.4	1	2625 148
31	2606	0.4	1	2469 137
32	2561	0.4	1	2423 138
33	2531	0.4	1	2358 173
34	2484	0.4	1	2344 140
35	2118	0.4	1	1984 134
36	2099	0.4	1	1957 142
37	1888	0.4	1	1772 116
38	1913	0.4	1	1817 96
39	1887	0.4	1	1780 107
40	1730	0.4	1	1632 98
41	1862	0.4	1	1722 140
42	1777	0.4	1	1698 79
43	1217	0.4	1	1126 91
44	1297	0.4	1	1215 82
45	2067	0.4	1	1967 100
46	509	0.4	1	454 55
47	1110	0.4	1	1027 83
48	1627	0.4	1	1552 75
49	889	0.4	1	833 56
50	818	0.4	1	757 61
51	1171	0.4	1	1102 69
52	994	0.4	1	948 46
53	757	0.4	1	713 44
54	928	0.4	1	861 67
55	1239	0.4	1	1189 50
56	683	0.4	1	639 44
57	960	0.4	1	902 58
58	743	0.4	1	695 48
59	643	0.4	1	608 35
60	427	0.4	1	404 23
61	321	0.4	1	295 26
62	773	0.4	1	736 37
63	655	0.4	1	613 42
64	320	0.4	1	269 51
65	346	0.4	1	315 31
66	964	0.4	1	924 40
67	292	0.4	1	257 35
68	419	0.4	1	382 37
69	219	0.4	1	190 29
70	165	0.4	1	140 25
71	60	0.4	1	46 14
72	116	0.4	1	95 21
73	194	0.4	1	172 22
74	240	0.4	1	214 26
75	247	0.4	1	230 17
76	252	0.4	1	236 16
77	237	0.4	1	213 24
78	193	0.4	1	173 20
79	192	0.4	1	169 23
80	185	0.4	1	169 16
81	180	0.4	1	154 26
82	165	0.4	1	132 33
83	168	0.4	1	149 19
84	144	0.4	1	120 24
85	182	0.4	1	159 23
86	132	0.4	1	109 23
87	107	0.4	1	88 19
88	123	0.4	1	104 19
89	131	0.4	1	106 25
90	112	0.4	1	88 24
91	93	0.4	1	67 26
92	97	0.4	1	72 25
93	105	0.4	1	85 20
94	97	0.4	1	77 20
95	98	0.4	1	73 25
96	88	0.4	1	64 24
97	81	0.4	1	50 31
98	65	0.4	1	41 24
99	81	0.4	1	56 25
100	73	0.4	1	48 25
101	72	0.4	1	43 29
102	63	0.4	1	42 21
103	67	0.4	1	46 21
104	52	0.4	1	33 19
105	49	0.4	1	33 16
106	43	0.4	1	26 17
107	47	0.4	1	27 20
108	58	0.4	1	30 28
109	36	0.4	1	23 13
110	40	0.4	1	19 21
111	44	0.4	1	25 19
112	44	0.4	1	15 29
113	40	0.4	1	26 14
114	22	0.4	1	6 16
115	39	0.4	1	20 19
116	31	0.4	1	12 19
117	23	0.4	1	11 12
118	33	0.4	1	12 21
119	29	0.4	1	8 21
120	29	0.4	1	8 21
121	23	0.4	1	7 16
122	24	0.4	1	8 16
123	19	0.4	1	9 10
124	19	0.4	1	10 9
125	30	0.4	1	11 19
126	29	0.4	1	10 19
127	37	0.4	1	12 25
128	16	0.4	1	9 7
129	27	0.4	1	7 20
130	23	0.4	1	8 15
131	19	0.4	1	4 15
132	28	0.4	1	12 16
133	24	0.4	1	6 18
134	26	0.4	1	9 17
135	9	0.4	1	2 7
136	17	0.4	1	7 10
137	16	0.4	1	4 12
138	18	0.4	1	2 16
139	10	0.4	1	4 6
140	19	0.4	1	7 12
141	20	0.4	1	6 14
142	10	0.4	1	1 9
143	11	0.4	1	1 10
144	8	0.4	1	3 5
145	13	0.4	1	2 11
146	18	0.4	1	4 14
147	18	0.4	1	9 9
148	15	0.4	1	4 11
149	16	0.4	1	0 16
150	1455	0.4	1	3 1452

RUN STATISTICS FOR INPUT FILE: s096_R1_001.fastq.gz
=============================================
26631561 sequences processed in total

