
SUMMARISING RUN PARAMETERS
==========================
Input filename: s098_R1_001.fastq.gz
Trimming mode: paired-end
Trim Galore version: 0.6.10
Cutadapt version: 3.4
Number of cores used for trimming: 1
Quality Phred score cutoff: 20
Quality encoding type selected: ASCII+33
Using Illumina adapter for trimming (count: 3433). Second best hit was Nextera (count: 11)
Adapter sequence: 'AGATCGGAAGAGC' (Illumina TruSeq, Sanger iPCR; auto-detected)
Maximum trimming error rate: 0.1 (default)
Minimum required adapter overlap (stringency): 1 bp
Minimum required sequence length for both reads before a sequence pair gets removed: 20 bp
Running FastQC on the data once trimming has completed
Output file will be GZIP compressed


This is cutadapt 3.4 with Python 3.9.2
Command line parameters: -j 1 -e 0.1 -q 20 -O 1 -a AGATCGGAAGAGC s098_R1_001.fastq.gz
Processing reads on 1 core in single-end mode ...
Finished in 1636.84 s (79 µs/read; 0.76 M reads/minute).

=== Summary ===

Total reads processed:              20,693,463
Reads with adapters:                 7,551,376 (36.5%)
Reads written (passing filters):    20,693,463 (100.0%)

Total basepairs processed: 3,104,019,450 bp
Quality-trimmed:               6,577,746 bp (0.2%)
Total written (filtered):  3,084,774,245 bp (99.4%)

=== Adapter 1 ===

Sequence: AGATCGGAAGAGC; Type: regular 3'; Length: 13; Trimmed: 7551376 times

No. of allowed errors:
1-9 bp: 0; 10-13 bp: 1

Bases preceding removed adapters:
  A: 36.8%
  C: 24.2%
  G: 17.0%
  T: 22.0%
  none/other: 0.0%

Overview of removed sequences
length	count	expect	max.err	error counts
1	5764485	5173365.8	0	5764485
2	1182026	1293341.4	0	1182026
3	384646	323335.4	0	384646
4	88922	80833.8	0	88922
5	21201	20208.5	0	21201
6	7124	5052.1	0	7124
7	4730	1263.0	0	4730
8	4696	315.8	0	4696
9	4095	78.9	0	3782 313
10	4157	19.7	1	3455 702
11	4134	4.9	1	3585 549
12	4041	1.2	1	3723 318
13	3307	0.3	1	3107 200
14	3366	0.3	1	3116 250
15	3261	0.3	1	3043 218
16	3093	0.3	1	2857 236
17	3307	0.3	1	3029 278
18	2911	0.3	1	2744 167
19	2512	0.3	1	2359 153
20	2629	0.3	1	2437 192
21	2561	0.3	1	2394 167
22	2260	0.3	1	2123 137
23	2357	0.3	1	2185 172
24	2165	0.3	1	1995 170
25	1997	0.3	1	1850 147
26	1925	0.3	1	1770 155
27	1956	0.3	1	1801 155
28	1795	0.3	1	1692 103
29	1710	0.3	1	1574 136
30	1657	0.3	1	1569 88
31	1433	0.3	1	1345 88
32	1437	0.3	1	1356 81
33	1434	0.3	1	1336 98
34	1486	0.3	1	1372 114
35	1248	0.3	1	1155 93
36	1222	0.3	1	1160 62
37	1061	0.3	1	1017 44
38	1149	0.3	1	1073 76
39	1071	0.3	1	981 90
40	1057	0.3	1	970 87
41	1052	0.3	1	967 85
42	1045	0.3	1	971 74
43	732	0.3	1	668 64
44	767	0.3	1	713 54
45	1241	0.3	1	1166 75
46	321	0.3	1	280 41
47	630	0.3	1	572 58
48	905	0.3	1	843 62
49	565	0.3	1	524 41
50	341	0.3	1	306 35
51	686	0.3	1	635 51
52	495	0.3	1	464 31
53	419	0.3	1	389 30
54	534	0.3	1	485 49
55	796	0.3	1	743 53
56	395	0.3	1	358 37
57	529	0.3	1	494 35
58	384	0.3	1	353 31
59	356	0.3	1	328 28
60	237	0.3	1	208 29
61	156	0.3	1	133 23
62	477	0.3	1	433 44
63	369	0.3	1	324 45
64	173	0.3	1	159 14
65	146	0.3	1	125 21
66	572	0.3	1	535 37
67	146	0.3	1	131 15
68	208	0.3	1	182 26
69	93	0.3	1	73 20
70	69	0.3	1	52 17
71	28	0.3	1	17 11
72	56	0.3	1	39 17
73	128	0.3	1	113 15
74	140	0.3	1	116 24
75	154	0.3	1	126 28
76	149	0.3	1	118 31
77	120	0.3	1	105 15
78	127	0.3	1	105 22
79	116	0.3	1	97 19
80	107	0.3	1	88 19
81	111	0.3	1	89 22
82	94	0.3	1	76 18
83	107	0.3	1	95 12
84	106	0.3	1	90 16
85	93	0.3	1	73 20
86	96	0.3	1	76 20
87	77	0.3	1	64 13
88	72	0.3	1	46 26
89	80	0.3	1	64 16
90	94	0.3	1	65 29
91	56	0.3	1	40 16
92	86	0.3	1	59 27
93	91	0.3	1	66 25
94	50	0.3	1	38 12
95	70	0.3	1	45 25
96	50	0.3	1	31 19
97	52	0.3	1	34 18
98	78	0.3	1	54 24
99	54	0.3	1	25 29
100	45	0.3	1	26 19
101	42	0.3	1	34 8
102	47	0.3	1	24 23
103	41	0.3	1	34 7
104	39	0.3	1	27 12
105	45	0.3	1	32 13
106	36	0.3	1	24 12
107	40	0.3	1	24 16
108	47	0.3	1	23 24
109	40	0.3	1	17 23
110	38	0.3	1	27 11
111	30	0.3	1	15 15
112	28	0.3	1	11 17
113	22	0.3	1	11 11
114	31	0.3	1	14 17
115	17	0.3	1	9 8
116	21	0.3	1	8 13
117	27	0.3	1	13 14
118	34	0.3	1	14 20
119	28	0.3	1	12 16
120	15	0.3	1	7 8
121	21	0.3	1	8 13
122	24	0.3	1	13 11
123	21	0.3	1	9 12
124	27	0.3	1	10 17
125	30	0.3	1	7 23
126	19	0.3	1	14 5
127	16	0.3	1	10 6
128	17	0.3	1	7 10
129	12	0.3	1	5 7
130	25	0.3	1	11 14
131	20	0.3	1	5 15
132	21	0.3	1	7 14
133	14	0.3	1	6 8
134	15	0.3	1	9 6
135	13	0.3	1	4 9
136	28	0.3	1	9 19
137	12	0.3	1	3 9
138	14	0.3	1	4 10
139	12	0.3	1	5 7
140	13	0.3	1	2 11
141	10	0.3	1	2 8
142	13	0.3	1	1 12
143	9	0.3	1	3 6
144	11	0.3	1	2 9
145	6	0.3	1	1 5
146	17	0.3	1	9 8
147	15	0.3	1	1 14
148	19	0.3	1	5 14
149	13	0.3	1	1 12
150	1071	0.3	1	2 1069

RUN STATISTICS FOR INPUT FILE: s098_R1_001.fastq.gz
=============================================
20693463 sequences processed in total

