
SUMMARISING RUN PARAMETERS
==========================
Input filename: s099_R1_001.fastq.gz
Trimming mode: paired-end
Trim Galore version: 0.6.10
Cutadapt version: 3.4
Number of cores used for trimming: 1
Quality Phred score cutoff: 20
Quality encoding type selected: ASCII+33
Using Illumina adapter for trimming (count: 4003). Second best hit was Nextera (count: 6)
Adapter sequence: 'AGATCGGAAGAGC' (Illumina TruSeq, Sanger iPCR; auto-detected)
Maximum trimming error rate: 0.1 (default)
Minimum required adapter overlap (stringency): 1 bp
Minimum required sequence length for both reads before a sequence pair gets removed: 20 bp
Running FastQC on the data once trimming has completed
Output file will be GZIP compressed


This is cutadapt 3.4 with Python 3.9.2
Command line parameters: -j 1 -e 0.1 -q 20 -O 1 -a AGATCGGAAGAGC s099_R1_001.fastq.gz
Processing reads on 1 core in single-end mode ...
Finished in 2036.09 s (79 µs/read; 0.76 M reads/minute).

=== Summary ===

Total reads processed:              25,819,395
Reads with adapters:                 9,026,913 (35.0%)
Reads written (passing filters):    25,819,395 (100.0%)

Total basepairs processed: 3,872,909,250 bp
Quality-trimmed:              11,412,154 bp (0.3%)
Total written (filtered):  3,842,123,086 bp (99.2%)

=== Adapter 1 ===

Sequence: AGATCGGAAGAGC; Type: regular 3'; Length: 13; Trimmed: 9026913 times

No. of allowed errors:
1-9 bp: 0; 10-13 bp: 1

Bases preceding removed adapters:
  A: 37.0%
  C: 22.8%
  G: 18.6%
  T: 21.4%
  none/other: 0.2%

Overview of removed sequences
length	count	expect	max.err	error counts
1	6794723	6454848.8	0	6794723
2	1508766	1613712.2	0	1508766
3	434794	403428.0	0	434794
4	88335	100857.0	0	88335
5	22533	25214.3	0	22533
6	8825	6303.6	0	8825
7	5565	1575.9	0	5565
8	5386	394.0	0	5386
9	4637	98.5	0	4312 325
10	5173	24.6	1	4251 922
11	5031	6.2	1	4236 795
12	5052	1.5	1	4268 784
13	4256	0.4	1	3719 537
14	4101	0.4	1	3616 485
15	3899	0.4	1	3423 476
16	3989	0.4	1	3475 514
17	3960	0.4	1	3409 551
18	3638	0.4	1	3199 439
19	3060	0.4	1	2756 304
20	3364	0.4	1	2947 417
21	3177	0.4	1	2846 331
22	3128	0.4	1	2703 425
23	3055	0.4	1	2709 346
24	2854	0.4	1	2509 345
25	2599	0.4	1	2309 290
26	2472	0.4	1	2179 293
27	2513	0.4	1	2203 310
28	2440	0.4	1	2148 292
29	2163	0.4	1	1887 276
30	2227	0.4	1	1947 280
31	2043	0.4	1	1808 235
32	2108	0.4	1	1853 255
33	1838	0.4	1	1576 262
34	1877	0.4	1	1622 255
35	1753	0.4	1	1563 190
36	1819	0.4	1	1563 256
37	1514	0.4	1	1364 150
38	1882	0.4	1	1597 285
39	1565	0.4	1	1341 224
40	1553	0.4	1	1346 207
41	1787	0.4	1	1467 320
42	1754	0.4	1	1508 246
43	1345	0.4	1	1082 263
44	1555	0.4	1	1325 230
45	2344	0.4	1	2070 274
46	654	0.4	1	505 149
47	1059	0.4	1	864 195
48	5085	0.4	1	4656 429
49	1900	0.4	1	1676 224
50	285	0.4	1	207 78
51	1185	0.4	1	1062 123
52	1325	0.4	1	1166 159
53	331	0.4	1	254 77
54	520	0.4	1	446 74
55	1250	0.4	1	1121 129
56	639	0.4	1	515 124
57	313	0.4	1	237 76
58	278	0.4	1	195 83
59	411	0.4	1	339 72
60	199	0.4	1	132 67
61	212	0.4	1	150 62
62	754	0.4	1	634 120
63	306	0.4	1	233 73
64	286	0.4	1	229 57
65	302	0.4	1	225 77
66	806	0.4	1	696 110
67	216	0.4	1	155 61
68	166	0.4	1	129 37
69	122	0.4	1	98 24
70	141	0.4	1	95 46
71	107	0.4	1	71 36
72	130	0.4	1	97 33
73	274	0.4	1	213 61
74	377	0.4	1	330 47
75	436	0.4	1	359 77
76	432	0.4	1	365 67
77	488	0.4	1	416 72
78	506	0.4	1	427 79
79	499	0.4	1	418 81
80	491	0.4	1	426 65
81	500	0.4	1	417 83
82	480	0.4	1	406 74
83	456	0.4	1	384 72
84	435	0.4	1	379 56
85	412	0.4	1	346 66
86	403	0.4	1	328 75
87	438	0.4	1	368 70
88	424	0.4	1	356 68
89	381	0.4	1	336 45
90	418	0.4	1	347 71
91	426	0.4	1	357 69
92	402	0.4	1	330 72
93	379	0.4	1	333 46
94	413	0.4	1	352 61
95	384	0.4	1	333 51
96	401	0.4	1	337 64
97	365	0.4	1	300 65
98	366	0.4	1	295 71
99	344	0.4	1	298 46
100	393	0.4	1	347 46
101	383	0.4	1	341 42
102	340	0.4	1	294 46
103	348	0.4	1	284 64
104	326	0.4	1	282 44
105	273	0.4	1	239 34
106	308	0.4	1	270 38
107	355	0.4	1	286 69
108	304	0.4	1	253 51
109	300	0.4	1	253 47
110	294	0.4	1	251 43
111	289	0.4	1	249 40
112	299	0.4	1	250 49
113	265	0.4	1	225 40
114	273	0.4	1	231 42
115	276	0.4	1	242 34
116	270	0.4	1	234 36
117	250	0.4	1	212 38
118	215	0.4	1	174 41
119	235	0.4	1	207 28
120	235	0.4	1	200 35
121	206	0.4	1	175 31
122	230	0.4	1	199 31
123	206	0.4	1	170 36
124	253	0.4	1	205 48
125	204	0.4	1	167 37
126	237	0.4	1	199 38
127	205	0.4	1	177 28
128	215	0.4	1	183 32
129	179	0.4	1	160 19
130	184	0.4	1	163 21
131	135	0.4	1	120 15
132	168	0.4	1	148 20
133	152	0.4	1	142 10
134	147	0.4	1	132 15
135	144	0.4	1	129 15
136	158	0.4	1	147 11
137	114	0.4	1	102 12
138	117	0.4	1	112 5
139	116	0.4	1	110 6
140	117	0.4	1	110 7
141	103	0.4	1	91 12
142	97	0.4	1	81 16
143	79	0.4	1	67 12
144	119	0.4	1	102 17
145	93	0.4	1	81 12
146	146	0.4	1	130 16
147	82	0.4	1	74 8
148	80	0.4	1	69 11
149	116	0.4	1	42 74
150	13516	0.4	1	86 13430

RUN STATISTICS FOR INPUT FILE: s099_R1_001.fastq.gz
=============================================
25819395 sequences processed in total

