
SUMMARISING RUN PARAMETERS
==========================
Input filename: s100_R1_001.fastq.gz
Trimming mode: paired-end
Trim Galore version: 0.6.10
Cutadapt version: 3.4
Number of cores used for trimming: 1
Quality Phred score cutoff: 20
Quality encoding type selected: ASCII+33
Using Illumina adapter for trimming (count: 2659). Second best hit was Nextera (count: 7)
Adapter sequence: 'AGATCGGAAGAGC' (Illumina TruSeq, Sanger iPCR; auto-detected)
Maximum trimming error rate: 0.1 (default)
Minimum required adapter overlap (stringency): 1 bp
Minimum required sequence length for both reads before a sequence pair gets removed: 20 bp
Running FastQC on the data once trimming has completed
Output file will be GZIP compressed


This is cutadapt 3.4 with Python 3.9.2
Command line parameters: -j 1 -e 0.1 -q 20 -O 1 -a AGATCGGAAGAGC s100_R1_001.fastq.gz
Processing reads on 1 core in single-end mode ...
Finished in 2149.83 s (82 µs/read; 0.74 M reads/minute).

=== Summary ===

Total reads processed:              26,366,235
Reads with adapters:                 9,641,267 (36.6%)
Reads written (passing filters):    26,366,235 (100.0%)

Total basepairs processed: 3,954,935,250 bp
Quality-trimmed:               7,799,183 bp (0.2%)
Total written (filtered):  3,931,641,871 bp (99.4%)

=== Adapter 1 ===

Sequence: AGATCGGAAGAGC; Type: regular 3'; Length: 13; Trimmed: 9641267 times

No. of allowed errors:
1-9 bp: 0; 10-13 bp: 1

Bases preceding removed adapters:
  A: 37.0%
  C: 24.1%
  G: 16.8%
  T: 22.1%
  none/other: 0.0%

Overview of removed sequences
length	count	expect	max.err	error counts
1	7396184	6591558.8	0	7396184
2	1502579	1647889.7	0	1502579
3	487015	411972.4	0	487015
4	113269	102993.1	0	113269
5	26496	25748.3	0	26496
6	8125	6437.1	0	8125
7	5036	1609.3	0	5036
8	4985	402.3	0	4985
9	4581	100.6	0	4170 411
10	4732	25.1	1	3909 823
11	4447	6.3	1	3825 622
12	4171	1.6	1	3848 323
13	3458	0.4	1	3201 257
14	3588	0.4	1	3285 303
15	3316	0.4	1	3103 213
16	3328	0.4	1	3069 259
17	3273	0.4	1	2985 288
18	3026	0.4	1	2848 178
19	2634	0.4	1	2479 155
20	2796	0.4	1	2572 224
21	2722	0.4	1	2520 202
22	2459	0.4	1	2296 163
23	2472	0.4	1	2324 148
24	2438	0.4	1	2232 206
25	2117	0.4	1	1971 146
26	2046	0.4	1	1929 117
27	2004	0.4	1	1837 167
28	1766	0.4	1	1641 125
29	1880	0.4	1	1730 150
30	1658	0.4	1	1563 95
31	1657	0.4	1	1547 110
32	1458	0.4	1	1383 75
33	1437	0.4	1	1315 122
34	1460	0.4	1	1357 103
35	1336	0.4	1	1224 112
36	1267	0.4	1	1186 81
37	1069	0.4	1	989 80
38	1089	0.4	1	990 99
39	1101	0.4	1	1005 96
40	1064	0.4	1	973 91
41	1060	0.4	1	968 92
42	1007	0.4	1	940 67
43	710	0.4	1	632 78
44	754	0.4	1	680 74
45	1211	0.4	1	1154 57
46	313	0.4	1	266 47
47	659	0.4	1	605 54
48	887	0.4	1	819 68
49	562	0.4	1	511 51
50	461	0.4	1	412 49
51	639	0.4	1	570 69
52	515	0.4	1	473 42
53	398	0.4	1	368 30
54	494	0.4	1	446 48
55	682	0.4	1	619 63
56	338	0.4	1	301 37
57	530	0.4	1	498 32
58	354	0.4	1	316 38
59	402	0.4	1	354 48
60	216	0.4	1	187 29
61	159	0.4	1	127 32
62	367	0.4	1	336 31
63	329	0.4	1	305 24
64	161	0.4	1	128 33
65	180	0.4	1	143 37
66	426	0.4	1	382 44
67	134	0.4	1	110 24
68	189	0.4	1	165 24
69	111	0.4	1	90 21
70	97	0.4	1	60 37
71	44	0.4	1	18 26
72	59	0.4	1	38 21
73	115	0.4	1	87 28
74	126	0.4	1	103 23
75	121	0.4	1	97 24
76	123	0.4	1	100 23
77	111	0.4	1	90 21
78	127	0.4	1	96 31
79	128	0.4	1	99 29
80	110	0.4	1	84 26
81	117	0.4	1	84 33
82	93	0.4	1	68 25
83	117	0.4	1	87 30
84	84	0.4	1	59 25
85	92	0.4	1	67 25
86	98	0.4	1	65 33
87	82	0.4	1	55 27
88	88	0.4	1	52 36
89	76	0.4	1	53 23
90	84	0.4	1	55 29
91	72	0.4	1	53 19
92	71	0.4	1	54 17
93	69	0.4	1	40 29
94	67	0.4	1	41 26
95	57	0.4	1	43 14
96	66	0.4	1	37 29
97	50	0.4	1	33 17
98	45	0.4	1	27 18
99	42	0.4	1	19 23
100	46	0.4	1	27 19
101	55	0.4	1	34 21
102	39	0.4	1	25 14
103	59	0.4	1	36 23
104	53	0.4	1	22 31
105	50	0.4	1	26 24
106	57	0.4	1	26 31
107	46	0.4	1	32 14
108	44	0.4	1	23 21
109	38	0.4	1	23 15
110	58	0.4	1	28 30
111	27	0.4	1	12 15
112	31	0.4	1	15 16
113	34	0.4	1	19 15
114	29	0.4	1	13 16
115	34	0.4	1	13 21
116	32	0.4	1	20 12
117	40	0.4	1	13 27
118	35	0.4	1	9 26
119	34	0.4	1	15 19
120	33	0.4	1	13 20
121	27	0.4	1	11 16
122	28	0.4	1	11 17
123	20	0.4	1	6 14
124	19	0.4	1	5 14
125	24	0.4	1	7 17
126	26	0.4	1	9 17
127	17	0.4	1	8 9
128	19	0.4	1	8 11
129	19	0.4	1	6 13
130	32	0.4	1	13 19
131	20	0.4	1	6 14
132	29	0.4	1	13 16
133	19	0.4	1	2 17
134	23	0.4	1	8 15
135	28	0.4	1	5 23
136	33	0.4	1	3 30
137	15	0.4	1	5 10
138	13	0.4	1	5 8
139	14	0.4	1	1 13
140	14	0.4	1	1 13
141	21	0.4	1	7 14
142	17	0.4	1	2 15
143	10	0.4	1	2 8
144	19	0.4	1	3 16
145	13	0.4	1	2 11
146	34	0.4	1	5 29
147	10	0.4	1	2 8
148	17	0.4	1	1 16
149	32	0.4	1	2 30
150	1363	0.4	1	1 1362

RUN STATISTICS FOR INPUT FILE: s100_R1_001.fastq.gz
=============================================
26366235 sequences processed in total

