
SUMMARISING RUN PARAMETERS
==========================
Input filename: s101_R1_001.fastq.gz
Trimming mode: paired-end
Trim Galore version: 0.6.10
Cutadapt version: 3.4
Number of cores used for trimming: 1
Quality Phred score cutoff: 20
Quality encoding type selected: ASCII+33
Using Illumina adapter for trimming (count: 3333). Second best hit was Nextera (count: 8)
Adapter sequence: 'AGATCGGAAGAGC' (Illumina TruSeq, Sanger iPCR; auto-detected)
Maximum trimming error rate: 0.1 (default)
Minimum required adapter overlap (stringency): 1 bp
Minimum required sequence length for both reads before a sequence pair gets removed: 20 bp
Running FastQC on the data once trimming has completed
Output file will be GZIP compressed


This is cutadapt 3.4 with Python 3.9.2
Command line parameters: -j 1 -e 0.1 -q 20 -O 1 -a AGATCGGAAGAGC s101_R1_001.fastq.gz
Processing reads on 1 core in single-end mode ...
Finished in 2290.70 s (79 µs/read; 0.76 M reads/minute).

=== Summary ===

Total reads processed:              28,917,150
Reads with adapters:                10,612,983 (36.7%)
Reads written (passing filters):    28,917,150 (100.0%)

Total basepairs processed: 4,337,572,500 bp
Quality-trimmed:               8,049,670 bp (0.2%)
Total written (filtered):  4,311,832,300 bp (99.4%)

=== Adapter 1 ===

Sequence: AGATCGGAAGAGC; Type: regular 3'; Length: 13; Trimmed: 10612983 times

No. of allowed errors:
1-9 bp: 0; 10-13 bp: 1

Bases preceding removed adapters:
  A: 37.2%
  C: 24.0%
  G: 16.8%
  T: 22.0%
  none/other: 0.0%

Overview of removed sequences
length	count	expect	max.err	error counts
1	8127045	7229287.5	0	8127045
2	1639395	1807321.9	0	1639395
3	533642	451830.5	0	533642
4	126352	112957.6	0	126352
5	30719	28239.4	0	30719
6	10581	7059.9	0	10581
7	7014	1765.0	0	7014
8	6757	441.2	0	6757
9	6222	110.3	0	5810 412
10	6425	27.6	1	5483 942
11	6304	6.9	1	5538 766
12	5783	1.7	1	5293 490
13	4786	0.4	1	4415 371
14	5022	0.4	1	4575 447
15	4685	0.4	1	4380 305
16	4672	0.4	1	4312 360
17	4674	0.4	1	4294 380
18	4055	0.4	1	3802 253
19	3604	0.4	1	3385 219
20	3723	0.4	1	3475 248
21	3670	0.4	1	3401 269
22	3341	0.4	1	3115 226
23	3304	0.4	1	3095 209
24	3249	0.4	1	3007 242
25	2939	0.4	1	2750 189
26	2703	0.4	1	2510 193
27	2666	0.4	1	2482 184
28	2395	0.4	1	2255 140
29	2332	0.4	1	2142 190
30	2228	0.4	1	2108 120
31	1962	0.4	1	1830 132
32	1927	0.4	1	1791 136
33	2042	0.4	1	1882 160
34	1989	0.4	1	1857 132
35	1617	0.4	1	1488 129
36	1564	0.4	1	1466 98
37	1410	0.4	1	1314 96
38	1559	0.4	1	1437 122
39	1356	0.4	1	1255 101
40	1366	0.4	1	1261 105
41	1372	0.4	1	1248 124
42	1384	0.4	1	1293 91
43	965	0.4	1	876 89
44	1001	0.4	1	902 99
45	1602	0.4	1	1486 116
46	411	0.4	1	352 59
47	829	0.4	1	759 70
48	1119	0.4	1	1015 104
49	746	0.4	1	687 59
50	575	0.4	1	518 57
51	878	0.4	1	815 63
52	720	0.4	1	663 57
53	533	0.4	1	480 53
54	614	0.4	1	560 54
55	833	0.4	1	783 50
56	479	0.4	1	425 54
57	675	0.4	1	627 48
58	491	0.4	1	444 47
59	468	0.4	1	426 42
60	287	0.4	1	255 32
61	213	0.4	1	176 37
62	564	0.4	1	508 56
63	421	0.4	1	379 42
64	233	0.4	1	197 36
65	216	0.4	1	174 42
66	630	0.4	1	580 50
67	246	0.4	1	216 30
68	283	0.4	1	253 30
69	160	0.4	1	131 29
70	112	0.4	1	85 27
71	67	0.4	1	33 34
72	97	0.4	1	69 28
73	140	0.4	1	116 24
74	159	0.4	1	130 29
75	196	0.4	1	161 35
76	151	0.4	1	122 29
77	145	0.4	1	108 37
78	176	0.4	1	147 29
79	151	0.4	1	126 25
80	135	0.4	1	105 30
81	141	0.4	1	112 29
82	151	0.4	1	117 34
83	146	0.4	1	98 48
84	145	0.4	1	107 38
85	128	0.4	1	94 34
86	96	0.4	1	64 32
87	126	0.4	1	82 44
88	136	0.4	1	103 33
89	110	0.4	1	77 33
90	102	0.4	1	67 35
91	92	0.4	1	58 34
92	96	0.4	1	64 32
93	106	0.4	1	73 33
94	64	0.4	1	43 21
95	82	0.4	1	57 25
96	76	0.4	1	56 20
97	83	0.4	1	51 32
98	80	0.4	1	46 34
99	70	0.4	1	47 23
100	83	0.4	1	48 35
101	72	0.4	1	45 27
102	72	0.4	1	48 24
103	59	0.4	1	22 37
104	49	0.4	1	29 20
105	55	0.4	1	36 19
106	53	0.4	1	24 29
107	57	0.4	1	34 23
108	35	0.4	1	21 14
109	69	0.4	1	37 32
110	58	0.4	1	35 23
111	45	0.4	1	24 21
112	56	0.4	1	27 29
113	43	0.4	1	20 23
114	39	0.4	1	17 22
115	50	0.4	1	19 31
116	51	0.4	1	17 34
117	50	0.4	1	25 25
118	37	0.4	1	19 18
119	37	0.4	1	23 14
120	44	0.4	1	10 34
121	38	0.4	1	15 23
122	47	0.4	1	28 19
123	37	0.4	1	16 21
124	31	0.4	1	12 19
125	39	0.4	1	16 23
126	23	0.4	1	10 13
127	38	0.4	1	12 26
128	38	0.4	1	19 19
129	34	0.4	1	12 22
130	38	0.4	1	17 21
131	32	0.4	1	14 18
132	19	0.4	1	6 13
133	29	0.4	1	7 22
134	19	0.4	1	6 13
135	22	0.4	1	7 15
136	29	0.4	1	6 23
137	16	0.4	1	5 11
138	19	0.4	1	9 10
139	13	0.4	1	6 7
140	18	0.4	1	3 15
141	17	0.4	1	5 12
142	17	0.4	1	0 17
143	12	0.4	1	4 8
144	18	0.4	1	5 13
145	19	0.4	1	6 13
146	30	0.4	1	15 15
147	22	0.4	1	8 14
148	16	0.4	1	4 12
149	24	0.4	1	0 24
150	1529	0.4	1	3 1526

RUN STATISTICS FOR INPUT FILE: s101_R1_001.fastq.gz
=============================================
28917150 sequences processed in total

