
SUMMARISING RUN PARAMETERS
==========================
Input filename: s102_R1_001.fastq.gz
Trimming mode: paired-end
Trim Galore version: 0.6.10
Cutadapt version: 3.4
Number of cores used for trimming: 1
Quality Phred score cutoff: 20
Quality encoding type selected: ASCII+33
Using Illumina adapter for trimming (count: 5167). Second best hit was smallRNA (count: 4)
Adapter sequence: 'AGATCGGAAGAGC' (Illumina TruSeq, Sanger iPCR; auto-detected)
Maximum trimming error rate: 0.1 (default)
Minimum required adapter overlap (stringency): 1 bp
Minimum required sequence length for both reads before a sequence pair gets removed: 20 bp
Running FastQC on the data once trimming has completed
Output file will be GZIP compressed


This is cutadapt 3.4 with Python 3.9.2
Command line parameters: -j 1 -e 0.1 -q 20 -O 1 -a AGATCGGAAGAGC s102_R1_001.fastq.gz
Processing reads on 1 core in single-end mode ...
Finished in 1937.34 s (79 µs/read; 0.76 M reads/minute).

=== Summary ===

Total reads processed:              24,529,500
Reads with adapters:                 9,023,814 (36.8%)
Reads written (passing filters):    24,529,500 (100.0%)

Total basepairs processed: 3,679,425,000 bp
Quality-trimmed:               7,216,378 bp (0.2%)
Total written (filtered):  3,655,750,639 bp (99.4%)

=== Adapter 1 ===

Sequence: AGATCGGAAGAGC; Type: regular 3'; Length: 13; Trimmed: 9023814 times

No. of allowed errors:
1-9 bp: 0; 10-13 bp: 1

Bases preceding removed adapters:
  A: 36.4%
  C: 24.4%
  G: 17.0%
  T: 22.2%
  none/other: 0.0%

Overview of removed sequences
length	count	expect	max.err	error counts
1	6838326	6132375.0	0	6838326
2	1412998	1533093.8	0	1412998
3	457057	383273.4	0	457057
4	106970	95818.4	0	106970
5	26088	23954.6	0	26088
6	9315	5988.6	0	9315
7	6565	1497.2	0	6565
8	6462	374.3	0	6462
9	6130	93.6	0	5701 429
10	6229	23.4	1	5356 873
11	6209	5.8	1	5508 701
12	5841	1.5	1	5366 475
13	5175	0.4	1	4878 297
14	5417	0.4	1	4979 438
15	5026	0.4	1	4718 308
16	5059	0.4	1	4668 391
17	5052	0.4	1	4642 410
18	4538	0.4	1	4300 238
19	4212	0.4	1	3924 288
20	4216	0.4	1	3955 261
21	4262	0.4	1	3962 300
22	4025	0.4	1	3792 233
23	4071	0.4	1	3827 244
24	3953	0.4	1	3634 319
25	3605	0.4	1	3379 226
26	3500	0.4	1	3286 214
27	3558	0.4	1	3333 225
28	3246	0.4	1	3049 197
29	3267	0.4	1	3026 241
30	3038	0.4	1	2893 145
31	2735	0.4	1	2564 171
32	2893	0.4	1	2717 176
33	2838	0.4	1	2627 211
34	2807	0.4	1	2615 192
35	2376	0.4	1	2224 152
36	2330	0.4	1	2196 134
37	2279	0.4	1	2166 113
38	2188	0.4	1	2042 146
39	2106	0.4	1	1985 121
40	2107	0.4	1	1968 139
41	1884	0.4	1	1766 118
42	2197	0.4	1	2075 122
43	1545	0.4	1	1422 123
44	1726	0.4	1	1598 128
45	2740	0.4	1	2568 172
46	819	0.4	1	731 88
47	1396	0.4	1	1286 110
48	6740	0.4	1	6540 200
49	2095	0.4	1	1990 105
50	267	0.4	1	221 46
51	1494	0.4	1	1421 73
52	1158	0.4	1	1080 78
53	208	0.4	1	170 38
54	698	0.4	1	661 37
55	1300	0.4	1	1248 52
56	403	0.4	1	373 30
57	205	0.4	1	182 23
58	139	0.4	1	126 13
59	410	0.4	1	378 32
60	74	0.4	1	57 17
61	114	0.4	1	82 32
62	565	0.4	1	531 34
63	153	0.4	1	128 25
64	125	0.4	1	113 12
65	186	0.4	1	167 19
66	475	0.4	1	433 42
67	76	0.4	1	54 22
68	119	0.4	1	95 24
69	111	0.4	1	94 17
70	132	0.4	1	110 22
71	41	0.4	1	19 22
72	56	0.4	1	34 22
73	117	0.4	1	100 17
74	180	0.4	1	152 28
75	208	0.4	1	189 19
76	243	0.4	1	225 18
77	226	0.4	1	196 30
78	206	0.4	1	180 26
79	228	0.4	1	199 29
80	205	0.4	1	181 24
81	184	0.4	1	161 23
82	206	0.4	1	178 28
83	183	0.4	1	157 26
84	177	0.4	1	157 20
85	152	0.4	1	128 24
86	175	0.4	1	141 34
87	139	0.4	1	117 22
88	144	0.4	1	116 28
89	140	0.4	1	113 27
90	122	0.4	1	94 28
91	123	0.4	1	93 30
92	91	0.4	1	74 17
93	106	0.4	1	85 21
94	97	0.4	1	83 14
95	95	0.4	1	76 19
96	96	0.4	1	67 29
97	83	0.4	1	59 24
98	78	0.4	1	60 18
99	76	0.4	1	57 19
100	68	0.4	1	50 18
101	79	0.4	1	56 23
102	61	0.4	1	42 19
103	58	0.4	1	43 15
104	66	0.4	1	49 17
105	65	0.4	1	49 16
106	55	0.4	1	36 19
107	56	0.4	1	32 24
108	63	0.4	1	44 19
109	54	0.4	1	34 20
110	39	0.4	1	25 14
111	46	0.4	1	32 14
112	48	0.4	1	26 22
113	34	0.4	1	15 19
114	45	0.4	1	26 19
115	42	0.4	1	22 20
116	33	0.4	1	20 13
117	43	0.4	1	25 18
118	33	0.4	1	14 19
119	32	0.4	1	15 17
120	38	0.4	1	15 23
121	35	0.4	1	16 19
122	31	0.4	1	23 8
123	27	0.4	1	11 16
124	32	0.4	1	19 13
125	20	0.4	1	10 10
126	20	0.4	1	11 9
127	26	0.4	1	10 16
128	24	0.4	1	11 13
129	32	0.4	1	17 15
130	26	0.4	1	13 13
131	18	0.4	1	9 9
132	27	0.4	1	9 18
133	23	0.4	1	6 17
134	19	0.4	1	6 13
135	15	0.4	1	6 9
136	16	0.4	1	8 8
137	19	0.4	1	9 10
138	15	0.4	1	4 11
139	18	0.4	1	5 13
140	18	0.4	1	12 6
141	17	0.4	1	10 7
142	9	0.4	1	2 7
143	11	0.4	1	2 9
144	17	0.4	1	6 11
145	22	0.4	1	3 19
146	14	0.4	1	2 12
147	31	0.4	1	6 25
148	31	0.4	1	6 25
149	13	0.4	1	0 13
150	330	0.4	1	1 329

RUN STATISTICS FOR INPUT FILE: s102_R1_001.fastq.gz
=============================================
24529500 sequences processed in total

