
SUMMARISING RUN PARAMETERS
==========================
Input filename: s103_R1_001.fastq.gz
Trimming mode: paired-end
Trim Galore version: 0.6.10
Cutadapt version: 3.4
Number of cores used for trimming: 1
Quality Phred score cutoff: 20
Quality encoding type selected: ASCII+33
Using Illumina adapter for trimming (count: 2171). Second best hit was Nextera (count: 12)
Adapter sequence: 'AGATCGGAAGAGC' (Illumina TruSeq, Sanger iPCR; auto-detected)
Maximum trimming error rate: 0.1 (default)
Minimum required adapter overlap (stringency): 1 bp
Minimum required sequence length for both reads before a sequence pair gets removed: 20 bp
Running FastQC on the data once trimming has completed
Output file will be GZIP compressed


This is cutadapt 3.4 with Python 3.9.2
Command line parameters: -j 1 -e 0.1 -q 20 -O 1 -a AGATCGGAAGAGC s103_R1_001.fastq.gz
Processing reads on 1 core in single-end mode ...
Finished in 2040.45 s (80 µs/read; 0.75 M reads/minute).

=== Summary ===

Total reads processed:              25,632,545
Reads with adapters:                 9,434,308 (36.8%)
Reads written (passing filters):    25,632,545 (100.0%)

Total basepairs processed: 3,844,881,750 bp
Quality-trimmed:               7,914,366 bp (0.2%)
Total written (filtered):  3,821,976,834 bp (99.4%)

=== Adapter 1 ===

Sequence: AGATCGGAAGAGC; Type: regular 3'; Length: 13; Trimmed: 9434308 times

No. of allowed errors:
1-9 bp: 0; 10-13 bp: 1

Bases preceding removed adapters:
  A: 37.2%
  C: 23.9%
  G: 16.6%
  T: 22.3%
  none/other: 0.0%

Overview of removed sequences
length	count	expect	max.err	error counts
1	7257210	6408136.2	0	7257210
2	1460457	1602034.1	0	1460457
3	478291	400508.5	0	478291
4	111429	100127.1	0	111429
5	24909	25031.8	0	24909
6	7788	6257.9	0	7788
7	4878	1564.5	0	4878
8	4759	391.1	0	4759
9	4498	97.8	0	4106 392
10	4486	24.4	1	3648 838
11	4248	6.1	1	3638 610
12	3942	1.5	1	3592 350
13	3407	0.4	1	3152 255
14	3292	0.4	1	3032 260
15	3156	0.4	1	2915 241
16	3001	0.4	1	2750 251
17	3050	0.4	1	2775 275
18	2799	0.4	1	2630 169
19	2281	0.4	1	2116 165
20	2521	0.4	1	2336 185
21	2391	0.4	1	2214 177
22	2051	0.4	1	1914 137
23	1991	0.4	1	1859 132
24	2036	0.4	1	1872 164
25	1725	0.4	1	1624 101
26	1689	0.4	1	1574 115
27	1642	0.4	1	1529 113
28	1504	0.4	1	1383 121
29	1482	0.4	1	1357 125
30	1330	0.4	1	1245 85
31	1178	0.4	1	1080 98
32	1089	0.4	1	1001 88
33	1154	0.4	1	1063 91
34	1092	0.4	1	1005 87
35	988	0.4	1	904 84
36	939	0.4	1	878 61
37	794	0.4	1	737 57
38	855	0.4	1	765 90
39	782	0.4	1	710 72
40	737	0.4	1	665 72
41	775	0.4	1	694 81
42	716	0.4	1	658 58
43	534	0.4	1	466 68
44	469	0.4	1	420 49
45	836	0.4	1	787 49
46	206	0.4	1	176 30
47	426	0.4	1	375 51
48	659	0.4	1	592 67
49	394	0.4	1	348 46
50	282	0.4	1	240 42
51	377	0.4	1	341 36
52	375	0.4	1	337 38
53	253	0.4	1	210 43
54	335	0.4	1	294 41
55	442	0.4	1	409 33
56	229	0.4	1	202 27
57	349	0.4	1	317 32
58	261	0.4	1	231 30
59	218	0.4	1	180 38
60	152	0.4	1	123 29
61	99	0.4	1	85 14
62	275	0.4	1	239 36
63	214	0.4	1	182 32
64	114	0.4	1	97 17
65	111	0.4	1	83 28
66	314	0.4	1	278 36
67	111	0.4	1	82 29
68	129	0.4	1	104 25
69	78	0.4	1	50 28
70	59	0.4	1	34 25
71	27	0.4	1	11 16
72	45	0.4	1	28 17
73	81	0.4	1	57 24
74	77	0.4	1	53 24
75	100	0.4	1	81 19
76	82	0.4	1	62 20
77	83	0.4	1	59 24
78	76	0.4	1	60 16
79	90	0.4	1	69 21
80	77	0.4	1	59 18
81	71	0.4	1	53 18
82	64	0.4	1	45 19
83	64	0.4	1	47 17
84	58	0.4	1	46 12
85	57	0.4	1	41 16
86	67	0.4	1	43 24
87	50	0.4	1	35 15
88	58	0.4	1	36 22
89	59	0.4	1	36 23
90	56	0.4	1	31 25
91	52	0.4	1	27 25
92	51	0.4	1	27 24
93	38	0.4	1	25 13
94	60	0.4	1	34 26
95	38	0.4	1	23 15
96	73	0.4	1	33 40
97	60	0.4	1	29 31
98	47	0.4	1	19 28
99	28	0.4	1	10 18
100	57	0.4	1	32 25
101	44	0.4	1	30 14
102	46	0.4	1	25 21
103	36	0.4	1	18 18
104	46	0.4	1	29 17
105	40	0.4	1	19 21
106	43	0.4	1	20 23
107	24	0.4	1	11 13
108	29	0.4	1	16 13
109	26	0.4	1	16 10
110	30	0.4	1	13 17
111	24	0.4	1	12 12
112	28	0.4	1	16 12
113	25	0.4	1	11 14
114	18	0.4	1	9 9
115	24	0.4	1	11 13
116	35	0.4	1	13 22
117	24	0.4	1	4 20
118	17	0.4	1	4 13
119	31	0.4	1	13 18
120	21	0.4	1	9 12
121	33	0.4	1	12 21
122	22	0.4	1	6 16
123	24	0.4	1	6 18
124	23	0.4	1	8 15
125	12	0.4	1	8 4
126	24	0.4	1	5 19
127	22	0.4	1	8 14
128	31	0.4	1	18 13
129	18	0.4	1	4 14
130	20	0.4	1	8 12
131	26	0.4	1	6 20
132	17	0.4	1	6 11
133	22	0.4	1	9 13
134	18	0.4	1	7 11
135	17	0.4	1	8 9
136	14	0.4	1	3 11
137	19	0.4	1	4 15
138	17	0.4	1	6 11
139	15	0.4	1	0 15
140	15	0.4	1	7 8
141	14	0.4	1	6 8
142	15	0.4	1	4 11
143	16	0.4	1	3 13
144	18	0.4	1	0 18
145	21	0.4	1	3 18
146	13	0.4	1	2 11
147	21	0.4	1	5 16
148	14	0.4	1	3 11
149	38	0.4	1	0 38
150	3629	0.4	1	3 3626

RUN STATISTICS FOR INPUT FILE: s103_R1_001.fastq.gz
=============================================
25632545 sequences processed in total

