
SUMMARISING RUN PARAMETERS
==========================
Input filename: s104_R1_001.fastq.gz
Trimming mode: paired-end
Trim Galore version: 0.6.10
Cutadapt version: 3.4
Number of cores used for trimming: 1
Quality Phred score cutoff: 20
Quality encoding type selected: ASCII+33
Using Illumina adapter for trimming (count: 3802). Second best hit was Nextera (count: 7)
Adapter sequence: 'AGATCGGAAGAGC' (Illumina TruSeq, Sanger iPCR; auto-detected)
Maximum trimming error rate: 0.1 (default)
Minimum required adapter overlap (stringency): 1 bp
Minimum required sequence length for both reads before a sequence pair gets removed: 20 bp
Running FastQC on the data once trimming has completed
Output file will be GZIP compressed


This is cutadapt 3.4 with Python 3.9.2
Command line parameters: -j 1 -e 0.1 -q 20 -O 1 -a AGATCGGAAGAGC s104_R1_001.fastq.gz
Processing reads on 1 core in single-end mode ...
Finished in 1997.39 s (79 µs/read; 0.76 M reads/minute).

=== Summary ===

Total reads processed:              25,204,447
Reads with adapters:                 9,201,777 (36.5%)
Reads written (passing filters):    25,204,447 (100.0%)

Total basepairs processed: 3,780,667,050 bp
Quality-trimmed:               7,292,448 bp (0.2%)
Total written (filtered):  3,757,447,784 bp (99.4%)

=== Adapter 1 ===

Sequence: AGATCGGAAGAGC; Type: regular 3'; Length: 13; Trimmed: 9201777 times

No. of allowed errors:
1-9 bp: 0; 10-13 bp: 1

Bases preceding removed adapters:
  A: 36.8%
  C: 24.1%
  G: 17.1%
  T: 21.9%
  none/other: 0.0%

Overview of removed sequences
length	count	expect	max.err	error counts
1	7012173	6301111.8	0	7012173
2	1426297	1575277.9	0	1426297
3	464196	393819.5	0	464196
4	111602	98454.9	0	111602
5	28102	24613.7	0	28102
6	10596	6153.4	0	10596
7	7283	1538.4	0	7283
8	7393	384.6	0	7393
9	6454	96.1	0	6078 376
10	6696	24.0	1	5783 913
11	6597	6.0	1	5875 722
12	6436	1.5	1	5996 440
13	5123	0.4	1	4782 341
14	5485	0.4	1	5023 462
15	4912	0.4	1	4568 344
16	4797	0.4	1	4417 380
17	4982	0.4	1	4573 409
18	4254	0.4	1	3999 255
19	3834	0.4	1	3589 245
20	4061	0.4	1	3781 280
21	3800	0.4	1	3539 261
22	3609	0.4	1	3401 208
23	3447	0.4	1	3204 243
24	3369	0.4	1	3103 266
25	3095	0.4	1	2917 178
26	2895	0.4	1	2722 173
27	2847	0.4	1	2694 153
28	2534	0.4	1	2375 159
29	2528	0.4	1	2342 186
30	2183	0.4	1	2067 116
31	2189	0.4	1	2063 126
32	2103	0.4	1	1986 117
33	2020	0.4	1	1873 147
34	2017	0.4	1	1876 141
35	1751	0.4	1	1644 107
36	1549	0.4	1	1455 94
37	1393	0.4	1	1309 84
38	1421	0.4	1	1317 104
39	1360	0.4	1	1283 77
40	1285	0.4	1	1184 101
41	1379	0.4	1	1280 99
42	1313	0.4	1	1247 66
43	885	0.4	1	812 73
44	900	0.4	1	829 71
45	1505	0.4	1	1410 95
46	361	0.4	1	319 42
47	738	0.4	1	688 50
48	1094	0.4	1	1027 67
49	675	0.4	1	617 58
50	481	0.4	1	429 52
51	763	0.4	1	716 47
52	583	0.4	1	543 40
53	444	0.4	1	403 41
54	529	0.4	1	491 38
55	699	0.4	1	647 52
56	389	0.4	1	342 47
57	543	0.4	1	504 39
58	337	0.4	1	303 34
59	369	0.4	1	327 42
60	233	0.4	1	208 25
61	152	0.4	1	121 31
62	416	0.4	1	373 43
63	337	0.4	1	303 34
64	163	0.4	1	138 25
65	158	0.4	1	126 32
66	415	0.4	1	385 30
67	134	0.4	1	110 24
68	188	0.4	1	168 20
69	87	0.4	1	69 18
70	68	0.4	1	47 21
71	51	0.4	1	19 32
72	68	0.4	1	53 15
73	74	0.4	1	58 16
74	94	0.4	1	74 20
75	109	0.4	1	88 21
76	101	0.4	1	81 20
77	103	0.4	1	78 25
78	81	0.4	1	52 29
79	125	0.4	1	90 35
80	99	0.4	1	78 21
81	90	0.4	1	65 25
82	95	0.4	1	80 15
83	65	0.4	1	47 18
84	67	0.4	1	48 19
85	63	0.4	1	42 21
86	62	0.4	1	48 14
87	73	0.4	1	41 32
88	60	0.4	1	35 25
89	44	0.4	1	31 13
90	50	0.4	1	27 23
91	60	0.4	1	35 25
92	54	0.4	1	29 25
93	34	0.4	1	22 12
94	51	0.4	1	22 29
95	45	0.4	1	22 23
96	56	0.4	1	19 37
97	36	0.4	1	21 15
98	48	0.4	1	26 22
99	48	0.4	1	23 25
100	44	0.4	1	21 23
101	31	0.4	1	18 13
102	60	0.4	1	30 30
103	34	0.4	1	16 18
104	39	0.4	1	16 23
105	30	0.4	1	11 19
106	30	0.4	1	14 16
107	34	0.4	1	14 20
108	30	0.4	1	9 21
109	25	0.4	1	11 14
110	25	0.4	1	13 12
111	23	0.4	1	10 13
112	29	0.4	1	13 16
113	25	0.4	1	13 12
114	23	0.4	1	10 13
115	38	0.4	1	11 27
116	21	0.4	1	10 11
117	22	0.4	1	6 16
118	19	0.4	1	4 15
119	30	0.4	1	7 23
120	23	0.4	1	10 13
121	19	0.4	1	7 12
122	20	0.4	1	8 12
123	24	0.4	1	6 18
124	37	0.4	1	8 29
125	21	0.4	1	6 15
126	19	0.4	1	6 13
127	20	0.4	1	4 16
128	23	0.4	1	6 17
129	17	0.4	1	2 15
130	21	0.4	1	5 16
131	29	0.4	1	10 19
132	16	0.4	1	5 11
133	17	0.4	1	8 9
134	24	0.4	1	9 15
135	16	0.4	1	4 12
136	24	0.4	1	6 18
137	15	0.4	1	6 9
138	13	0.4	1	3 10
139	9	0.4	1	1 8
140	18	0.4	1	1 17
141	17	0.4	1	6 11
142	26	0.4	1	3 23
143	21	0.4	1	4 17
144	25	0.4	1	3 22
145	19	0.4	1	5 14
146	9	0.4	1	6 3
147	15	0.4	1	4 11
148	18	0.4	1	4 14
149	37	0.4	1	0 37
150	3541	0.4	1	9 3532

RUN STATISTICS FOR INPUT FILE: s104_R1_001.fastq.gz
=============================================
25204447 sequences processed in total

