
SUMMARISING RUN PARAMETERS
==========================
Input filename: s111_R1_001.fastq.gz
Trimming mode: paired-end
Trim Galore version: 0.6.10
Cutadapt version: 3.4
Number of cores used for trimming: 1
Quality Phred score cutoff: 20
Quality encoding type selected: ASCII+33
Using Illumina adapter for trimming (count: 5267). Second best hit was Nextera (count: 12)
Adapter sequence: 'AGATCGGAAGAGC' (Illumina TruSeq, Sanger iPCR; auto-detected)
Maximum trimming error rate: 0.1 (default)
Minimum required adapter overlap (stringency): 1 bp
Minimum required sequence length for both reads before a sequence pair gets removed: 20 bp
Running FastQC on the data once trimming has completed
Output file will be GZIP compressed


This is cutadapt 3.4 with Python 3.9.2
Command line parameters: -j 1 -e 0.1 -q 20 -O 1 -a AGATCGGAAGAGC s111_R1_001.fastq.gz
Processing reads on 1 core in single-end mode ...
Finished in 2013.42 s (79 µs/read; 0.76 M reads/minute).

=== Summary ===

Total reads processed:              25,356,359
Reads with adapters:                 9,112,211 (35.9%)
Reads written (passing filters):    25,356,359 (100.0%)

Total basepairs processed: 3,803,453,850 bp
Quality-trimmed:               7,205,209 bp (0.2%)
Total written (filtered):  3,779,057,323 bp (99.4%)

=== Adapter 1 ===

Sequence: AGATCGGAAGAGC; Type: regular 3'; Length: 13; Trimmed: 9112211 times

No. of allowed errors:
1-9 bp: 0; 10-13 bp: 1

Bases preceding removed adapters:
  A: 35.6%
  C: 25.3%
  G: 17.8%
  T: 21.2%
  none/other: 0.0%

Overview of removed sequences
length	count	expect	max.err	error counts
1	6824888	6339089.8	0	6824888
2	1478850	1584772.4	0	1478850
3	465365	396193.1	0	465365
4	108714	99048.3	0	108714
5	29454	24762.1	0	29454
6	11556	6190.5	0	11556
7	8318	1547.6	0	8318
8	8190	386.9	0	8190
9	7481	96.7	0	6998 483
10	7603	24.2	1	6621 982
11	7585	6.0	1	6726 859
12	7393	1.5	1	6791 602
13	6377	0.4	1	5971 406
14	6479	0.4	1	5964 515
15	6150	0.4	1	5734 416
16	5815	0.4	1	5325 490
17	6109	0.4	1	5588 521
18	5237	0.4	1	4925 312
19	4809	0.4	1	4520 289
20	5108	0.4	1	4765 343
21	4881	0.4	1	4561 320
22	4473	0.4	1	4195 278
23	4452	0.4	1	4130 322
24	4283	0.4	1	3912 371
25	3953	0.4	1	3703 250
26	3792	0.4	1	3567 225
27	3893	0.4	1	3634 259
28	3441	0.4	1	3220 221
29	3531	0.4	1	3254 277
30	3160	0.4	1	2965 195
31	2845	0.4	1	2697 148
32	2894	0.4	1	2726 168
33	2851	0.4	1	2661 190
34	2679	0.4	1	2489 190
35	2372	0.4	1	2247 125
36	2477	0.4	1	2293 184
37	2296	0.4	1	2148 148
38	1983	0.4	1	1873 110
39	2062	0.4	1	1940 122
40	1997	0.4	1	1840 157
41	1841	0.4	1	1722 119
42	1759	0.4	1	1632 127
43	1836	0.4	1	1694 142
44	1388	0.4	1	1291 97
45	2305	0.4	1	2187 118
46	613	0.4	1	550 63
47	1211	0.4	1	1133 78
48	1647	0.4	1	1532 115
49	1052	0.4	1	982 70
50	885	0.4	1	809 76
51	1320	0.4	1	1211 109
52	1013	0.4	1	938 75
53	731	0.4	1	685 46
54	972	0.4	1	898 74
55	1258	0.4	1	1178 80
56	690	0.4	1	633 57
57	993	0.4	1	937 56
58	723	0.4	1	675 48
59	720	0.4	1	665 55
60	447	0.4	1	400 47
61	323	0.4	1	282 41
62	808	0.4	1	758 50
63	707	0.4	1	659 48
64	352	0.4	1	307 45
65	351	0.4	1	306 45
66	917	0.4	1	876 41
67	352	0.4	1	319 33
68	486	0.4	1	454 32
69	203	0.4	1	170 33
70	185	0.4	1	161 24
71	63	0.4	1	33 30
72	108	0.4	1	85 23
73	180	0.4	1	157 23
74	232	0.4	1	206 26
75	273	0.4	1	233 40
76	262	0.4	1	224 38
77	225	0.4	1	198 27
78	235	0.4	1	202 33
79	257	0.4	1	216 41
80	252	0.4	1	208 44
81	220	0.4	1	186 34
82	208	0.4	1	177 31
83	187	0.4	1	149 38
84	184	0.4	1	158 26
85	158	0.4	1	131 27
86	173	0.4	1	144 29
87	129	0.4	1	99 30
88	148	0.4	1	119 29
89	140	0.4	1	116 24
90	160	0.4	1	126 34
91	107	0.4	1	75 32
92	104	0.4	1	83 21
93	126	0.4	1	96 30
94	126	0.4	1	87 39
95	111	0.4	1	88 23
96	117	0.4	1	87 30
97	92	0.4	1	71 21
98	113	0.4	1	78 35
99	77	0.4	1	55 22
100	73	0.4	1	45 28
101	89	0.4	1	55 34
102	91	0.4	1	65 26
103	69	0.4	1	42 27
104	77	0.4	1	45 32
105	75	0.4	1	55 20
106	67	0.4	1	39 28
107	57	0.4	1	32 25
108	62	0.4	1	39 23
109	72	0.4	1	42 30
110	56	0.4	1	33 23
111	50	0.4	1	30 20
112	63	0.4	1	29 34
113	30	0.4	1	15 15
114	44	0.4	1	24 20
115	36	0.4	1	13 23
116	58	0.4	1	33 25
117	31	0.4	1	16 15
118	37	0.4	1	19 18
119	42	0.4	1	11 31
120	35	0.4	1	18 17
121	34	0.4	1	12 22
122	33	0.4	1	13 20
123	37	0.4	1	15 22
124	44	0.4	1	16 28
125	28	0.4	1	10 18
126	34	0.4	1	10 24
127	21	0.4	1	10 11
128	38	0.4	1	11 27
129	40	0.4	1	14 26
130	27	0.4	1	9 18
131	32	0.4	1	6 26
132	29	0.4	1	12 17
133	24	0.4	1	10 14
134	30	0.4	1	9 21
135	28	0.4	1	9 19
136	41	0.4	1	13 28
137	23	0.4	1	3 20
138	23	0.4	1	9 14
139	27	0.4	1	3 24
140	21	0.4	1	5 16
141	25	0.4	1	7 18
142	21	0.4	1	5 16
143	20	0.4	1	4 16
144	24	0.4	1	5 19
145	18	0.4	1	4 14
146	22	0.4	1	7 15
147	26	0.4	1	8 18
148	22	0.4	1	10 12
149	20	0.4	1	3 17
150	1534	0.4	1	5 1529

RUN STATISTICS FOR INPUT FILE: s111_R1_001.fastq.gz
=============================================
25356359 sequences processed in total

