
SUMMARISING RUN PARAMETERS
==========================
Input filename: s112_R1_001.fastq.gz
Trimming mode: paired-end
Trim Galore version: 0.6.10
Cutadapt version: 3.4
Number of cores used for trimming: 1
Quality Phred score cutoff: 20
Quality encoding type selected: ASCII+33
Using Illumina adapter for trimming (count: 2045). Second best hit was Nextera (count: 10)
Adapter sequence: 'AGATCGGAAGAGC' (Illumina TruSeq, Sanger iPCR; auto-detected)
Maximum trimming error rate: 0.1 (default)
Minimum required adapter overlap (stringency): 1 bp
Minimum required sequence length for both reads before a sequence pair gets removed: 20 bp
Running FastQC on the data once trimming has completed
Output file will be GZIP compressed


This is cutadapt 3.4 with Python 3.9.2
Command line parameters: -j 1 -e 0.1 -q 20 -O 1 -a AGATCGGAAGAGC s112_R1_001.fastq.gz
Processing reads on 1 core in single-end mode ...
Finished in 1962.93 s (79 µs/read; 0.76 M reads/minute).

=== Summary ===

Total reads processed:              24,828,284
Reads with adapters:                 9,158,858 (36.9%)
Reads written (passing filters):    24,828,284 (100.0%)

Total basepairs processed: 3,724,242,600 bp
Quality-trimmed:               7,479,198 bp (0.2%)
Total written (filtered):  3,702,389,433 bp (99.4%)

=== Adapter 1 ===

Sequence: AGATCGGAAGAGC; Type: regular 3'; Length: 13; Trimmed: 9158858 times

No. of allowed errors:
1-9 bp: 0; 10-13 bp: 1

Bases preceding removed adapters:
  A: 37.2%
  C: 24.0%
  G: 16.4%
  T: 22.3%
  none/other: 0.0%

Overview of removed sequences
length	count	expect	max.err	error counts
1	7050688	6207071.0	0	7050688
2	1424008	1551767.8	0	1424008
3	466846	387941.9	0	466846
4	107698	96985.5	0	107698
5	23145	24246.4	0	23145
6	6239	6061.6	0	6239
7	3615	1515.4	0	3615
8	3601	378.8	0	3601
9	3474	94.7	0	3076 398
10	3356	23.7	1	2691 665
11	3303	5.9	1	2810 493
12	3109	1.5	1	2847 262
13	2587	0.4	1	2421 166
14	2662	0.4	1	2454 208
15	2416	0.4	1	2241 175
16	2406	0.4	1	2209 197
17	2458	0.4	1	2245 213
18	2093	0.4	1	1940 153
19	1928	0.4	1	1791 137
20	2053	0.4	1	1910 143
21	1912	0.4	1	1770 142
22	1841	0.4	1	1727 114
23	1725	0.4	1	1608 117
24	1702	0.4	1	1545 157
25	1485	0.4	1	1388 97
26	1432	0.4	1	1339 93
27	1455	0.4	1	1354 101
28	1315	0.4	1	1234 81
29	1353	0.4	1	1255 98
30	1175	0.4	1	1091 84
31	1112	0.4	1	1030 82
32	1130	0.4	1	1033 97
33	1043	0.4	1	958 85
34	1126	0.4	1	1020 106
35	914	0.4	1	847 67
36	901	0.4	1	821 80
37	824	0.4	1	764 60
38	800	0.4	1	745 55
39	778	0.4	1	718 60
40	745	0.4	1	689 56
41	656	0.4	1	597 59
42	802	0.4	1	737 65
43	606	0.4	1	524 82
44	593	0.4	1	521 72
45	1000	0.4	1	919 81
46	329	0.4	1	287 42
47	516	0.4	1	455 61
48	2064	0.4	1	1974 90
49	635	0.4	1	588 47
50	94	0.4	1	59 35
51	523	0.4	1	475 48
52	448	0.4	1	401 47
53	109	0.4	1	66 43
54	231	0.4	1	207 24
55	360	0.4	1	336 24
56	133	0.4	1	102 31
57	74	0.4	1	58 16
58	58	0.4	1	31 27
59	114	0.4	1	91 23
60	42	0.4	1	18 24
61	59	0.4	1	37 22
62	175	0.4	1	162 13
63	56	0.4	1	39 17
64	63	0.4	1	37 26
65	66	0.4	1	53 13
66	172	0.4	1	147 25
67	41	0.4	1	22 19
68	52	0.4	1	32 20
69	53	0.4	1	31 22
70	43	0.4	1	26 17
71	27	0.4	1	10 17
72	32	0.4	1	23 9
73	40	0.4	1	29 11
74	58	0.4	1	46 12
75	82	0.4	1	65 17
76	75	0.4	1	58 17
77	101	0.4	1	78 23
78	80	0.4	1	57 23
79	74	0.4	1	59 15
80	81	0.4	1	56 25
81	77	0.4	1	51 26
82	66	0.4	1	50 16
83	57	0.4	1	45 12
84	62	0.4	1	42 20
85	68	0.4	1	46 22
86	56	0.4	1	39 17
87	71	0.4	1	47 24
88	57	0.4	1	42 15
89	51	0.4	1	30 21
90	62	0.4	1	43 19
91	50	0.4	1	24 26
92	66	0.4	1	44 22
93	61	0.4	1	39 22
94	42	0.4	1	15 27
95	44	0.4	1	26 18
96	38	0.4	1	20 18
97	35	0.4	1	25 10
98	50	0.4	1	33 17
99	42	0.4	1	25 17
100	40	0.4	1	24 16
101	41	0.4	1	24 17
102	52	0.4	1	30 22
103	37	0.4	1	22 15
104	38	0.4	1	20 18
105	36	0.4	1	22 14
106	38	0.4	1	17 21
107	28	0.4	1	14 14
108	37	0.4	1	13 24
109	28	0.4	1	14 14
110	34	0.4	1	17 17
111	22	0.4	1	10 12
112	39	0.4	1	12 27
113	34	0.4	1	15 19
114	32	0.4	1	17 15
115	29	0.4	1	13 16
116	34	0.4	1	16 18
117	40	0.4	1	16 24
118	23	0.4	1	8 15
119	22	0.4	1	12 10
120	24	0.4	1	7 17
121	26	0.4	1	9 17
122	28	0.4	1	12 16
123	27	0.4	1	11 16
124	24	0.4	1	11 13
125	16	0.4	1	6 10
126	18	0.4	1	6 12
127	28	0.4	1	9 19
128	17	0.4	1	5 12
129	18	0.4	1	5 13
130	22	0.4	1	6 16
131	17	0.4	1	8 9
132	25	0.4	1	3 22
133	10	0.4	1	6 4
134	19	0.4	1	6 13
135	28	0.4	1	4 24
136	25	0.4	1	7 18
137	18	0.4	1	7 11
138	12	0.4	1	4 8
139	15	0.4	1	3 12
140	17	0.4	1	3 14
141	14	0.4	1	3 11
142	10	0.4	1	2 8
143	23	0.4	1	3 20
144	15	0.4	1	5 10
145	27	0.4	1	7 20
146	16	0.4	1	2 14
147	22	0.4	1	12 10
148	20	0.4	1	3 17
149	24	0.4	1	0 24
150	3244	0.4	1	3 3241

RUN STATISTICS FOR INPUT FILE: s112_R1_001.fastq.gz
=============================================
24828284 sequences processed in total

