
SUMMARISING RUN PARAMETERS
==========================
Input filename: s115_R1_001.fastq.gz
Trimming mode: paired-end
Trim Galore version: 0.6.10
Cutadapt version: 3.4
Number of cores used for trimming: 1
Quality Phred score cutoff: 20
Quality encoding type selected: ASCII+33
Using Illumina adapter for trimming (count: 3348). Second best hit was smallRNA (count: 10)
Adapter sequence: 'AGATCGGAAGAGC' (Illumina TruSeq, Sanger iPCR; auto-detected)
Maximum trimming error rate: 0.1 (default)
Minimum required adapter overlap (stringency): 1 bp
Minimum required sequence length for both reads before a sequence pair gets removed: 20 bp
Running FastQC on the data once trimming has completed
Output file will be GZIP compressed


This is cutadapt 3.4 with Python 3.9.2
Command line parameters: -j 1 -e 0.1 -q 20 -O 1 -a AGATCGGAAGAGC s115_R1_001.fastq.gz
Processing reads on 1 core in single-end mode ...
Finished in 1530.06 s (79 µs/read; 0.76 M reads/minute).

=== Summary ===

Total reads processed:              19,443,213
Reads with adapters:                 4,974,097 (25.6%)
Reads written (passing filters):    19,443,213 (100.0%)

Total basepairs processed: 2,916,481,950 bp
Quality-trimmed:               6,941,509 bp (0.2%)
Total written (filtered):  2,899,472,623 bp (99.4%)

=== Adapter 1 ===

Sequence: AGATCGGAAGAGC; Type: regular 3'; Length: 13; Trimmed: 4974097 times

No. of allowed errors:
1-9 bp: 0; 10-13 bp: 1

Bases preceding removed adapters:
  A: 25.4%
  C: 31.7%
  G: 30.3%
  T: 12.6%
  none/other: 0.0%

Overview of removed sequences
length	count	expect	max.err	error counts
1	3509979	4860803.2	0	3509979
2	1026766	1215200.8	0	1026766
3	238354	303800.2	0	238354
4	56059	75950.1	0	56059
5	26667	18987.5	0	26667
6	12512	4746.9	0	12512
7	6240	1186.7	0	6240
8	4183	296.7	0	4183
9	3055	74.2	0	2644 411
10	3954	18.5	1	3036 918
11	3463	4.6	1	2877 586
12	3451	1.2	1	3023 428
13	3248	0.3	1	2828 420
14	2869	0.3	1	2521 348
15	3121	0.3	1	2756 365
16	2728	0.3	1	2376 352
17	3031	0.3	1	2619 412
18	2780	0.3	1	2445 335
19	2028	0.3	1	1821 207
20	2293	0.3	1	2030 263
21	2250	0.3	1	2006 244
22	2211	0.3	1	1961 250
23	2148	0.3	1	1931 217
24	1886	0.3	1	1672 214
25	1898	0.3	1	1685 213
26	1798	0.3	1	1601 197
27	1828	0.3	1	1600 228
28	1859	0.3	1	1648 211
29	1544	0.3	1	1352 192
30	1550	0.3	1	1415 135
31	1383	0.3	1	1248 135
32	1548	0.3	1	1409 139
33	1291	0.3	1	1159 132
34	1435	0.3	1	1271 164
35	1250	0.3	1	1122 128
36	1231	0.3	1	1115 116
37	1057	0.3	1	949 108
38	1264	0.3	1	1108 156
39	1012	0.3	1	891 121
40	1020	0.3	1	918 102
41	1204	0.3	1	1025 179
42	1222	0.3	1	1108 114
43	758	0.3	1	653 105
44	788	0.3	1	692 96
45	1534	0.3	1	1402 132
46	368	0.3	1	288 80
47	583	0.3	1	493 90
48	2982	0.3	1	2811 171
49	1515	0.3	1	1382 133
50	143	0.3	1	92 51
51	623	0.3	1	555 68
52	826	0.3	1	747 79
53	190	0.3	1	145 45
54	329	0.3	1	271 58
55	711	0.3	1	639 72
56	355	0.3	1	289 66
57	129	0.3	1	96 33
58	143	0.3	1	95 48
59	200	0.3	1	141 59
60	91	0.3	1	49 42
61	117	0.3	1	72 45
62	400	0.3	1	349 51
63	167	0.3	1	124 43
64	135	0.3	1	98 37
65	143	0.3	1	97 46
66	414	0.3	1	363 51
67	74	0.3	1	38 36
68	66	0.3	1	35 31
69	66	0.3	1	26 40
70	63	0.3	1	26 37
71	38	0.3	1	16 22
72	82	0.3	1	42 40
73	110	0.3	1	67 43
74	175	0.3	1	125 50
75	196	0.3	1	142 54
76	164	0.3	1	130 34
77	197	0.3	1	148 49
78	201	0.3	1	152 49
79	186	0.3	1	136 50
80	187	0.3	1	146 41
81	195	0.3	1	146 49
82	168	0.3	1	124 44
83	174	0.3	1	125 49
84	163	0.3	1	124 39
85	157	0.3	1	103 54
86	144	0.3	1	100 44
87	157	0.3	1	102 55
88	164	0.3	1	126 38
89	120	0.3	1	84 36
90	138	0.3	1	101 37
91	127	0.3	1	92 35
92	133	0.3	1	97 36
93	129	0.3	1	80 49
94	126	0.3	1	89 37
95	102	0.3	1	64 38
96	129	0.3	1	67 62
97	89	0.3	1	62 27
98	100	0.3	1	59 41
99	94	0.3	1	72 22
100	102	0.3	1	63 39
101	105	0.3	1	63 42
102	117	0.3	1	64 53
103	113	0.3	1	68 45
104	91	0.3	1	51 40
105	87	0.3	1	51 36
106	104	0.3	1	61 43
107	106	0.3	1	63 43
108	93	0.3	1	56 37
109	88	0.3	1	54 34
110	86	0.3	1	51 35
111	86	0.3	1	42 44
112	93	0.3	1	52 41
113	98	0.3	1	43 55
114	76	0.3	1	52 24
115	97	0.3	1	50 47
116	74	0.3	1	40 34
117	54	0.3	1	37 17
118	71	0.3	1	41 30
119	77	0.3	1	40 37
120	87	0.3	1	48 39
121	65	0.3	1	38 27
122	89	0.3	1	45 44
123	62	0.3	1	34 28
124	59	0.3	1	35 24
125	77	0.3	1	40 37
126	72	0.3	1	36 36
127	71	0.3	1	38 33
128	55	0.3	1	33 22
129	70	0.3	1	38 32
130	60	0.3	1	37 23
131	58	0.3	1	35 23
132	43	0.3	1	22 21
133	58	0.3	1	36 22
134	56	0.3	1	29 27
135	57	0.3	1	32 25
136	62	0.3	1	33 29
137	39	0.3	1	17 22
138	47	0.3	1	13 34
139	39	0.3	1	21 18
140	47	0.3	1	22 25
141	37	0.3	1	9 28
142	34	0.3	1	11 23
143	42	0.3	1	15 27
144	51	0.3	1	24 27
145	61	0.3	1	30 31
146	41	0.3	1	17 24
147	41	0.3	1	13 28
148	38	0.3	1	16 22
149	48	0.3	1	10 38
150	1885	0.3	1	10 1875

RUN STATISTICS FOR INPUT FILE: s115_R1_001.fastq.gz
=============================================
19443213 sequences processed in total

