
SUMMARISING RUN PARAMETERS
==========================
Input filename: s117_R1_001.fastq.gz
Trimming mode: paired-end
Trim Galore version: 0.6.10
Cutadapt version: 3.4
Number of cores used for trimming: 1
Quality Phred score cutoff: 20
Quality encoding type selected: ASCII+33
Using Illumina adapter for trimming (count: 3200). Second best hit was Nextera (count: 5)
Adapter sequence: 'AGATCGGAAGAGC' (Illumina TruSeq, Sanger iPCR; auto-detected)
Maximum trimming error rate: 0.1 (default)
Minimum required adapter overlap (stringency): 1 bp
Minimum required sequence length for both reads before a sequence pair gets removed: 20 bp
Running FastQC on the data once trimming has completed
Output file will be GZIP compressed


This is cutadapt 3.4 with Python 3.9.2
Command line parameters: -j 1 -e 0.1 -q 20 -O 1 -a AGATCGGAAGAGC s117_R1_001.fastq.gz
Processing reads on 1 core in single-end mode ...
Finished in 2029.02 s (79 µs/read; 0.76 M reads/minute).

=== Summary ===

Total reads processed:              25,832,058
Reads with adapters:                 9,397,422 (36.4%)
Reads written (passing filters):    25,832,058 (100.0%)

Total basepairs processed: 3,874,808,700 bp
Quality-trimmed:               7,457,167 bp (0.2%)
Total written (filtered):  3,851,872,646 bp (99.4%)

=== Adapter 1 ===

Sequence: AGATCGGAAGAGC; Type: regular 3'; Length: 13; Trimmed: 9397422 times

No. of allowed errors:
1-9 bp: 0; 10-13 bp: 1

Bases preceding removed adapters:
  A: 36.5%
  C: 24.8%
  G: 17.1%
  T: 21.6%
  none/other: 0.0%

Overview of removed sequences
length	count	expect	max.err	error counts
1	7150176	6458014.5	0	7150176
2	1496985	1614503.6	0	1496985
3	478103	403625.9	0	478103
4	111123	100906.5	0	111123
5	27086	25226.6	0	27086
6	9332	6306.7	0	9332
7	6211	1576.7	0	6211
8	6052	394.2	0	6052
9	5576	98.5	0	5170 406
10	5610	24.6	1	4722 888
11	5410	6.2	1	4714 696
12	4938	1.5	1	4543 395
13	4272	0.4	1	3967 305
14	4465	0.4	1	4131 334
15	4235	0.4	1	3964 271
16	4009	0.4	1	3680 329
17	4083	0.4	1	3716 367
18	3620	0.4	1	3411 209
19	3283	0.4	1	3079 204
20	3290	0.4	1	3068 222
21	3256	0.4	1	3022 234
22	2826	0.4	1	2630 196
23	2894	0.4	1	2703 191
24	2714	0.4	1	2487 227
25	2407	0.4	1	2230 177
26	2361	0.4	1	2200 161
27	2387	0.4	1	2235 152
28	2172	0.4	1	2031 141
29	2125	0.4	1	1964 161
30	1781	0.4	1	1664 117
31	1807	0.4	1	1685 122
32	1764	0.4	1	1644 120
33	1772	0.4	1	1625 147
34	1587	0.4	1	1476 111
35	1488	0.4	1	1395 93
36	1461	0.4	1	1345 116
37	1375	0.4	1	1269 106
38	1182	0.4	1	1105 77
39	1127	0.4	1	1026 101
40	1101	0.4	1	1019 82
41	1012	0.4	1	940 72
42	996	0.4	1	914 82
43	985	0.4	1	901 84
44	737	0.4	1	680 57
45	1290	0.4	1	1210 80
46	370	0.4	1	318 52
47	628	0.4	1	561 67
48	984	0.4	1	890 94
49	602	0.4	1	547 55
50	453	0.4	1	400 53
51	695	0.4	1	633 62
52	522	0.4	1	464 58
53	438	0.4	1	396 42
54	506	0.4	1	458 48
55	605	0.4	1	556 49
56	385	0.4	1	343 42
57	510	0.4	1	449 61
58	372	0.4	1	331 41
59	410	0.4	1	371 39
60	236	0.4	1	219 17
61	193	0.4	1	157 36
62	433	0.4	1	394 39
63	294	0.4	1	270 24
64	150	0.4	1	123 27
65	164	0.4	1	138 26
66	437	0.4	1	403 34
67	173	0.4	1	147 26
68	232	0.4	1	207 25
69	133	0.4	1	96 37
70	85	0.4	1	67 18
71	39	0.4	1	17 22
72	59	0.4	1	39 20
73	108	0.4	1	79 29
74	111	0.4	1	84 27
75	140	0.4	1	103 37
76	113	0.4	1	87 26
77	105	0.4	1	89 16
78	129	0.4	1	100 29
79	100	0.4	1	86 14
80	117	0.4	1	100 17
81	121	0.4	1	89 32
82	119	0.4	1	87 32
83	107	0.4	1	75 32
84	75	0.4	1	48 27
85	94	0.4	1	67 27
86	74	0.4	1	47 27
87	75	0.4	1	55 20
88	75	0.4	1	51 24
89	97	0.4	1	74 23
90	63	0.4	1	39 24
91	69	0.4	1	42 27
92	64	0.4	1	37 27
93	58	0.4	1	32 26
94	57	0.4	1	35 22
95	61	0.4	1	39 22
96	56	0.4	1	33 23
97	61	0.4	1	43 18
98	49	0.4	1	29 20
99	57	0.4	1	37 20
100	71	0.4	1	34 37
101	63	0.4	1	33 30
102	53	0.4	1	28 25
103	51	0.4	1	25 26
104	39	0.4	1	26 13
105	39	0.4	1	17 22
106	34	0.4	1	13 21
107	49	0.4	1	31 18
108	34	0.4	1	9 25
109	49	0.4	1	21 28
110	29	0.4	1	11 18
111	30	0.4	1	10 20
112	44	0.4	1	19 25
113	35	0.4	1	24 11
114	28	0.4	1	12 16
115	36	0.4	1	18 18
116	36	0.4	1	14 22
117	32	0.4	1	16 16
118	29	0.4	1	13 16
119	26	0.4	1	8 18
120	25	0.4	1	9 16
121	25	0.4	1	10 15
122	33	0.4	1	8 25
123	25	0.4	1	10 15
124	30	0.4	1	14 16
125	21	0.4	1	7 14
126	31	0.4	1	12 19
127	15	0.4	1	5 10
128	33	0.4	1	9 24
129	22	0.4	1	1 21
130	20	0.4	1	6 14
131	24	0.4	1	5 19
132	29	0.4	1	9 20
133	25	0.4	1	9 16
134	21	0.4	1	5 16
135	9	0.4	1	2 7
136	23	0.4	1	5 18
137	13	0.4	1	1 12
138	22	0.4	1	6 16
139	17	0.4	1	4 13
140	19	0.4	1	3 16
141	20	0.4	1	12 8
142	19	0.4	1	1 18
143	14	0.4	1	3 11
144	29	0.4	1	1 28
145	6	0.4	1	2 4
146	25	0.4	1	5 20
147	26	0.4	1	5 21
148	18	0.4	1	1 17
149	20	0.4	1	0 20
150	1027	0.4	1	2 1025

RUN STATISTICS FOR INPUT FILE: s117_R1_001.fastq.gz
=============================================
25832058 sequences processed in total

