
SUMMARISING RUN PARAMETERS
==========================
Input filename: s118_R1_001.fastq.gz
Trimming mode: paired-end
Trim Galore version: 0.6.10
Cutadapt version: 3.4
Number of cores used for trimming: 1
Quality Phred score cutoff: 20
Quality encoding type selected: ASCII+33
Using Illumina adapter for trimming (count: 4336). Second best hit was Nextera (count: 10)
Adapter sequence: 'AGATCGGAAGAGC' (Illumina TruSeq, Sanger iPCR; auto-detected)
Maximum trimming error rate: 0.1 (default)
Minimum required adapter overlap (stringency): 1 bp
Minimum required sequence length for both reads before a sequence pair gets removed: 20 bp
Running FastQC on the data once trimming has completed
Output file will be GZIP compressed


This is cutadapt 3.4 with Python 3.9.2
Command line parameters: -j 1 -e 0.1 -q 20 -O 1 -a AGATCGGAAGAGC s118_R1_001.fastq.gz
Processing reads on 1 core in single-end mode ...
Finished in 1621.83 s (79 µs/read; 0.76 M reads/minute).

=== Summary ===

Total reads processed:              20,452,743
Reads with adapters:                 7,537,077 (36.9%)
Reads written (passing filters):    20,452,743 (100.0%)

Total basepairs processed: 3,067,911,450 bp
Quality-trimmed:               6,077,217 bp (0.2%)
Total written (filtered):  3,048,709,599 bp (99.4%)

=== Adapter 1 ===

Sequence: AGATCGGAAGAGC; Type: regular 3'; Length: 13; Trimmed: 7537077 times

No. of allowed errors:
1-9 bp: 0; 10-13 bp: 1

Bases preceding removed adapters:
  A: 37.2%
  C: 24.1%
  G: 16.7%
  T: 22.0%
  none/other: 0.0%

Overview of removed sequences
length	count	expect	max.err	error counts
1	5745128	5113185.8	0	5745128
2	1167137	1278296.4	0	1167137
3	376674	319574.1	0	376674
4	89156	79893.5	0	89156
5	22162	19973.4	0	22162
6	8313	4993.3	0	8313
7	5783	1248.3	0	5783
8	6037	312.1	0	6037
9	5327	78.0	0	4969 358
10	5403	19.5	1	4705 698
11	5241	4.9	1	4642 599
12	4985	1.2	1	4583 402
13	4296	0.3	1	4042 254
14	4482	0.3	1	4158 324
15	4100	0.3	1	3811 289
16	4049	0.3	1	3728 321
17	4151	0.3	1	3840 311
18	3411	0.3	1	3222 189
19	3160	0.3	1	2967 193
20	3322	0.3	1	3101 221
21	3438	0.3	1	3212 226
22	3029	0.3	1	2865 164
23	3041	0.3	1	2836 205
24	2899	0.3	1	2670 229
25	2700	0.3	1	2522 178
26	2518	0.3	1	2364 154
27	2542	0.3	1	2369 173
28	2364	0.3	1	2217 147
29	2302	0.3	1	2109 193
30	2127	0.3	1	1996 131
31	2014	0.3	1	1912 102
32	2067	0.3	1	1961 106
33	1831	0.3	1	1733 98
34	1826	0.3	1	1697 129
35	1592	0.3	1	1512 80
36	1571	0.3	1	1447 124
37	1538	0.3	1	1437 101
38	1328	0.3	1	1259 69
39	1290	0.3	1	1214 76
40	1310	0.3	1	1229 81
41	1168	0.3	1	1097 71
42	1180	0.3	1	1092 88
43	1152	0.3	1	1067 85
44	973	0.3	1	904 69
45	1568	0.3	1	1493 75
46	358	0.3	1	310 48
47	782	0.3	1	739 43
48	1087	0.3	1	1030 57
49	768	0.3	1	707 61
50	543	0.3	1	489 54
51	794	0.3	1	740 54
52	556	0.3	1	509 47
53	501	0.3	1	453 48
54	610	0.3	1	572 38
55	708	0.3	1	664 44
56	438	0.3	1	393 45
57	578	0.3	1	544 34
58	391	0.3	1	367 24
59	415	0.3	1	386 29
60	247	0.3	1	224 23
61	179	0.3	1	161 18
62	456	0.3	1	423 33
63	349	0.3	1	327 22
64	181	0.3	1	166 15
65	195	0.3	1	168 27
66	511	0.3	1	494 17
67	142	0.3	1	127 15
68	224	0.3	1	202 22
69	125	0.3	1	91 34
70	70	0.3	1	54 16
71	25	0.3	1	13 12
72	53	0.3	1	38 15
73	87	0.3	1	74 13
74	99	0.3	1	83 16
75	94	0.3	1	75 19
76	106	0.3	1	84 22
77	108	0.3	1	95 13
78	101	0.3	1	81 20
79	88	0.3	1	67 21
80	91	0.3	1	78 13
81	83	0.3	1	67 16
82	92	0.3	1	73 19
83	79	0.3	1	61 18
84	66	0.3	1	52 14
85	96	0.3	1	76 20
86	60	0.3	1	48 12
87	83	0.3	1	66 17
88	62	0.3	1	43 19
89	77	0.3	1	60 17
90	62	0.3	1	41 21
91	48	0.3	1	35 13
92	53	0.3	1	36 17
93	57	0.3	1	38 19
94	52	0.3	1	34 18
95	39	0.3	1	20 19
96	48	0.3	1	20 28
97	48	0.3	1	35 13
98	43	0.3	1	21 22
99	34	0.3	1	17 17
100	41	0.3	1	17 24
101	42	0.3	1	23 19
102	44	0.3	1	25 19
103	34	0.3	1	20 14
104	25	0.3	1	17 8
105	34	0.3	1	23 11
106	22	0.3	1	13 9
107	34	0.3	1	17 17
108	27	0.3	1	14 13
109	29	0.3	1	10 19
110	29	0.3	1	12 17
111	17	0.3	1	8 9
112	29	0.3	1	7 22
113	19	0.3	1	9 10
114	28	0.3	1	16 12
115	22	0.3	1	12 10
116	12	0.3	1	7 5
117	30	0.3	1	11 19
118	18	0.3	1	8 10
119	29	0.3	1	11 18
120	20	0.3	1	9 11
121	29	0.3	1	7 22
122	20	0.3	1	4 16
123	11	0.3	1	2 9
124	25	0.3	1	6 19
125	17	0.3	1	9 8
126	14	0.3	1	5 9
127	20	0.3	1	8 12
128	17	0.3	1	6 11
129	21	0.3	1	3 18
130	12	0.3	1	2 10
131	11	0.3	1	1 10
132	15	0.3	1	4 11
133	16	0.3	1	2 14
134	14	0.3	1	0 14
135	14	0.3	1	0 14
136	14	0.3	1	4 10
137	10	0.3	1	0 10
138	9	0.3	1	0 9
139	15	0.3	1	3 12
140	15	0.3	1	4 11
141	8	0.3	1	2 6
142	13	0.3	1	2 11
143	10	0.3	1	2 8
144	8	0.3	1	3 5
145	12	0.3	1	2 10
146	13	0.3	1	0 13
147	8	0.3	1	2 6
148	12	0.3	1	0 12
149	10	0.3	1	0 10
150	1152	0.3	1	7 1145

RUN STATISTICS FOR INPUT FILE: s118_R1_001.fastq.gz
=============================================
20452743 sequences processed in total

