
SUMMARISING RUN PARAMETERS
==========================
Input filename: s119_R1_001.fastq.gz
Trimming mode: paired-end
Trim Galore version: 0.6.10
Cutadapt version: 3.4
Number of cores used for trimming: 1
Quality Phred score cutoff: 20
Quality encoding type selected: ASCII+33
Using Illumina adapter for trimming (count: 1937). Second best hit was Nextera (count: 11)
Adapter sequence: 'AGATCGGAAGAGC' (Illumina TruSeq, Sanger iPCR; auto-detected)
Maximum trimming error rate: 0.1 (default)
Minimum required adapter overlap (stringency): 1 bp
Minimum required sequence length for both reads before a sequence pair gets removed: 20 bp
Running FastQC on the data once trimming has completed
Output file will be GZIP compressed


This is cutadapt 3.4 with Python 3.9.2
Command line parameters: -j 1 -e 0.1 -q 20 -O 1 -a AGATCGGAAGAGC s119_R1_001.fastq.gz
Processing reads on 1 core in single-end mode ...
Finished in 2270.22 s (80 µs/read; 0.75 M reads/minute).

=== Summary ===

Total reads processed:              28,483,641
Reads with adapters:                10,044,921 (35.3%)
Reads written (passing filters):    28,483,641 (100.0%)

Total basepairs processed: 4,272,546,150 bp
Quality-trimmed:               8,358,670 bp (0.2%)
Total written (filtered):  4,248,351,748 bp (99.4%)

=== Adapter 1 ===

Sequence: AGATCGGAAGAGC; Type: regular 3'; Length: 13; Trimmed: 10044921 times

No. of allowed errors:
1-9 bp: 0; 10-13 bp: 1

Bases preceding removed adapters:
  A: 35.3%
  C: 25.8%
  G: 18.1%
  T: 20.8%
  none/other: 0.0%

Overview of removed sequences
length	count	expect	max.err	error counts
1	7609405	7120910.2	0	7609405
2	1675076	1780227.6	0	1675076
3	519254	445056.9	0	519254
4	116563	111264.2	0	116563
5	27943	27816.1	0	27943
6	8005	6954.0	0	8005
7	4254	1738.5	0	4254
8	4053	434.6	0	4053
9	3632	108.7	0	3129 503
10	3996	27.2	1	3020 976
11	3558	6.8	1	2990 568
12	3273	1.7	1	2934 339
13	2877	0.4	1	2658 219
14	2800	0.4	1	2549 251
15	2718	0.4	1	2495 223
16	2577	0.4	1	2331 246
17	2587	0.4	1	2305 282
18	2165	0.4	1	1982 183
19	2121	0.4	1	1962 159
20	2171	0.4	1	2002 169
21	2066	0.4	1	1878 188
22	1940	0.4	1	1770 170
23	2088	0.4	1	1902 186
24	1668	0.4	1	1502 166
25	1690	0.4	1	1542 148
26	1550	0.4	1	1428 122
27	1704	0.4	1	1558 146
28	1561	0.4	1	1426 135
29	1384	0.4	1	1263 121
30	1440	0.4	1	1323 117
31	1185	0.4	1	1092 93
32	1251	0.4	1	1157 94
33	1184	0.4	1	1094 90
34	1104	0.4	1	1002 102
35	1179	0.4	1	1050 129
36	916	0.4	1	833 83
37	937	0.4	1	858 79
38	894	0.4	1	813 81
39	874	0.4	1	780 94
40	970	0.4	1	839 131
41	717	0.4	1	628 89
42	782	0.4	1	673 109
43	820	0.4	1	713 107
44	611	0.4	1	523 88
45	1074	0.4	1	952 122
46	301	0.4	1	247 54
47	401	0.4	1	339 62
48	726	0.4	1	642 84
49	435	0.4	1	371 64
50	363	0.4	1	302 61
51	516	0.4	1	458 58
52	445	0.4	1	374 71
53	317	0.4	1	257 60
54	402	0.4	1	340 62
55	576	0.4	1	517 59
56	331	0.4	1	287 44
57	395	0.4	1	342 53
58	268	0.4	1	223 45
59	293	0.4	1	239 54
60	187	0.4	1	157 30
61	155	0.4	1	105 50
62	321	0.4	1	268 53
63	264	0.4	1	227 37
64	145	0.4	1	113 32
65	146	0.4	1	96 50
66	328	0.4	1	286 42
67	129	0.4	1	95 34
68	169	0.4	1	127 42
69	81	0.4	1	46 35
70	73	0.4	1	44 29
71	56	0.4	1	17 39
72	75	0.4	1	39 36
73	98	0.4	1	68 30
74	120	0.4	1	77 43
75	90	0.4	1	71 19
76	151	0.4	1	93 58
77	113	0.4	1	89 24
78	140	0.4	1	87 53
79	120	0.4	1	73 47
80	139	0.4	1	100 39
81	121	0.4	1	74 47
82	103	0.4	1	63 40
83	130	0.4	1	83 47
84	96	0.4	1	65 31
85	105	0.4	1	56 49
86	86	0.4	1	58 28
87	101	0.4	1	58 43
88	88	0.4	1	47 41
89	106	0.4	1	69 37
90	78	0.4	1	43 35
91	84	0.4	1	56 28
92	110	0.4	1	61 49
93	95	0.4	1	59 36
94	90	0.4	1	57 33
95	76	0.4	1	42 34
96	96	0.4	1	42 54
97	94	0.4	1	50 44
98	72	0.4	1	35 37
99	80	0.4	1	44 36
100	87	0.4	1	38 49
101	73	0.4	1	31 42
102	77	0.4	1	40 37
103	50	0.4	1	24 26
104	66	0.4	1	28 38
105	62	0.4	1	31 31
106	62	0.4	1	28 34
107	46	0.4	1	25 21
108	60	0.4	1	31 29
109	64	0.4	1	17 47
110	58	0.4	1	31 27
111	58	0.4	1	25 33
112	56	0.4	1	28 28
113	46	0.4	1	18 28
114	63	0.4	1	29 34
115	71	0.4	1	28 43
116	54	0.4	1	25 29
117	45	0.4	1	14 31
118	43	0.4	1	14 29
119	45	0.4	1	18 27
120	66	0.4	1	21 45
121	32	0.4	1	12 20
122	36	0.4	1	16 20
123	44	0.4	1	12 32
124	38	0.4	1	15 23
125	37	0.4	1	16 21
126	24	0.4	1	3 21
127	32	0.4	1	12 20
128	38	0.4	1	18 20
129	30	0.4	1	8 22
130	21	0.4	1	8 13
131	28	0.4	1	8 20
132	28	0.4	1	8 20
133	36	0.4	1	7 29
134	23	0.4	1	4 19
135	25	0.4	1	5 20
136	26	0.4	1	6 20
137	26	0.4	1	3 23
138	26	0.4	1	7 19
139	30	0.4	1	6 24
140	22	0.4	1	4 18
141	21	0.4	1	6 15
142	21	0.4	1	4 17
143	32	0.4	1	6 26
144	23	0.4	1	2 21
145	23	0.4	1	3 20
146	24	0.4	1	4 20
147	25	0.4	1	9 16
148	21	0.4	1	6 15
149	25	0.4	1	0 25
150	1555	0.4	1	3 1552

RUN STATISTICS FOR INPUT FILE: s119_R1_001.fastq.gz
=============================================
28483641 sequences processed in total

