
SUMMARISING RUN PARAMETERS
==========================
Input filename: s120_R1_001.fastq.gz
Trimming mode: paired-end
Trim Galore version: 0.6.10
Cutadapt version: 3.4
Number of cores used for trimming: 1
Quality Phred score cutoff: 20
Quality encoding type selected: ASCII+33
Using Illumina adapter for trimming (count: 2330). Second best hit was Nextera (count: 4)
Adapter sequence: 'AGATCGGAAGAGC' (Illumina TruSeq, Sanger iPCR; auto-detected)
Maximum trimming error rate: 0.1 (default)
Minimum required adapter overlap (stringency): 1 bp
Minimum required sequence length for both reads before a sequence pair gets removed: 20 bp
Running FastQC on the data once trimming has completed
Output file will be GZIP compressed


This is cutadapt 3.4 with Python 3.9.2
Command line parameters: -j 1 -e 0.1 -q 20 -O 1 -a AGATCGGAAGAGC s120_R1_001.fastq.gz
Processing reads on 1 core in single-end mode ...
Finished in 1907.51 s (79 µs/read; 0.76 M reads/minute).

=== Summary ===

Total reads processed:              24,286,852
Reads with adapters:                 8,808,461 (36.3%)
Reads written (passing filters):    24,286,852 (100.0%)

Total basepairs processed: 3,643,027,800 bp
Quality-trimmed:               7,324,180 bp (0.2%)
Total written (filtered):  3,621,765,292 bp (99.4%)

=== Adapter 1 ===

Sequence: AGATCGGAAGAGC; Type: regular 3'; Length: 13; Trimmed: 8808461 times

No. of allowed errors:
1-9 bp: 0; 10-13 bp: 1

Bases preceding removed adapters:
  A: 36.5%
  C: 24.4%
  G: 17.0%
  T: 22.1%
  none/other: 0.0%

Overview of removed sequences
length	count	expect	max.err	error counts
1	6752291	6071713.0	0	6752291
2	1388875	1517928.2	0	1388875
3	448272	379482.1	0	448272
4	104049	94870.5	0	104049
5	23268	23717.6	0	23268
6	6619	5929.4	0	6619
7	3790	1482.4	0	3790
8	3641	370.6	0	3641
9	3469	92.6	0	3081 388
10	3525	23.2	1	2831 694
11	3461	5.8	1	2922 539
12	3175	1.4	1	2861 314
13	2717	0.4	1	2537 180
14	2643	0.4	1	2408 235
15	2543	0.4	1	2366 177
16	2626	0.4	1	2410 216
17	2686	0.4	1	2452 234
18	2325	0.4	1	2163 162
19	1900	0.4	1	1775 125
20	2089	0.4	1	1960 129
21	2116	0.4	1	1977 139
22	1993	0.4	1	1845 148
23	1938	0.4	1	1780 158
24	1750	0.4	1	1612 138
25	1652	0.4	1	1525 127
26	1666	0.4	1	1574 92
27	1642	0.4	1	1506 136
28	1486	0.4	1	1378 108
29	1374	0.4	1	1248 126
30	1405	0.4	1	1296 109
31	1313	0.4	1	1223 90
32	1179	0.4	1	1094 85
33	1266	0.4	1	1149 117
34	1129	0.4	1	1065 64
35	1164	0.4	1	1069 95
36	1039	0.4	1	934 105
37	954	0.4	1	873 81
38	901	0.4	1	836 65
39	922	0.4	1	858 64
40	786	0.4	1	685 101
41	808	0.4	1	737 71
42	764	0.4	1	687 77
43	834	0.4	1	744 90
44	659	0.4	1	593 66
45	1203	0.4	1	1104 99
46	350	0.4	1	299 51
47	545	0.4	1	483 62
48	2024	0.4	1	1920 104
49	550	0.4	1	507 43
50	184	0.4	1	147 37
51	591	0.4	1	548 43
52	382	0.4	1	347 35
53	126	0.4	1	92 34
54	420	0.4	1	375 45
55	528	0.4	1	495 33
56	158	0.4	1	131 27
57	167	0.4	1	135 32
58	92	0.4	1	70 22
59	192	0.4	1	154 38
60	60	0.4	1	39 21
61	68	0.4	1	43 25
62	224	0.4	1	194 30
63	89	0.4	1	67 22
64	73	0.4	1	47 26
65	85	0.4	1	58 27
66	185	0.4	1	159 26
67	41	0.4	1	24 17
68	74	0.4	1	57 17
69	76	0.4	1	45 31
70	66	0.4	1	41 25
71	35	0.4	1	15 20
72	34	0.4	1	23 11
73	68	0.4	1	50 18
74	75	0.4	1	49 26
75	101	0.4	1	85 16
76	86	0.4	1	68 18
77	95	0.4	1	70 25
78	85	0.4	1	70 15
79	103	0.4	1	76 27
80	81	0.4	1	62 19
81	89	0.4	1	61 28
82	76	0.4	1	55 21
83	73	0.4	1	57 16
84	91	0.4	1	51 40
85	71	0.4	1	41 30
86	68	0.4	1	42 26
87	71	0.4	1	51 20
88	76	0.4	1	45 31
89	73	0.4	1	45 28
90	77	0.4	1	50 27
91	55	0.4	1	31 24
92	64	0.4	1	39 25
93	72	0.4	1	40 32
94	60	0.4	1	35 25
95	52	0.4	1	30 22
96	57	0.4	1	31 26
97	48	0.4	1	26 22
98	53	0.4	1	29 24
99	58	0.4	1	33 25
100	51	0.4	1	21 30
101	45	0.4	1	21 24
102	37	0.4	1	20 17
103	46	0.4	1	26 20
104	45	0.4	1	26 19
105	39	0.4	1	19 20
106	40	0.4	1	25 15
107	45	0.4	1	28 17
108	43	0.4	1	23 20
109	50	0.4	1	27 23
110	29	0.4	1	16 13
111	35	0.4	1	14 21
112	43	0.4	1	19 24
113	36	0.4	1	14 22
114	38	0.4	1	21 17
115	28	0.4	1	8 20
116	34	0.4	1	16 18
117	31	0.4	1	18 13
118	36	0.4	1	17 19
119	20	0.4	1	11 9
120	33	0.4	1	14 19
121	21	0.4	1	11 10
122	33	0.4	1	16 17
123	21	0.4	1	5 16
124	21	0.4	1	6 15
125	23	0.4	1	5 18
126	36	0.4	1	16 20
127	20	0.4	1	2 18
128	21	0.4	1	7 14
129	23	0.4	1	10 13
130	15	0.4	1	2 13
131	24	0.4	1	11 13
132	22	0.4	1	11 11
133	17	0.4	1	3 14
134	32	0.4	1	7 25
135	19	0.4	1	2 17
136	14	0.4	1	5 9
137	18	0.4	1	1 17
138	16	0.4	1	1 15
139	13	0.4	1	5 8
140	22	0.4	1	5 17
141	10	0.4	1	4 6
142	13	0.4	1	2 11
143	16	0.4	1	4 12
144	14	0.4	1	5 9
145	16	0.4	1	2 14
146	21	0.4	1	9 12
147	20	0.4	1	3 17
148	7	0.4	1	1 6
149	23	0.4	1	0 23
150	1782	0.4	1	4 1778

RUN STATISTICS FOR INPUT FILE: s120_R1_001.fastq.gz
=============================================
24286852 sequences processed in total

