
SUMMARISING RUN PARAMETERS
==========================
Input filename: s122_R1_001.fastq.gz
Trimming mode: paired-end
Trim Galore version: 0.6.10
Cutadapt version: 3.4
Number of cores used for trimming: 1
Quality Phred score cutoff: 20
Quality encoding type selected: ASCII+33
Using Illumina adapter for trimming (count: 5973). Second best hit was Nextera (count: 5)
Adapter sequence: 'AGATCGGAAGAGC' (Illumina TruSeq, Sanger iPCR; auto-detected)
Maximum trimming error rate: 0.1 (default)
Minimum required adapter overlap (stringency): 1 bp
Minimum required sequence length for both reads before a sequence pair gets removed: 20 bp
Running FastQC on the data once trimming has completed
Output file will be GZIP compressed


This is cutadapt 3.4 with Python 3.9.2
Command line parameters: -j 1 -e 0.1 -q 20 -O 1 -a AGATCGGAAGAGC s122_R1_001.fastq.gz
Processing reads on 1 core in single-end mode ...
Finished in 1522.19 s (78 µs/read; 0.76 M reads/minute).

=== Summary ===

Total reads processed:              19,402,705
Reads with adapters:                 7,002,329 (36.1%)
Reads written (passing filters):    19,402,705 (100.0%)

Total basepairs processed: 2,910,405,750 bp
Quality-trimmed:               5,438,738 bp (0.2%)
Total written (filtered):  2,891,534,615 bp (99.4%)

=== Adapter 1 ===

Sequence: AGATCGGAAGAGC; Type: regular 3'; Length: 13; Trimmed: 7002329 times

No. of allowed errors:
1-9 bp: 0; 10-13 bp: 1

Bases preceding removed adapters:
  A: 36.4%
  C: 24.6%
  G: 17.7%
  T: 21.4%
  none/other: 0.0%

Overview of removed sequences
length	count	expect	max.err	error counts
1	5265487	4850676.2	0	5265487
2	1105535	1212669.1	0	1105535
3	350725	303167.3	0	350725
4	85319	75791.8	0	85319
5	23864	18948.0	0	23864
6	9952	4737.0	0	9952
7	7228	1184.2	0	7228
8	7220	296.1	0	7220
9	6200	74.0	0	5885 315
10	6370	18.5	1	5546 824
11	6627	4.6	1	5891 736
12	6268	1.2	1	5825 443
13	5433	0.3	1	5101 332
14	5385	0.3	1	4959 426
15	5203	0.3	1	4882 321
16	4891	0.3	1	4534 357
17	5183	0.3	1	4767 416
18	4376	0.3	1	4131 245
19	4126	0.3	1	3876 250
20	4149	0.3	1	3838 311
21	4015	0.3	1	3742 273
22	3895	0.3	1	3652 243
23	3995	0.3	1	3740 255
24	3142	0.3	1	2917 225
25	3284	0.3	1	3093 191
26	3091	0.3	1	2910 181
27	3080	0.3	1	2892 188
28	2916	0.3	1	2733 183
29	2677	0.3	1	2479 198
30	2714	0.3	1	2593 121
31	2254	0.3	1	2133 121
32	2440	0.3	1	2264 176
33	2255	0.3	1	2129 126
34	2151	0.3	1	2024 127
35	2209	0.3	1	2052 157
36	1805	0.3	1	1698 107
37	1690	0.3	1	1611 79
38	1632	0.3	1	1529 103
39	1650	0.3	1	1569 81
40	1869	0.3	1	1764 105
41	1420	0.3	1	1328 92
42	1484	0.3	1	1414 70
43	1643	0.3	1	1540 103
44	1132	0.3	1	1061 71
45	2304	0.3	1	2213 91
46	538	0.3	1	485 53
47	790	0.3	1	739 51
48	1544	0.3	1	1477 67
49	886	0.3	1	831 55
50	658	0.3	1	615 43
51	1065	0.3	1	991 74
52	859	0.3	1	807 52
53	598	0.3	1	556 42
54	891	0.3	1	823 68
55	1230	0.3	1	1163 67
56	633	0.3	1	596 37
57	855	0.3	1	800 55
58	574	0.3	1	532 42
59	580	0.3	1	542 38
60	375	0.3	1	337 38
61	231	0.3	1	202 29
62	793	0.3	1	755 38
63	565	0.3	1	521 44
64	262	0.3	1	235 27
65	263	0.3	1	230 33
66	836	0.3	1	802 34
67	229	0.3	1	208 21
68	301	0.3	1	276 25
69	141	0.3	1	124 17
70	96	0.3	1	75 21
71	45	0.3	1	30 15
72	102	0.3	1	80 22
73	179	0.3	1	158 21
74	193	0.3	1	172 21
75	214	0.3	1	191 23
76	205	0.3	1	189 16
77	175	0.3	1	152 23
78	204	0.3	1	181 23
79	198	0.3	1	177 21
80	183	0.3	1	164 19
81	197	0.3	1	172 25
82	183	0.3	1	158 25
83	169	0.3	1	146 23
84	158	0.3	1	123 35
85	133	0.3	1	112 21
86	140	0.3	1	117 23
87	125	0.3	1	102 23
88	108	0.3	1	87 21
89	106	0.3	1	91 15
90	109	0.3	1	87 22
91	100	0.3	1	76 24
92	99	0.3	1	72 27
93	86	0.3	1	70 16
94	88	0.3	1	66 22
95	71	0.3	1	58 13
96	81	0.3	1	51 30
97	83	0.3	1	65 18
98	62	0.3	1	43 19
99	72	0.3	1	52 20
100	74	0.3	1	52 22
101	58	0.3	1	42 16
102	48	0.3	1	33 15
103	32	0.3	1	15 17
104	36	0.3	1	24 12
105	51	0.3	1	29 22
106	56	0.3	1	36 20
107	47	0.3	1	20 27
108	47	0.3	1	29 18
109	36	0.3	1	19 17
110	43	0.3	1	22 21
111	41	0.3	1	25 16
112	37	0.3	1	18 19
113	32	0.3	1	10 22
114	33	0.3	1	12 21
115	28	0.3	1	17 11
116	27	0.3	1	17 10
117	31	0.3	1	14 17
118	34	0.3	1	16 18
119	25	0.3	1	17 8
120	22	0.3	1	7 15
121	17	0.3	1	2 15
122	21	0.3	1	8 13
123	40	0.3	1	8 32
124	26	0.3	1	6 20
125	11	0.3	1	3 8
126	16	0.3	1	3 13
127	21	0.3	1	6 15
128	28	0.3	1	9 19
129	20	0.3	1	8 12
130	26	0.3	1	9 17
131	21	0.3	1	3 18
132	19	0.3	1	2 17
133	20	0.3	1	7 13
134	26	0.3	1	5 21
135	16	0.3	1	4 12
136	24	0.3	1	4 20
137	15	0.3	1	3 12
138	10	0.3	1	0 10
139	15	0.3	1	2 13
140	15	0.3	1	3 12
141	15	0.3	1	1 14
142	24	0.3	1	5 19
143	7	0.3	1	2 5
144	13	0.3	1	1 12
145	15	0.3	1	7 8
146	17	0.3	1	3 14
147	20	0.3	1	3 17
148	9	0.3	1	1 8
149	21	0.3	1	0 21
150	994	0.3	1	3 991

RUN STATISTICS FOR INPUT FILE: s122_R1_001.fastq.gz
=============================================
19402705 sequences processed in total

