
SUMMARISING RUN PARAMETERS
==========================
Input filename: s124_R1_001.fastq.gz
Trimming mode: paired-end
Trim Galore version: 0.6.10
Cutadapt version: 3.4
Number of cores used for trimming: 1
Quality Phred score cutoff: 20
Quality encoding type selected: ASCII+33
Using Illumina adapter for trimming (count: 3050). Second best hit was Nextera (count: 9)
Adapter sequence: 'AGATCGGAAGAGC' (Illumina TruSeq, Sanger iPCR; auto-detected)
Maximum trimming error rate: 0.1 (default)
Minimum required adapter overlap (stringency): 1 bp
Minimum required sequence length for both reads before a sequence pair gets removed: 20 bp
Running FastQC on the data once trimming has completed
Output file will be GZIP compressed


This is cutadapt 3.4 with Python 3.9.2
Command line parameters: -j 1 -e 0.1 -q 20 -O 1 -a AGATCGGAAGAGC s124_R1_001.fastq.gz
Processing reads on 1 core in single-end mode ...
Finished in 2057.29 s (79 µs/read; 0.76 M reads/minute).

=== Summary ===

Total reads processed:              25,906,864
Reads with adapters:                 9,366,819 (36.2%)
Reads written (passing filters):    25,906,864 (100.0%)

Total basepairs processed: 3,886,029,600 bp
Quality-trimmed:               7,586,087 bp (0.2%)
Total written (filtered):  3,862,980,885 bp (99.4%)

=== Adapter 1 ===

Sequence: AGATCGGAAGAGC; Type: regular 3'; Length: 13; Trimmed: 9366819 times

No. of allowed errors:
1-9 bp: 0; 10-13 bp: 1

Bases preceding removed adapters:
  A: 36.2%
  C: 25.0%
  G: 17.3%
  T: 21.5%
  none/other: 0.0%

Overview of removed sequences
length	count	expect	max.err	error counts
1	7109905	6476716.0	0	7109905
2	1506475	1619179.0	0	1506475
3	477733	404794.8	0	477733
4	110753	101198.7	0	110753
5	27744	25299.7	0	27744
6	9627	6324.9	0	9627
7	6608	1581.2	0	6608
8	6278	395.3	0	6278
9	5633	98.8	0	5169 464
10	5934	24.7	1	5001 933
11	5662	6.2	1	4973 689
12	5346	1.5	1	4932 414
13	4536	0.4	1	4260 276
14	4585	0.4	1	4224 361
15	4331	0.4	1	4055 276
16	4152	0.4	1	3834 318
17	4160	0.4	1	3817 343
18	3537	0.4	1	3317 220
19	3319	0.4	1	3104 215
20	3392	0.4	1	3164 228
21	3186	0.4	1	2970 216
22	2870	0.4	1	2688 182
23	3123	0.4	1	2873 250
24	2634	0.4	1	2416 218
25	2518	0.4	1	2348 170
26	2216	0.4	1	2058 158
27	2288	0.4	1	2129 159
28	2237	0.4	1	2088 149
29	1909	0.4	1	1756 153
30	1957	0.4	1	1835 122
31	1720	0.4	1	1621 99
32	1707	0.4	1	1598 109
33	1507	0.4	1	1405 102
34	1535	0.4	1	1446 89
35	1542	0.4	1	1427 115
36	1200	0.4	1	1125 75
37	1251	0.4	1	1168 83
38	1088	0.4	1	1010 78
39	1071	0.4	1	997 74
40	1128	0.4	1	1048 80
41	837	0.4	1	778 59
42	870	0.4	1	807 63
43	882	0.4	1	803 79
44	719	0.4	1	644 75
45	1182	0.4	1	1087 95
46	354	0.4	1	310 44
47	463	0.4	1	422 41
48	847	0.4	1	774 73
49	439	0.4	1	391 48
50	374	0.4	1	330 44
51	559	0.4	1	497 62
52	433	0.4	1	393 40
53	354	0.4	1	315 39
54	432	0.4	1	384 48
55	652	0.4	1	605 47
56	332	0.4	1	294 38
57	447	0.4	1	398 49
58	265	0.4	1	228 37
59	277	0.4	1	251 26
60	190	0.4	1	160 30
61	155	0.4	1	125 30
62	352	0.4	1	306 46
63	272	0.4	1	242 30
64	111	0.4	1	95 16
65	120	0.4	1	99 21
66	378	0.4	1	333 45
67	144	0.4	1	106 38
68	163	0.4	1	142 21
69	76	0.4	1	53 23
70	61	0.4	1	41 20
71	36	0.4	1	16 20
72	54	0.4	1	26 28
73	81	0.4	1	59 22
74	114	0.4	1	83 31
75	99	0.4	1	78 21
76	85	0.4	1	58 27
77	123	0.4	1	79 44
78	105	0.4	1	64 41
79	77	0.4	1	62 15
80	111	0.4	1	78 33
81	100	0.4	1	69 31
82	85	0.4	1	65 20
83	84	0.4	1	53 31
84	88	0.4	1	55 33
85	82	0.4	1	51 31
86	82	0.4	1	52 30
87	77	0.4	1	50 27
88	64	0.4	1	33 31
89	61	0.4	1	41 20
90	80	0.4	1	45 35
91	65	0.4	1	34 31
92	55	0.4	1	34 21
93	40	0.4	1	23 17
94	67	0.4	1	35 32
95	43	0.4	1	20 23
96	48	0.4	1	16 32
97	59	0.4	1	28 31
98	58	0.4	1	27 31
99	55	0.4	1	27 28
100	53	0.4	1	33 20
101	44	0.4	1	26 18
102	28	0.4	1	13 15
103	45	0.4	1	18 27
104	43	0.4	1	16 27
105	51	0.4	1	20 31
106	51	0.4	1	22 29
107	55	0.4	1	30 25
108	50	0.4	1	13 37
109	35	0.4	1	14 21
110	34	0.4	1	11 23
111	48	0.4	1	18 30
112	41	0.4	1	10 31
113	27	0.4	1	12 15
114	34	0.4	1	9 25
115	41	0.4	1	22 19
116	36	0.4	1	18 18
117	42	0.4	1	16 26
118	29	0.4	1	15 14
119	29	0.4	1	9 20
120	36	0.4	1	11 25
121	43	0.4	1	11 32
122	31	0.4	1	11 20
123	23	0.4	1	7 16
124	30	0.4	1	10 20
125	27	0.4	1	12 15
126	33	0.4	1	7 26
127	28	0.4	1	10 18
128	36	0.4	1	10 26
129	32	0.4	1	8 24
130	25	0.4	1	8 17
131	36	0.4	1	10 26
132	21	0.4	1	6 15
133	22	0.4	1	4 18
134	25	0.4	1	3 22
135	26	0.4	1	3 23
136	22	0.4	1	7 15
137	28	0.4	1	6 22
138	20	0.4	1	4 16
139	18	0.4	1	4 14
140	11	0.4	1	3 8
141	26	0.4	1	8 18
142	14	0.4	1	3 11
143	13	0.4	1	0 13
144	10	0.4	1	2 8
145	21	0.4	1	0 21
146	17	0.4	1	2 15
147	17	0.4	1	4 13
148	17	0.4	1	0 17
149	18	0.4	1	0 18
150	1962	0.4	1	3 1959

RUN STATISTICS FOR INPUT FILE: s124_R1_001.fastq.gz
=============================================
25906864 sequences processed in total

