
SUMMARISING RUN PARAMETERS
==========================
Input filename: s125_R1_001.fastq.gz
Trimming mode: paired-end
Trim Galore version: 0.6.10
Cutadapt version: 3.4
Number of cores used for trimming: 1
Quality Phred score cutoff: 20
Quality encoding type selected: ASCII+33
Using Illumina adapter for trimming (count: 3093). Second best hit was Nextera (count: 7)
Adapter sequence: 'AGATCGGAAGAGC' (Illumina TruSeq, Sanger iPCR; auto-detected)
Maximum trimming error rate: 0.1 (default)
Minimum required adapter overlap (stringency): 1 bp
Minimum required sequence length for both reads before a sequence pair gets removed: 20 bp
Running FastQC on the data once trimming has completed
Output file will be GZIP compressed


This is cutadapt 3.4 with Python 3.9.2
Command line parameters: -j 1 -e 0.1 -q 20 -O 1 -a AGATCGGAAGAGC s125_R1_001.fastq.gz
Processing reads on 1 core in single-end mode ...
Finished in 2133.28 s (81 µs/read; 0.74 M reads/minute).

=== Summary ===

Total reads processed:              26,405,304
Reads with adapters:                 9,321,247 (35.3%)
Reads written (passing filters):    26,405,304 (100.0%)

Total basepairs processed: 3,960,795,600 bp
Quality-trimmed:               7,406,815 bp (0.2%)
Total written (filtered):  3,937,913,092 bp (99.4%)

=== Adapter 1 ===

Sequence: AGATCGGAAGAGC; Type: regular 3'; Length: 13; Trimmed: 9321247 times

No. of allowed errors:
1-9 bp: 0; 10-13 bp: 1

Bases preceding removed adapters:
  A: 35.6%
  C: 25.3%
  G: 18.1%
  T: 21.1%
  none/other: 0.0%

Overview of removed sequences
length	count	expect	max.err	error counts
1	7054091	6601326.0	0	7054091
2	1518358	1650331.5	0	1518358
3	472187	412582.9	0	472187
4	110537	103145.7	0	110537
5	28678	25786.4	0	28678
6	10498	6446.6	0	10498
7	7000	1611.7	0	7000
8	6348	402.9	0	6348
9	5511	100.7	0	5060 451
10	5819	25.2	1	4882 937
11	5763	6.3	1	5004 759
12	5279	1.6	1	4867 412
13	4519	0.4	1	4188 331
14	4461	0.4	1	4104 357
15	4222	0.4	1	3895 327
16	4026	0.4	1	3696 330
17	4238	0.4	1	3879 359
18	3700	0.4	1	3441 259
19	3357	0.4	1	3137 220
20	3438	0.4	1	3181 257
21	3392	0.4	1	3097 295
22	3075	0.4	1	2859 216
23	3040	0.4	1	2817 223
24	2509	0.4	1	2289 220
25	2464	0.4	1	2288 176
26	2265	0.4	1	2111 154
27	2449	0.4	1	2282 167
28	2314	0.4	1	2147 167
29	2004	0.4	1	1855 149
30	2036	0.4	1	1904 132
31	1664	0.4	1	1568 96
32	1739	0.4	1	1642 97
33	1531	0.4	1	1419 112
34	1593	0.4	1	1479 114
35	1630	0.4	1	1482 148
36	1248	0.4	1	1150 98
37	1259	0.4	1	1175 84
38	1213	0.4	1	1131 82
39	1165	0.4	1	1077 88
40	1176	0.4	1	1085 91
41	890	0.4	1	818 72
42	907	0.4	1	842 65
43	1078	0.4	1	981 97
44	725	0.4	1	660 65
45	1375	0.4	1	1285 90
46	376	0.4	1	323 53
47	534	0.4	1	480 54
48	920	0.4	1	841 79
49	541	0.4	1	478 63
50	415	0.4	1	376 39
51	630	0.4	1	570 60
52	516	0.4	1	467 49
53	366	0.4	1	329 37
54	471	0.4	1	420 51
55	636	0.4	1	586 50
56	314	0.4	1	282 32
57	422	0.4	1	385 37
58	309	0.4	1	271 38
59	323	0.4	1	275 48
60	207	0.4	1	177 30
61	159	0.4	1	125 34
62	393	0.4	1	346 47
63	285	0.4	1	244 41
64	163	0.4	1	134 29
65	150	0.4	1	104 46
66	383	0.4	1	347 36
67	128	0.4	1	104 24
68	164	0.4	1	134 30
69	82	0.4	1	63 19
70	93	0.4	1	54 39
71	41	0.4	1	17 24
72	55	0.4	1	27 28
73	97	0.4	1	73 24
74	116	0.4	1	79 37
75	100	0.4	1	83 17
76	127	0.4	1	100 27
77	104	0.4	1	82 22
78	116	0.4	1	80 36
79	115	0.4	1	79 36
80	83	0.4	1	66 17
81	107	0.4	1	74 33
82	97	0.4	1	70 27
83	83	0.4	1	59 24
84	76	0.4	1	50 26
85	106	0.4	1	73 33
86	97	0.4	1	71 26
87	89	0.4	1	46 43
88	62	0.4	1	33 29
89	74	0.4	1	47 27
90	69	0.4	1	37 32
91	52	0.4	1	25 27
92	63	0.4	1	36 27
93	65	0.4	1	24 41
94	71	0.4	1	29 42
95	84	0.4	1	51 33
96	72	0.4	1	43 29
97	56	0.4	1	27 29
98	56	0.4	1	31 25
99	53	0.4	1	27 26
100	49	0.4	1	26 23
101	56	0.4	1	32 24
102	61	0.4	1	22 39
103	54	0.4	1	30 24
104	39	0.4	1	19 20
105	41	0.4	1	21 20
106	42	0.4	1	18 24
107	42	0.4	1	20 22
108	55	0.4	1	21 34
109	43	0.4	1	22 21
110	42	0.4	1	16 26
111	31	0.4	1	14 17
112	40	0.4	1	18 22
113	45	0.4	1	17 28
114	45	0.4	1	20 25
115	33	0.4	1	12 21
116	29	0.4	1	10 19
117	38	0.4	1	18 20
118	33	0.4	1	16 17
119	34	0.4	1	6 28
120	34	0.4	1	6 28
121	40	0.4	1	11 29
122	39	0.4	1	6 33
123	29	0.4	1	6 23
124	24	0.4	1	4 20
125	37	0.4	1	8 29
126	19	0.4	1	7 12
127	37	0.4	1	12 25
128	18	0.4	1	9 9
129	27	0.4	1	7 20
130	29	0.4	1	7 22
131	23	0.4	1	7 16
132	20	0.4	1	8 12
133	18	0.4	1	5 13
134	23	0.4	1	5 18
135	23	0.4	1	2 21
136	25	0.4	1	2 23
137	18	0.4	1	4 14
138	15	0.4	1	4 11
139	21	0.4	1	6 15
140	18	0.4	1	2 16
141	26	0.4	1	9 17
142	20	0.4	1	4 16
143	15	0.4	1	4 11
144	12	0.4	1	2 10
145	26	0.4	1	1 25
146	16	0.4	1	3 13
147	21	0.4	1	4 17
148	14	0.4	1	2 12
149	20	0.4	1	0 20
150	1551	0.4	1	1 1550

RUN STATISTICS FOR INPUT FILE: s125_R1_001.fastq.gz
=============================================
26405304 sequences processed in total

