
SUMMARISING RUN PARAMETERS
==========================
Input filename: s128_R1_001.fastq.gz
Trimming mode: paired-end
Trim Galore version: 0.6.10
Cutadapt version: 3.4
Number of cores used for trimming: 1
Quality Phred score cutoff: 20
Quality encoding type selected: ASCII+33
Using Illumina adapter for trimming (count: 3264). Second best hit was smallRNA (count: 6)
Adapter sequence: 'AGATCGGAAGAGC' (Illumina TruSeq, Sanger iPCR; auto-detected)
Maximum trimming error rate: 0.1 (default)
Minimum required adapter overlap (stringency): 1 bp
Minimum required sequence length for both reads before a sequence pair gets removed: 20 bp
Running FastQC on the data once trimming has completed
Output file will be GZIP compressed


This is cutadapt 3.4 with Python 3.9.2
Command line parameters: -j 1 -e 0.1 -q 20 -O 1 -a AGATCGGAAGAGC s128_R1_001.fastq.gz
Processing reads on 1 core in single-end mode ...
Finished in 1911.45 s (76 µs/read; 0.79 M reads/minute).

=== Summary ===

Total reads processed:              25,078,494
Reads with adapters:                 8,122,853 (32.4%)
Reads written (passing filters):    25,078,494 (100.0%)

Total basepairs processed: 3,761,774,100 bp
Quality-trimmed:               9,560,858 bp (0.3%)
Total written (filtered):  3,736,868,259 bp (99.3%)

=== Adapter 1 ===

Sequence: AGATCGGAAGAGC; Type: regular 3'; Length: 13; Trimmed: 8122853 times

No. of allowed errors:
1-9 bp: 0; 10-13 bp: 1

Bases preceding removed adapters:
  A: 34.5%
  C: 24.9%
  G: 20.5%
  T: 20.1%
  none/other: 0.0%

Overview of removed sequences
length	count	expect	max.err	error counts
1	6083762	6269623.5	0	6083762
2	1402697	1567405.9	0	1402697
3	388202	391851.5	0	388202
4	82954	97962.9	0	82954
5	24405	24490.7	0	24405
6	10849	6122.7	0	10849
7	5250	1530.7	0	5250
8	4516	382.7	0	4516
9	3979	95.7	0	3654 325
10	4511	23.9	1	3652 859
11	4179	6.0	1	3547 632
12	4518	1.5	1	3996 522
13	3539	0.4	1	3179 360
14	3281	0.4	1	2910 371
15	3392	0.4	1	3044 348
16	3106	0.4	1	2768 338
17	3305	0.4	1	2921 384
18	2978	0.4	1	2677 301
19	2597	0.4	1	2376 221
20	2759	0.4	1	2498 261
21	2625	0.4	1	2383 242
22	2704	0.4	1	2403 301
23	2563	0.4	1	2275 288
24	2416	0.4	1	2158 258
25	2357	0.4	1	2102 255
26	2169	0.4	1	1967 202
27	2182	0.4	1	1952 230
28	2189	0.4	1	1933 256
29	1927	0.4	1	1684 243
30	1883	0.4	1	1713 170
31	1622	0.4	1	1441 181
32	1879	0.4	1	1685 194
33	1640	0.4	1	1458 182
34	1644	0.4	1	1475 169
35	1640	0.4	1	1443 197
36	1487	0.4	1	1319 168
37	1431	0.4	1	1258 173
38	1425	0.4	1	1229 196
39	1509	0.4	1	1343 166
40	1123	0.4	1	946 177
41	1407	0.4	1	1234 173
42	1293	0.4	1	1108 185
43	1426	0.4	1	1240 186
44	1069	0.4	1	918 151
45	2109	0.4	1	1865 244
46	600	0.4	1	485 115
47	984	0.4	1	827 157
48	3799	0.4	1	3527 272
49	1303	0.4	1	1141 162
50	321	0.4	1	246 75
51	979	0.4	1	868 111
52	884	0.4	1	793 91
53	282	0.4	1	213 69
54	750	0.4	1	661 89
55	1264	0.4	1	1149 115
56	451	0.4	1	363 88
57	366	0.4	1	296 70
58	205	0.4	1	161 44
59	381	0.4	1	323 58
60	122	0.4	1	87 35
61	184	0.4	1	119 65
62	622	0.4	1	554 68
63	274	0.4	1	210 64
64	194	0.4	1	145 49
65	221	0.4	1	172 49
66	703	0.4	1	600 103
67	125	0.4	1	69 56
68	138	0.4	1	109 29
69	152	0.4	1	107 45
70	152	0.4	1	107 45
71	71	0.4	1	52 19
72	111	0.4	1	68 43
73	186	0.4	1	130 56
74	254	0.4	1	200 54
75	319	0.4	1	244 75
76	280	0.4	1	223 57
77	290	0.4	1	246 44
78	296	0.4	1	240 56
79	348	0.4	1	291 57
80	284	0.4	1	237 47
81	331	0.4	1	271 60
82	281	0.4	1	222 59
83	293	0.4	1	233 60
84	289	0.4	1	233 56
85	313	0.4	1	243 70
86	310	0.4	1	255 55
87	294	0.4	1	234 60
88	270	0.4	1	218 52
89	263	0.4	1	213 50
90	256	0.4	1	211 45
91	258	0.4	1	204 54
92	238	0.4	1	175 63
93	243	0.4	1	189 54
94	251	0.4	1	199 52
95	213	0.4	1	158 55
96	261	0.4	1	222 39
97	238	0.4	1	183 55
98	245	0.4	1	195 50
99	244	0.4	1	183 61
100	213	0.4	1	178 35
101	216	0.4	1	160 56
102	216	0.4	1	155 61
103	240	0.4	1	191 49
104	183	0.4	1	141 42
105	162	0.4	1	125 37
106	209	0.4	1	175 34
107	175	0.4	1	136 39
108	182	0.4	1	146 36
109	184	0.4	1	132 52
110	179	0.4	1	130 49
111	185	0.4	1	126 59
112	190	0.4	1	149 41
113	163	0.4	1	115 48
114	186	0.4	1	150 36
115	155	0.4	1	117 38
116	139	0.4	1	98 41
117	155	0.4	1	120 35
118	131	0.4	1	100 31
119	154	0.4	1	105 49
120	138	0.4	1	119 19
121	156	0.4	1	105 51
122	118	0.4	1	93 25
123	122	0.4	1	95 27
124	133	0.4	1	97 36
125	107	0.4	1	87 20
126	109	0.4	1	73 36
127	120	0.4	1	84 36
128	130	0.4	1	78 52
129	96	0.4	1	70 26
130	105	0.4	1	71 34
131	102	0.4	1	71 31
132	99	0.4	1	82 17
133	91	0.4	1	73 18
134	79	0.4	1	66 13
135	69	0.4	1	56 13
136	73	0.4	1	50 23
137	74	0.4	1	51 23
138	65	0.4	1	46 19
139	48	0.4	1	31 17
140	61	0.4	1	47 14
141	44	0.4	1	33 11
142	55	0.4	1	42 13
143	46	0.4	1	33 13
144	55	0.4	1	37 18
145	53	0.4	1	34 19
146	57	0.4	1	44 13
147	51	0.4	1	36 15
148	39	0.4	1	24 15
149	52	0.4	1	20 32
150	3205	0.4	1	20 3185

RUN STATISTICS FOR INPUT FILE: s128_R1_001.fastq.gz
=============================================
25078494 sequences processed in total

