
SUMMARISING RUN PARAMETERS
==========================
Input filename: s132_R1_001.fastq.gz
Trimming mode: paired-end
Trim Galore version: 0.6.10
Cutadapt version: 3.4
Number of cores used for trimming: 1
Quality Phred score cutoff: 20
Quality encoding type selected: ASCII+33
Using Illumina adapter for trimming (count: 2675). Second best hit was Nextera (count: 7)
Adapter sequence: 'AGATCGGAAGAGC' (Illumina TruSeq, Sanger iPCR; auto-detected)
Maximum trimming error rate: 0.1 (default)
Minimum required adapter overlap (stringency): 1 bp
Minimum required sequence length for both reads before a sequence pair gets removed: 20 bp
Running FastQC on the data once trimming has completed
Output file will be GZIP compressed


This is cutadapt 3.4 with Python 3.9.2
Command line parameters: -j 1 -e 0.1 -q 20 -O 1 -a AGATCGGAAGAGC s132_R1_001.fastq.gz
Processing reads on 1 core in single-end mode ...
Finished in 2082.69 s (79 µs/read; 0.76 M reads/minute).

=== Summary ===

Total reads processed:              26,351,300
Reads with adapters:                 9,390,553 (35.6%)
Reads written (passing filters):    26,351,300 (100.0%)

Total basepairs processed: 3,952,695,000 bp
Quality-trimmed:               7,801,176 bp (0.2%)
Total written (filtered):  3,929,565,056 bp (99.4%)

=== Adapter 1 ===

Sequence: AGATCGGAAGAGC; Type: regular 3'; Length: 13; Trimmed: 9390553 times

No. of allowed errors:
1-9 bp: 0; 10-13 bp: 1

Bases preceding removed adapters:
  A: 35.6%
  C: 25.5%
  G: 17.8%
  T: 21.1%
  none/other: 0.0%

Overview of removed sequences
length	count	expect	max.err	error counts
1	7102963	6587825.0	0	7102963
2	1551971	1646956.2	0	1551971
3	481097	411739.1	0	481097
4	108828	102934.8	0	108828
5	26774	25733.7	0	26774
6	8672	6433.4	0	8672
7	5431	1608.4	0	5431
8	5359	402.1	0	5359
9	4759	100.5	0	4326 433
10	5011	25.1	1	4148 863
11	4796	6.3	1	4178 618
12	4427	1.6	1	4058 369
13	3627	0.4	1	3373 254
14	3896	0.4	1	3594 302
15	3578	0.4	1	3345 233
16	3559	0.4	1	3232 327
17	3632	0.4	1	3335 297
18	3164	0.4	1	2961 203
19	2779	0.4	1	2594 185
20	2878	0.4	1	2667 211
21	2681	0.4	1	2473 208
22	2528	0.4	1	2355 173
23	2617	0.4	1	2403 214
24	2281	0.4	1	2087 194
25	2090	0.4	1	1942 148
26	2031	0.4	1	1915 116
27	2001	0.4	1	1830 171
28	1967	0.4	1	1812 155
29	1804	0.4	1	1618 186
30	1610	0.4	1	1483 127
31	1529	0.4	1	1433 96
32	1556	0.4	1	1432 124
33	1383	0.4	1	1248 135
34	1380	0.4	1	1265 115
35	1388	0.4	1	1287 101
36	1207	0.4	1	1102 105
37	1072	0.4	1	985 87
38	1028	0.4	1	941 87
39	982	0.4	1	891 91
40	926	0.4	1	839 87
41	864	0.4	1	791 73
42	934	0.4	1	844 90
43	878	0.4	1	777 101
44	670	0.4	1	591 79
45	1062	0.4	1	962 100
46	302	0.4	1	251 51
47	546	0.4	1	487 59
48	766	0.4	1	688 78
49	514	0.4	1	475 39
50	433	0.4	1	386 47
51	534	0.4	1	464 70
52	473	0.4	1	415 58
53	348	0.4	1	297 51
54	410	0.4	1	347 63
55	561	0.4	1	475 86
56	345	0.4	1	295 50
57	439	0.4	1	385 54
58	334	0.4	1	298 36
59	268	0.4	1	235 33
60	218	0.4	1	184 34
61	160	0.4	1	122 38
62	341	0.4	1	287 54
63	306	0.4	1	256 50
64	161	0.4	1	136 25
65	174	0.4	1	137 37
66	395	0.4	1	364 31
67	178	0.4	1	142 36
68	215	0.4	1	181 34
69	109	0.4	1	80 29
70	79	0.4	1	50 29
71	63	0.4	1	32 31
72	64	0.4	1	38 26
73	105	0.4	1	77 28
74	122	0.4	1	94 28
75	141	0.4	1	98 43
76	139	0.4	1	106 33
77	129	0.4	1	91 38
78	141	0.4	1	92 49
79	113	0.4	1	79 34
80	134	0.4	1	94 40
81	117	0.4	1	76 41
82	122	0.4	1	90 32
83	139	0.4	1	101 38
84	99	0.4	1	70 29
85	104	0.4	1	71 33
86	103	0.4	1	68 35
87	87	0.4	1	63 24
88	86	0.4	1	52 34
89	80	0.4	1	49 31
90	101	0.4	1	55 46
91	88	0.4	1	47 41
92	76	0.4	1	38 38
93	74	0.4	1	49 25
94	74	0.4	1	39 35
95	62	0.4	1	37 25
96	67	0.4	1	38 29
97	71	0.4	1	43 28
98	71	0.4	1	37 34
99	63	0.4	1	40 23
100	81	0.4	1	39 42
101	62	0.4	1	35 27
102	70	0.4	1	40 30
103	61	0.4	1	28 33
104	72	0.4	1	30 42
105	51	0.4	1	24 27
106	59	0.4	1	32 27
107	59	0.4	1	29 30
108	71	0.4	1	33 38
109	61	0.4	1	26 35
110	54	0.4	1	22 32
111	41	0.4	1	14 27
112	47	0.4	1	22 25
113	53	0.4	1	28 25
114	37	0.4	1	12 25
115	46	0.4	1	14 32
116	34	0.4	1	12 22
117	47	0.4	1	23 24
118	47	0.4	1	13 34
119	54	0.4	1	24 30
120	54	0.4	1	25 29
121	43	0.4	1	13 30
122	42	0.4	1	13 29
123	35	0.4	1	6 29
124	45	0.4	1	15 30
125	27	0.4	1	10 17
126	41	0.4	1	15 26
127	29	0.4	1	10 19
128	30	0.4	1	12 18
129	21	0.4	1	4 17
130	31	0.4	1	7 24
131	27	0.4	1	7 20
132	21	0.4	1	9 12
133	16	0.4	1	6 10
134	24	0.4	1	6 18
135	27	0.4	1	5 22
136	29	0.4	1	3 26
137	18	0.4	1	7 11
138	23	0.4	1	3 20
139	17	0.4	1	4 13
140	19	0.4	1	3 16
141	21	0.4	1	6 15
142	17	0.4	1	2 15
143	21	0.4	1	5 16
144	37	0.4	1	5 32
145	21	0.4	1	1 20
146	19	0.4	1	6 13
147	21	0.4	1	7 14
148	25	0.4	1	1 24
149	17	0.4	1	0 17
150	1514	0.4	1	5 1509

RUN STATISTICS FOR INPUT FILE: s132_R1_001.fastq.gz
=============================================
26351300 sequences processed in total

