
SUMMARISING RUN PARAMETERS
==========================
Input filename: s133_R1_001.fastq.gz
Trimming mode: paired-end
Trim Galore version: 0.6.10
Cutadapt version: 3.4
Number of cores used for trimming: 1
Quality Phred score cutoff: 20
Quality encoding type selected: ASCII+33
Using Illumina adapter for trimming (count: 5365). Second best hit was Nextera (count: 11)
Adapter sequence: 'AGATCGGAAGAGC' (Illumina TruSeq, Sanger iPCR; auto-detected)
Maximum trimming error rate: 0.1 (default)
Minimum required adapter overlap (stringency): 1 bp
Minimum required sequence length for both reads before a sequence pair gets removed: 20 bp
Running FastQC on the data once trimming has completed
Output file will be GZIP compressed


This is cutadapt 3.4 with Python 3.9.2
Command line parameters: -j 1 -e 0.1 -q 20 -O 1 -a AGATCGGAAGAGC s133_R1_001.fastq.gz
Processing reads on 1 core in single-end mode ...
Finished in 1999.64 s (79 µs/read; 0.76 M reads/minute).

=== Summary ===

Total reads processed:              25,292,126
Reads with adapters:                 9,246,553 (36.6%)
Reads written (passing filters):    25,292,126 (100.0%)

Total basepairs processed: 3,793,818,900 bp
Quality-trimmed:               7,537,125 bp (0.2%)
Total written (filtered):  3,769,126,326 bp (99.3%)

=== Adapter 1 ===

Sequence: AGATCGGAAGAGC; Type: regular 3'; Length: 13; Trimmed: 9246553 times

No. of allowed errors:
1-9 bp: 0; 10-13 bp: 1

Bases preceding removed adapters:
  A: 36.2%
  C: 24.8%
  G: 17.2%
  T: 21.7%
  none/other: 0.0%

Overview of removed sequences
length	count	expect	max.err	error counts
1	6945143	6323031.5	0	6945143
2	1472090	1580757.9	0	1472090
3	471054	395189.5	0	471054
4	112349	98797.4	0	112349
5	30105	24699.3	0	30105
6	12272	6174.8	0	12272
7	9776	1543.7	0	9776
8	9689	385.9	0	9689
9	8558	96.5	0	8167 391
10	8789	24.1	1	7815 974
11	8650	6.0	1	7799 851
12	8339	1.5	1	7767 572
13	6983	0.4	1	6554 429
14	7369	0.4	1	6841 528
15	6912	0.4	1	6496 416
16	6863	0.4	1	6352 511
17	6710	0.4	1	6185 525
18	6018	0.4	1	5641 377
19	5352	0.4	1	5031 321
20	5603	0.4	1	5269 334
21	5464	0.4	1	5110 354
22	4991	0.4	1	4707 284
23	4949	0.4	1	4621 328
24	4667	0.4	1	4324 343
25	4382	0.4	1	4116 266
26	3951	0.4	1	3703 248
27	4050	0.4	1	3825 225
28	3841	0.4	1	3592 249
29	3587	0.4	1	3327 260
30	3371	0.4	1	3174 197
31	2959	0.4	1	2769 190
32	3019	0.4	1	2831 188
33	2751	0.4	1	2572 179
34	2795	0.4	1	2608 187
35	2730	0.4	1	2591 139
36	2326	0.4	1	2156 170
37	1979	0.4	1	1896 83
38	2099	0.4	1	1971 128
39	1891	0.4	1	1784 107
40	1888	0.4	1	1765 123
41	1701	0.4	1	1601 100
42	1688	0.4	1	1555 133
43	1758	0.4	1	1642 116
44	1336	0.4	1	1245 91
45	2066	0.4	1	1958 108
46	545	0.4	1	492 53
47	1056	0.4	1	981 75
48	1328	0.4	1	1250 78
49	960	0.4	1	893 67
50	734	0.4	1	676 58
51	1098	0.4	1	1009 89
52	855	0.4	1	781 74
53	677	0.4	1	625 52
54	741	0.4	1	695 46
55	987	0.4	1	904 83
56	572	0.4	1	536 36
57	810	0.4	1	748 62
58	628	0.4	1	583 45
59	543	0.4	1	501 42
60	427	0.4	1	389 38
61	289	0.4	1	258 31
62	601	0.4	1	551 50
63	486	0.4	1	456 30
64	295	0.4	1	252 43
65	245	0.4	1	208 37
66	684	0.4	1	642 42
67	295	0.4	1	257 38
68	343	0.4	1	322 21
69	183	0.4	1	148 35
70	131	0.4	1	99 32
71	39	0.4	1	21 18
72	73	0.4	1	48 25
73	153	0.4	1	120 33
74	188	0.4	1	164 24
75	167	0.4	1	143 24
76	200	0.4	1	170 30
77	186	0.4	1	153 33
78	148	0.4	1	121 27
79	146	0.4	1	113 33
80	152	0.4	1	116 36
81	119	0.4	1	91 28
82	104	0.4	1	80 24
83	117	0.4	1	97 20
84	117	0.4	1	93 24
85	113	0.4	1	84 29
86	115	0.4	1	87 28
87	104	0.4	1	68 36
88	103	0.4	1	72 31
89	80	0.4	1	56 24
90	92	0.4	1	61 31
91	84	0.4	1	59 25
92	71	0.4	1	51 20
93	79	0.4	1	55 24
94	88	0.4	1	55 33
95	77	0.4	1	50 27
96	89	0.4	1	61 28
97	72	0.4	1	45 27
98	79	0.4	1	53 26
99	41	0.4	1	20 21
100	65	0.4	1	44 21
101	60	0.4	1	38 22
102	45	0.4	1	26 19
103	73	0.4	1	47 26
104	47	0.4	1	25 22
105	40	0.4	1	21 19
106	48	0.4	1	29 19
107	39	0.4	1	20 19
108	47	0.4	1	26 21
109	60	0.4	1	26 34
110	40	0.4	1	24 16
111	40	0.4	1	18 22
112	37	0.4	1	15 22
113	31	0.4	1	17 14
114	32	0.4	1	14 18
115	35	0.4	1	11 24
116	25	0.4	1	12 13
117	35	0.4	1	14 21
118	28	0.4	1	11 17
119	27	0.4	1	12 15
120	40	0.4	1	14 26
121	24	0.4	1	9 15
122	31	0.4	1	15 16
123	22	0.4	1	4 18
124	31	0.4	1	7 24
125	19	0.4	1	4 15
126	18	0.4	1	6 12
127	26	0.4	1	8 18
128	24	0.4	1	8 16
129	27	0.4	1	10 17
130	29	0.4	1	14 15
131	23	0.4	1	6 17
132	19	0.4	1	6 13
133	20	0.4	1	3 17
134	22	0.4	1	11 11
135	20	0.4	1	9 11
136	16	0.4	1	5 11
137	20	0.4	1	6 14
138	16	0.4	1	5 11
139	12	0.4	1	1 11
140	22	0.4	1	6 16
141	19	0.4	1	7 12
142	24	0.4	1	4 20
143	11	0.4	1	2 9
144	23	0.4	1	4 19
145	8	0.4	1	1 7
146	20	0.4	1	3 17
147	19	0.4	1	9 10
148	22	0.4	1	5 17
149	29	0.4	1	1 28
150	1471	0.4	1	4 1467

RUN STATISTICS FOR INPUT FILE: s133_R1_001.fastq.gz
=============================================
25292126 sequences processed in total

