
SUMMARISING RUN PARAMETERS
==========================
Input filename: s134_R1_001.fastq.gz
Trimming mode: paired-end
Trim Galore version: 0.6.10
Cutadapt version: 3.4
Number of cores used for trimming: 1
Quality Phred score cutoff: 20
Quality encoding type selected: ASCII+33
Using Illumina adapter for trimming (count: 3039). Second best hit was Nextera (count: 8)
Adapter sequence: 'AGATCGGAAGAGC' (Illumina TruSeq, Sanger iPCR; auto-detected)
Maximum trimming error rate: 0.1 (default)
Minimum required adapter overlap (stringency): 1 bp
Minimum required sequence length for both reads before a sequence pair gets removed: 20 bp
Running FastQC on the data once trimming has completed
Output file will be GZIP compressed


This is cutadapt 3.4 with Python 3.9.2
Command line parameters: -j 1 -e 0.1 -q 20 -O 1 -a AGATCGGAAGAGC s134_R1_001.fastq.gz
Processing reads on 1 core in single-end mode ...
Finished in 2227.30 s (79 µs/read; 0.76 M reads/minute).

=== Summary ===

Total reads processed:              28,092,760
Reads with adapters:                10,282,022 (36.6%)
Reads written (passing filters):    28,092,760 (100.0%)

Total basepairs processed: 4,213,914,000 bp
Quality-trimmed:               7,988,748 bp (0.2%)
Total written (filtered):  4,189,096,837 bp (99.4%)

=== Adapter 1 ===

Sequence: AGATCGGAAGAGC; Type: regular 3'; Length: 13; Trimmed: 10282022 times

No. of allowed errors:
1-9 bp: 0; 10-13 bp: 1

Bases preceding removed adapters:
  A: 36.7%
  C: 24.5%
  G: 16.9%
  T: 21.9%
  none/other: 0.0%

Overview of removed sequences
length	count	expect	max.err	error counts
1	7852806	7023190.0	0	7852806
2	1618424	1755797.5	0	1618424
3	524567	438949.4	0	524567
4	120959	109737.3	0	120959
5	28306	27434.3	0	28306
6	9003	6858.6	0	9003
7	5901	1714.6	0	5901
8	5976	428.7	0	5976
9	5300	107.2	0	4863 437
10	5688	26.8	1	4737 951
11	5437	6.7	1	4766 671
12	4879	1.7	1	4520 359
13	4232	0.4	1	3976 256
14	4421	0.4	1	4056 365
15	4001	0.4	1	3722 279
16	4241	0.4	1	3889 352
17	4144	0.4	1	3785 359
18	3536	0.4	1	3306 230
19	3322	0.4	1	3112 210
20	3335	0.4	1	3076 259
21	3267	0.4	1	2997 270
22	2904	0.4	1	2739 165
23	3102	0.4	1	2875 227
24	2813	0.4	1	2597 216
25	2624	0.4	1	2454 170
26	2383	0.4	1	2272 111
27	2434	0.4	1	2276 158
28	2243	0.4	1	2091 152
29	2189	0.4	1	2033 156
30	1954	0.4	1	1856 98
31	1806	0.4	1	1689 117
32	1849	0.4	1	1735 114
33	1698	0.4	1	1583 115
34	1702	0.4	1	1578 124
35	1638	0.4	1	1536 102
36	1515	0.4	1	1386 129
37	1265	0.4	1	1205 60
38	1287	0.4	1	1182 105
39	1235	0.4	1	1145 90
40	1235	0.4	1	1136 99
41	1088	0.4	1	1004 84
42	1217	0.4	1	1127 90
43	1128	0.4	1	1035 93
44	860	0.4	1	791 69
45	1435	0.4	1	1364 71
46	354	0.4	1	314 40
47	749	0.4	1	702 47
48	937	0.4	1	864 73
49	626	0.4	1	573 53
50	616	0.4	1	545 71
51	686	0.4	1	611 75
52	590	0.4	1	542 48
53	468	0.4	1	428 40
54	492	0.4	1	456 36
55	640	0.4	1	590 50
56	388	0.4	1	341 47
57	553	0.4	1	514 39
58	415	0.4	1	362 53
59	412	0.4	1	369 43
60	290	0.4	1	259 31
61	239	0.4	1	207 32
62	408	0.4	1	372 36
63	402	0.4	1	357 45
64	202	0.4	1	173 29
65	190	0.4	1	151 39
66	474	0.4	1	439 35
67	231	0.4	1	193 38
68	303	0.4	1	261 42
69	152	0.4	1	116 36
70	113	0.4	1	99 14
71	48	0.4	1	20 28
72	69	0.4	1	46 23
73	139	0.4	1	109 30
74	154	0.4	1	118 36
75	140	0.4	1	104 36
76	145	0.4	1	121 24
77	135	0.4	1	103 32
78	127	0.4	1	98 29
79	104	0.4	1	82 22
80	117	0.4	1	95 22
81	100	0.4	1	81 19
82	117	0.4	1	84 33
83	101	0.4	1	63 38
84	103	0.4	1	64 39
85	82	0.4	1	65 17
86	88	0.4	1	67 21
87	77	0.4	1	59 18
88	97	0.4	1	68 29
89	121	0.4	1	84 37
90	84	0.4	1	56 28
91	77	0.4	1	50 27
92	81	0.4	1	55 26
93	77	0.4	1	49 28
94	74	0.4	1	48 26
95	62	0.4	1	37 25
96	56	0.4	1	34 22
97	63	0.4	1	33 30
98	54	0.4	1	35 19
99	70	0.4	1	41 29
100	80	0.4	1	53 27
101	47	0.4	1	33 14
102	57	0.4	1	38 19
103	51	0.4	1	31 20
104	53	0.4	1	23 30
105	61	0.4	1	38 23
106	48	0.4	1	29 19
107	36	0.4	1	21 15
108	44	0.4	1	20 24
109	39	0.4	1	22 17
110	43	0.4	1	21 22
111	35	0.4	1	18 17
112	36	0.4	1	17 19
113	37	0.4	1	14 23
114	36	0.4	1	18 18
115	49	0.4	1	19 30
116	37	0.4	1	15 22
117	35	0.4	1	14 21
118	38	0.4	1	8 30
119	35	0.4	1	12 23
120	27	0.4	1	7 20
121	42	0.4	1	7 35
122	25	0.4	1	8 17
123	22	0.4	1	11 11
124	25	0.4	1	4 21
125	31	0.4	1	11 20
126	19	0.4	1	7 12
127	21	0.4	1	4 17
128	22	0.4	1	7 15
129	27	0.4	1	8 19
130	23	0.4	1	10 13
131	19	0.4	1	6 13
132	30	0.4	1	9 21
133	25	0.4	1	9 16
134	14	0.4	1	7 7
135	29	0.4	1	7 22
136	22	0.4	1	5 17
137	22	0.4	1	5 17
138	14	0.4	1	0 14
139	21	0.4	1	3 18
140	14	0.4	1	5 9
141	20	0.4	1	7 13
142	14	0.4	1	2 12
143	16	0.4	1	2 14
144	15	0.4	1	4 11
145	15	0.4	1	3 12
146	22	0.4	1	4 18
147	20	0.4	1	4 16
148	15	0.4	1	2 13
149	27	0.4	1	1 26
150	1426	0.4	1	2 1424

RUN STATISTICS FOR INPUT FILE: s134_R1_001.fastq.gz
=============================================
28092760 sequences processed in total

