
SUMMARISING RUN PARAMETERS
==========================
Input filename: s135_R1_001.fastq.gz
Trimming mode: paired-end
Trim Galore version: 0.6.10
Cutadapt version: 3.4
Number of cores used for trimming: 1
Quality Phred score cutoff: 20
Quality encoding type selected: ASCII+33
Using Illumina adapter for trimming (count: 2394). Second best hit was Nextera (count: 7)
Adapter sequence: 'AGATCGGAAGAGC' (Illumina TruSeq, Sanger iPCR; auto-detected)
Maximum trimming error rate: 0.1 (default)
Minimum required adapter overlap (stringency): 1 bp
Minimum required sequence length for both reads before a sequence pair gets removed: 20 bp
Running FastQC on the data once trimming has completed
Output file will be GZIP compressed


This is cutadapt 3.4 with Python 3.9.2
Command line parameters: -j 1 -e 0.1 -q 20 -O 1 -a AGATCGGAAGAGC s135_R1_001.fastq.gz
Processing reads on 1 core in single-end mode ...
Finished in 2142.18 s (80 µs/read; 0.75 M reads/minute).

=== Summary ===

Total reads processed:              26,877,988
Reads with adapters:                 9,684,993 (36.0%)
Reads written (passing filters):    26,877,988 (100.0%)

Total basepairs processed: 4,031,698,200 bp
Quality-trimmed:               7,883,417 bp (0.2%)
Total written (filtered):  4,008,266,207 bp (99.4%)

=== Adapter 1 ===

Sequence: AGATCGGAAGAGC; Type: regular 3'; Length: 13; Trimmed: 9684993 times

No. of allowed errors:
1-9 bp: 0; 10-13 bp: 1

Bases preceding removed adapters:
  A: 36.1%
  C: 25.1%
  G: 17.4%
  T: 21.5%
  none/other: 0.0%

Overview of removed sequences
length	count	expect	max.err	error counts
1	7369049	6719497.0	0	7369049
2	1571214	1679874.2	0	1571214
3	496361	419968.6	0	496361
4	111928	104992.1	0	111928
5	26272	26248.0	0	26272
6	8048	6562.0	0	8048
7	4896	1640.5	0	4896
8	4505	410.1	0	4505
9	4243	102.5	0	3776 467
10	4484	25.6	1	3595 889
11	4189	6.4	1	3560 629
12	4043	1.6	1	3686 357
13	3340	0.4	1	3117 223
14	3419	0.4	1	3132 287
15	3223	0.4	1	3008 215
16	3144	0.4	1	2876 268
17	3229	0.4	1	2960 269
18	2659	0.4	1	2466 193
19	2505	0.4	1	2331 174
20	2540	0.4	1	2321 219
21	2517	0.4	1	2337 180
22	2277	0.4	1	2096 181
23	2434	0.4	1	2249 185
24	2184	0.4	1	1977 207
25	1972	0.4	1	1821 151
26	1849	0.4	1	1697 152
27	1892	0.4	1	1745 147
28	1734	0.4	1	1615 119
29	1750	0.4	1	1611 139
30	1668	0.4	1	1540 128
31	1439	0.4	1	1344 95
32	1414	0.4	1	1323 91
33	1303	0.4	1	1194 109
34	1319	0.4	1	1204 115
35	1330	0.4	1	1236 94
36	1154	0.4	1	1048 106
37	987	0.4	1	902 85
38	998	0.4	1	912 86
39	1023	0.4	1	921 102
40	983	0.4	1	873 110
41	845	0.4	1	759 86
42	926	0.4	1	818 108
43	890	0.4	1	782 108
44	669	0.4	1	603 66
45	1124	0.4	1	1021 103
46	273	0.4	1	237 36
47	622	0.4	1	561 61
48	712	0.4	1	636 76
49	551	0.4	1	492 59
50	453	0.4	1	396 57
51	573	0.4	1	515 58
52	452	0.4	1	391 61
53	354	0.4	1	321 33
54	409	0.4	1	351 58
55	534	0.4	1	468 66
56	370	0.4	1	319 51
57	482	0.4	1	434 48
58	378	0.4	1	331 47
59	338	0.4	1	305 33
60	265	0.4	1	227 38
61	159	0.4	1	136 23
62	372	0.4	1	322 50
63	340	0.4	1	301 39
64	167	0.4	1	138 29
65	172	0.4	1	135 37
66	406	0.4	1	364 42
67	185	0.4	1	160 25
68	232	0.4	1	188 44
69	117	0.4	1	68 49
70	99	0.4	1	66 33
71	47	0.4	1	17 30
72	48	0.4	1	28 20
73	120	0.4	1	85 35
74	119	0.4	1	81 38
75	120	0.4	1	86 34
76	119	0.4	1	93 26
77	107	0.4	1	77 30
78	129	0.4	1	93 36
79	133	0.4	1	105 28
80	118	0.4	1	76 42
81	126	0.4	1	95 31
82	139	0.4	1	87 52
83	102	0.4	1	74 28
84	107	0.4	1	69 38
85	117	0.4	1	78 39
86	101	0.4	1	66 35
87	110	0.4	1	74 36
88	76	0.4	1	53 23
89	86	0.4	1	48 38
90	88	0.4	1	52 36
91	77	0.4	1	51 26
92	79	0.4	1	61 18
93	65	0.4	1	50 15
94	86	0.4	1	46 40
95	74	0.4	1	43 31
96	75	0.4	1	47 28
97	91	0.4	1	43 48
98	76	0.4	1	45 31
99	73	0.4	1	45 28
100	83	0.4	1	48 35
101	61	0.4	1	36 25
102	66	0.4	1	34 32
103	66	0.4	1	38 28
104	50	0.4	1	33 17
105	44	0.4	1	22 22
106	54	0.4	1	27 27
107	44	0.4	1	23 21
108	42	0.4	1	20 22
109	62	0.4	1	28 34
110	45	0.4	1	25 20
111	56	0.4	1	35 21
112	48	0.4	1	28 20
113	32	0.4	1	14 18
114	48	0.4	1	19 29
115	44	0.4	1	27 17
116	42	0.4	1	17 25
117	45	0.4	1	28 17
118	32	0.4	1	12 20
119	41	0.4	1	19 22
120	35	0.4	1	15 20
121	35	0.4	1	9 26
122	42	0.4	1	14 28
123	30	0.4	1	13 17
124	28	0.4	1	13 15
125	31	0.4	1	9 22
126	40	0.4	1	13 27
127	36	0.4	1	12 24
128	30	0.4	1	10 20
129	35	0.4	1	9 26
130	39	0.4	1	13 26
131	24	0.4	1	4 20
132	26	0.4	1	5 21
133	33	0.4	1	8 25
134	25	0.4	1	6 19
135	18	0.4	1	3 15
136	21	0.4	1	8 13
137	22	0.4	1	3 19
138	15	0.4	1	5 10
139	15	0.4	1	5 10
140	15	0.4	1	5 10
141	19	0.4	1	5 14
142	20	0.4	1	4 16
143	12	0.4	1	2 10
144	29	0.4	1	2 27
145	14	0.4	1	2 12
146	18	0.4	1	2 16
147	23	0.4	1	6 17
148	16	0.4	1	0 16
149	32	0.4	1	1 31
150	1415	0.4	1	2 1413

RUN STATISTICS FOR INPUT FILE: s135_R1_001.fastq.gz
=============================================
26877988 sequences processed in total

