
SUMMARISING RUN PARAMETERS
==========================
Input filename: s136_R1_001.fastq.gz
Trimming mode: paired-end
Trim Galore version: 0.6.10
Cutadapt version: 3.4
Number of cores used for trimming: 1
Quality Phred score cutoff: 20
Quality encoding type selected: ASCII+33
Using Illumina adapter for trimming (count: 2676). Second best hit was smallRNA (count: 9)
Adapter sequence: 'AGATCGGAAGAGC' (Illumina TruSeq, Sanger iPCR; auto-detected)
Maximum trimming error rate: 0.1 (default)
Minimum required adapter overlap (stringency): 1 bp
Minimum required sequence length for both reads before a sequence pair gets removed: 20 bp
Running FastQC on the data once trimming has completed
Output file will be GZIP compressed


This is cutadapt 3.4 with Python 3.9.2
Command line parameters: -j 1 -e 0.1 -q 20 -O 1 -a AGATCGGAAGAGC s136_R1_001.fastq.gz
Processing reads on 1 core in single-end mode ...
Finished in 1645.14 s (80 µs/read; 0.75 M reads/minute).

=== Summary ===

Total reads processed:              20,672,220
Reads with adapters:                 7,361,588 (35.6%)
Reads written (passing filters):    20,672,220 (100.0%)

Total basepairs processed: 3,100,833,000 bp
Quality-trimmed:               6,237,285 bp (0.2%)
Total written (filtered):  3,082,783,640 bp (99.4%)

=== Adapter 1 ===

Sequence: AGATCGGAAGAGC; Type: regular 3'; Length: 13; Trimmed: 7361588 times

No. of allowed errors:
1-9 bp: 0; 10-13 bp: 1

Bases preceding removed adapters:
  A: 36.3%
  C: 24.5%
  G: 17.5%
  T: 21.6%
  none/other: 0.0%

Overview of removed sequences
length	count	expect	max.err	error counts
1	5618481	5168055.0	0	5618481
2	1175751	1292013.8	0	1175751
3	371248	323003.4	0	371248
4	86248	80750.9	0	86248
5	20781	20187.7	0	20781
6	6824	5046.9	0	6824
7	3999	1261.7	0	3999
8	3759	315.4	0	3759
9	3457	78.9	0	3132 325
10	3718	19.7	1	3067 651
11	3420	4.9	1	2952 468
12	3249	1.2	1	2974 275
13	2738	0.3	1	2537 201
14	2778	0.3	1	2560 218
15	2629	0.3	1	2455 174
16	2497	0.3	1	2299 198
17	2623	0.3	1	2396 227
18	2277	0.3	1	2149 128
19	1968	0.3	1	1835 133
20	2156	0.3	1	1996 160
21	2110	0.3	1	1941 169
22	1901	0.3	1	1770 131
23	1877	0.3	1	1734 143
24	1800	0.3	1	1655 145
25	1684	0.3	1	1554 130
26	1523	0.3	1	1407 116
27	1582	0.3	1	1468 114
28	1423	0.3	1	1333 90
29	1360	0.3	1	1230 130
30	1277	0.3	1	1198 79
31	1240	0.3	1	1167 73
32	1225	0.3	1	1158 67
33	1127	0.3	1	1028 99
34	1073	0.3	1	998 75
35	1094	0.3	1	1022 72
36	950	0.3	1	876 74
37	910	0.3	1	849 61
38	869	0.3	1	794 75
39	943	0.3	1	889 54
40	734	0.3	1	666 68
41	812	0.3	1	738 74
42	652	0.3	1	594 58
43	764	0.3	1	711 53
44	605	0.3	1	554 51
45	1047	0.3	1	983 64
46	288	0.3	1	252 36
47	499	0.3	1	455 44
48	1961	0.3	1	1870 91
49	536	0.3	1	485 51
50	123	0.3	1	87 36
51	593	0.3	1	558 35
52	346	0.3	1	311 35
53	109	0.3	1	89 20
54	376	0.3	1	357 19
55	449	0.3	1	423 26
56	163	0.3	1	126 37
57	141	0.3	1	113 28
58	97	0.3	1	66 31
59	149	0.3	1	137 12
60	43	0.3	1	28 15
61	60	0.3	1	43 17
62	218	0.3	1	199 19
63	87	0.3	1	58 29
64	45	0.3	1	26 19
65	97	0.3	1	68 29
66	179	0.3	1	158 21
67	22	0.3	1	9 13
68	40	0.3	1	27 13
69	56	0.3	1	35 21
70	42	0.3	1	27 15
71	27	0.3	1	7 20
72	20	0.3	1	12 8
73	40	0.3	1	24 16
74	64	0.3	1	46 18
75	77	0.3	1	61 16
76	63	0.3	1	44 19
77	76	0.3	1	61 15
78	84	0.3	1	61 23
79	59	0.3	1	44 15
80	60	0.3	1	41 19
81	73	0.3	1	52 21
82	77	0.3	1	53 24
83	69	0.3	1	49 20
84	57	0.3	1	38 19
85	55	0.3	1	38 17
86	47	0.3	1	32 15
87	36	0.3	1	28 8
88	37	0.3	1	25 12
89	70	0.3	1	39 31
90	47	0.3	1	33 14
91	32	0.3	1	17 15
92	44	0.3	1	22 22
93	48	0.3	1	30 18
94	35	0.3	1	15 20
95	33	0.3	1	18 15
96	45	0.3	1	22 23
97	41	0.3	1	14 27
98	36	0.3	1	19 17
99	26	0.3	1	14 12
100	40	0.3	1	18 22
101	23	0.3	1	12 11
102	39	0.3	1	22 17
103	33	0.3	1	18 15
104	25	0.3	1	12 13
105	17	0.3	1	4 13
106	23	0.3	1	10 13
107	25	0.3	1	11 14
108	29	0.3	1	8 21
109	25	0.3	1	14 11
110	32	0.3	1	10 22
111	22	0.3	1	8 14
112	15	0.3	1	6 9
113	26	0.3	1	8 18
114	23	0.3	1	6 17
115	24	0.3	1	6 18
116	24	0.3	1	6 18
117	16	0.3	1	9 7
118	21	0.3	1	7 14
119	18	0.3	1	6 12
120	26	0.3	1	10 16
121	28	0.3	1	5 23
122	27	0.3	1	3 24
123	18	0.3	1	4 14
124	24	0.3	1	7 17
125	22	0.3	1	2 20
126	11	0.3	1	0 11
127	15	0.3	1	5 10
128	22	0.3	1	6 16
129	14	0.3	1	5 9
130	18	0.3	1	5 13
131	11	0.3	1	3 8
132	20	0.3	1	4 16
133	8	0.3	1	1 7
134	21	0.3	1	3 18
135	16	0.3	1	5 11
136	20	0.3	1	6 14
137	14	0.3	1	3 11
138	8	0.3	1	3 5
139	8	0.3	1	1 7
140	16	0.3	1	0 16
141	14	0.3	1	0 14
142	7	0.3	1	3 4
143	16	0.3	1	3 13
144	10	0.3	1	0 10
145	10	0.3	1	0 10
146	13	0.3	1	3 10
147	14	0.3	1	0 14
148	16	0.3	1	3 13
149	12	0.3	1	0 12
150	1229	0.3	1	8 1221

RUN STATISTICS FOR INPUT FILE: s136_R1_001.fastq.gz
=============================================
20672220 sequences processed in total

