
SUMMARISING RUN PARAMETERS
==========================
Input filename: s139_R1_001.fastq.gz
Trimming mode: paired-end
Trim Galore version: 0.6.10
Cutadapt version: 3.4
Number of cores used for trimming: 1
Quality Phred score cutoff: 20
Quality encoding type selected: ASCII+33
Using Illumina adapter for trimming (count: 2906). Second best hit was Nextera (count: 12)
Adapter sequence: 'AGATCGGAAGAGC' (Illumina TruSeq, Sanger iPCR; auto-detected)
Maximum trimming error rate: 0.1 (default)
Minimum required adapter overlap (stringency): 1 bp
Minimum required sequence length for both reads before a sequence pair gets removed: 20 bp
Running FastQC on the data once trimming has completed
Output file will be GZIP compressed


This is cutadapt 3.4 with Python 3.9.2
Command line parameters: -j 1 -e 0.1 -q 20 -O 1 -a AGATCGGAAGAGC s139_R1_001.fastq.gz
Processing reads on 1 core in single-end mode ...
Finished in 2009.75 s (81 µs/read; 0.74 M reads/minute).

=== Summary ===

Total reads processed:              24,811,872
Reads with adapters:                 9,322,501 (37.6%)
Reads written (passing filters):    24,811,872 (100.0%)

Total basepairs processed: 3,721,780,800 bp
Quality-trimmed:               5,888,554 bp (0.2%)
Total written (filtered):  3,701,027,043 bp (99.4%)

=== Adapter 1 ===

Sequence: AGATCGGAAGAGC; Type: regular 3'; Length: 13; Trimmed: 9322501 times

No. of allowed errors:
1-9 bp: 0; 10-13 bp: 1

Bases preceding removed adapters:
  A: 35.8%
  C: 25.0%
  G: 15.1%
  T: 24.2%
  none/other: 0.0%

Overview of removed sequences
length	count	expect	max.err	error counts
1	7184082	6202968.0	0	7184082
2	1414926	1550742.0	0	1414926
3	469979	387685.5	0	469979
4	120928	96921.4	0	120928
5	24798	24230.3	0	24798
6	6198	6057.6	0	6198
7	4521	1514.4	0	4521
8	4393	378.6	0	4393
9	3992	94.6	0	3708 284
10	4203	23.7	1	3595 608
11	4113	5.9	1	3570 543
12	3974	1.5	1	3690 284
13	3237	0.4	1	3048 189
14	3461	0.4	1	3206 255
15	3182	0.4	1	2980 202
16	3208	0.4	1	2954 254
17	3070	0.4	1	2823 247
18	2844	0.4	1	2691 153
19	2514	0.4	1	2355 159
20	2550	0.4	1	2389 161
21	2573	0.4	1	2375 198
22	2266	0.4	1	2108 158
23	2334	0.4	1	2186 148
24	2291	0.4	1	2132 159
25	2089	0.4	1	1971 118
26	2101	0.4	1	1979 122
27	2067	0.4	1	1943 124
28	1725	0.4	1	1629 96
29	1811	0.4	1	1672 139
30	1635	0.4	1	1547 88
31	1531	0.4	1	1447 84
32	1482	0.4	1	1395 87
33	1515	0.4	1	1415 100
34	1367	0.4	1	1275 92
35	1310	0.4	1	1234 76
36	1257	0.4	1	1171 86
37	1241	0.4	1	1160 81
38	1132	0.4	1	1066 66
39	1195	0.4	1	1126 69
40	905	0.4	1	826 79
41	1022	0.4	1	954 68
42	811	0.4	1	762 49
43	1014	0.4	1	926 88
44	761	0.4	1	692 69
45	1399	0.4	1	1303 96
46	404	0.4	1	364 40
47	750	0.4	1	689 61
48	2662	0.4	1	2589 73
49	688	0.4	1	648 40
50	180	0.4	1	152 28
51	801	0.4	1	762 39
52	463	0.4	1	441 22
53	139	0.4	1	126 13
54	579	0.4	1	544 35
55	688	0.4	1	661 27
56	212	0.4	1	180 32
57	184	0.4	1	173 11
58	104	0.4	1	92 12
59	232	0.4	1	203 29
60	55	0.4	1	43 12
61	58	0.4	1	41 17
62	295	0.4	1	268 27
63	93	0.4	1	82 11
64	58	0.4	1	47 11
65	104	0.4	1	84 20
66	218	0.4	1	203 15
67	44	0.4	1	27 17
68	85	0.4	1	73 12
69	70	0.4	1	61 9
70	80	0.4	1	65 15
71	20	0.4	1	9 11
72	20	0.4	1	14 6
73	64	0.4	1	49 15
74	71	0.4	1	56 15
75	88	0.4	1	79 9
76	95	0.4	1	75 20
77	109	0.4	1	93 16
78	85	0.4	1	64 21
79	97	0.4	1	78 19
80	102	0.4	1	76 26
81	79	0.4	1	64 15
82	86	0.4	1	60 26
83	77	0.4	1	63 14
84	67	0.4	1	59 8
85	68	0.4	1	54 14
86	57	0.4	1	42 15
87	88	0.4	1	65 23
88	39	0.4	1	23 16
89	54	0.4	1	40 14
90	62	0.4	1	42 20
91	43	0.4	1	28 15
92	42	0.4	1	25 17
93	57	0.4	1	46 11
94	51	0.4	1	29 22
95	36	0.4	1	21 15
96	42	0.4	1	34 8
97	45	0.4	1	31 14
98	38	0.4	1	26 12
99	25	0.4	1	16 9
100	37	0.4	1	25 12
101	33	0.4	1	15 18
102	28	0.4	1	19 9
103	33	0.4	1	21 12
104	26	0.4	1	21 5
105	37	0.4	1	21 16
106	33	0.4	1	20 13
107	25	0.4	1	17 8
108	26	0.4	1	12 14
109	24	0.4	1	11 13
110	24	0.4	1	12 12
111	15	0.4	1	8 7
112	41	0.4	1	25 16
113	20	0.4	1	10 10
114	19	0.4	1	12 7
115	27	0.4	1	15 12
116	12	0.4	1	3 9
117	23	0.4	1	13 10
118	20	0.4	1	6 14
119	26	0.4	1	11 15
120	24	0.4	1	10 14
121	17	0.4	1	7 10
122	15	0.4	1	4 11
123	16	0.4	1	7 9
124	23	0.4	1	13 10
125	11	0.4	1	4 7
126	18	0.4	1	11 7
127	12	0.4	1	7 5
128	13	0.4	1	8 5
129	13	0.4	1	6 7
130	14	0.4	1	8 6
131	4	0.4	1	1 3
132	14	0.4	1	9 5
133	8	0.4	1	2 6
134	13	0.4	1	2 11
135	4	0.4	1	3 1
136	16	0.4	1	2 14
137	8	0.4	1	1 7
138	13	0.4	1	3 10
139	8	0.4	1	2 6
140	7	0.4	1	1 6
141	13	0.4	1	2 11
142	8	0.4	1	2 6
143	4	0.4	1	0 4
144	11	0.4	1	5 6
145	5	0.4	1	2 3
146	12	0.4	1	3 9
147	11	0.4	1	4 7
148	8	0.4	1	2 6
149	18	0.4	1	1 17
150	1551	0.4	1	4 1547

RUN STATISTICS FOR INPUT FILE: s139_R1_001.fastq.gz
=============================================
24811872 sequences processed in total

