
SUMMARISING RUN PARAMETERS
==========================
Input filename: s142_R1_001.fastq.gz
Trimming mode: paired-end
Trim Galore version: 0.6.10
Cutadapt version: 3.4
Number of cores used for trimming: 1
Quality Phred score cutoff: 20
Quality encoding type selected: ASCII+33
Using Illumina adapter for trimming (count: 3916). Second best hit was smallRNA (count: 5)
Adapter sequence: 'AGATCGGAAGAGC' (Illumina TruSeq, Sanger iPCR; auto-detected)
Maximum trimming error rate: 0.1 (default)
Minimum required adapter overlap (stringency): 1 bp
Minimum required sequence length for both reads before a sequence pair gets removed: 20 bp
Running FastQC on the data once trimming has completed
Output file will be GZIP compressed


This is cutadapt 3.4 with Python 3.9.2
Command line parameters: -j 1 -e 0.1 -q 20 -O 1 -a AGATCGGAAGAGC s142_R1_001.fastq.gz
Processing reads on 1 core in single-end mode ...
Finished in 2274.29 s (82 µs/read; 0.73 M reads/minute).

=== Summary ===

Total reads processed:              27,735,707
Reads with adapters:                 9,981,745 (36.0%)
Reads written (passing filters):    27,735,707 (100.0%)

Total basepairs processed: 4,160,356,050 bp
Quality-trimmed:               7,521,204 bp (0.2%)
Total written (filtered):  4,135,500,265 bp (99.4%)

=== Adapter 1 ===

Sequence: AGATCGGAAGAGC; Type: regular 3'; Length: 13; Trimmed: 9981745 times

No. of allowed errors:
1-9 bp: 0; 10-13 bp: 1

Bases preceding removed adapters:
  A: 35.5%
  C: 25.1%
  G: 17.5%
  T: 21.9%
  none/other: 0.0%

Overview of removed sequences
length	count	expect	max.err	error counts
1	7551635	6933926.8	0	7551635
2	1595270	1733481.7	0	1595270
3	510200	433370.4	0	510200
4	122648	108342.6	0	122648
5	30936	27085.7	0	30936
6	10914	6771.4	0	10914
7	7345	1692.9	0	7345
8	7289	423.2	0	7289
9	6363	105.8	0	5908 455
10	6797	26.5	1	5830 967
11	6569	6.6	1	5701 868
12	6101	1.7	1	5563 538
13	5355	0.4	1	4994 361
14	5315	0.4	1	4901 414
15	5125	0.4	1	4804 321
16	5102	0.4	1	4680 422
17	5172	0.4	1	4756 416
18	4665	0.4	1	4369 296
19	3990	0.4	1	3699 291
20	4039	0.4	1	3759 280
21	4074	0.4	1	3768 306
22	3824	0.4	1	3586 238
23	3698	0.4	1	3436 262
24	3612	0.4	1	3336 276
25	3332	0.4	1	3121 211
26	3019	0.4	1	2817 202
27	3143	0.4	1	2917 226
28	2843	0.4	1	2647 196
29	2801	0.4	1	2562 239
30	2513	0.4	1	2360 153
31	2362	0.4	1	2234 128
32	2407	0.4	1	2254 153
33	2321	0.4	1	2152 169
34	2100	0.4	1	1965 135
35	1948	0.4	1	1795 153
36	1967	0.4	1	1845 122
37	1718	0.4	1	1630 88
38	1630	0.4	1	1554 76
39	1647	0.4	1	1504 143
40	1557	0.4	1	1447 110
41	1414	0.4	1	1319 95
42	1419	0.4	1	1311 108
43	1578	0.4	1	1461 117
44	1074	0.4	1	990 84
45	1933	0.4	1	1832 101
46	499	0.4	1	445 54
47	984	0.4	1	909 75
48	2386	0.4	1	2267 119
49	774	0.4	1	710 64
50	456	0.4	1	409 47
51	1067	0.4	1	991 76
52	784	0.4	1	729 55
53	404	0.4	1	353 51
54	822	0.4	1	764 58
55	1325	0.4	1	1273 52
56	473	0.4	1	433 40
57	551	0.4	1	518 33
58	348	0.4	1	312 36
59	548	0.4	1	499 49
60	156	0.4	1	130 26
61	178	0.4	1	149 29
62	584	0.4	1	551 33
63	328	0.4	1	294 34
64	150	0.4	1	123 27
65	192	0.4	1	156 36
66	538	0.4	1	493 45
67	107	0.4	1	77 30
68	232	0.4	1	199 33
69	144	0.4	1	120 24
70	125	0.4	1	93 32
71	42	0.4	1	17 25
72	67	0.4	1	43 24
73	98	0.4	1	82 16
74	143	0.4	1	117 26
75	198	0.4	1	169 29
76	162	0.4	1	136 26
77	200	0.4	1	165 35
78	171	0.4	1	140 31
79	175	0.4	1	135 40
80	163	0.4	1	133 30
81	140	0.4	1	108 32
82	163	0.4	1	119 44
83	137	0.4	1	104 33
84	122	0.4	1	95 27
85	137	0.4	1	103 34
86	132	0.4	1	100 32
87	118	0.4	1	100 18
88	96	0.4	1	63 33
89	105	0.4	1	71 34
90	118	0.4	1	87 31
91	92	0.4	1	62 30
92	97	0.4	1	68 29
93	83	0.4	1	49 34
94	69	0.4	1	48 21
95	71	0.4	1	50 21
96	89	0.4	1	50 39
97	80	0.4	1	60 20
98	63	0.4	1	41 22
99	88	0.4	1	62 26
100	78	0.4	1	49 29
101	78	0.4	1	49 29
102	62	0.4	1	38 24
103	64	0.4	1	36 28
104	66	0.4	1	45 21
105	51	0.4	1	29 22
106	44	0.4	1	19 25
107	56	0.4	1	25 31
108	59	0.4	1	29 30
109	44	0.4	1	25 19
110	53	0.4	1	26 27
111	36	0.4	1	25 11
112	47	0.4	1	18 29
113	57	0.4	1	27 30
114	37	0.4	1	16 21
115	41	0.4	1	21 20
116	36	0.4	1	15 21
117	41	0.4	1	22 19
118	31	0.4	1	11 20
119	33	0.4	1	14 19
120	31	0.4	1	12 19
121	32	0.4	1	13 19
122	33	0.4	1	17 16
123	36	0.4	1	14 22
124	32	0.4	1	14 18
125	37	0.4	1	11 26
126	28	0.4	1	15 13
127	29	0.4	1	11 18
128	25	0.4	1	12 13
129	29	0.4	1	7 22
130	36	0.4	1	13 23
131	29	0.4	1	6 23
132	30	0.4	1	9 21
133	22	0.4	1	8 14
134	32	0.4	1	13 19
135	19	0.4	1	2 17
136	25	0.4	1	7 18
137	12	0.4	1	2 10
138	13	0.4	1	6 7
139	18	0.4	1	3 15
140	24	0.4	1	4 20
141	17	0.4	1	10 7
142	22	0.4	1	2 20
143	21	0.4	1	4 17
144	18	0.4	1	2 16
145	18	0.4	1	3 15
146	26	0.4	1	3 23
147	25	0.4	1	4 21
148	19	0.4	1	1 18
149	27	0.4	1	2 25
150	1628	0.4	1	2 1626

RUN STATISTICS FOR INPUT FILE: s142_R1_001.fastq.gz
=============================================
27735707 sequences processed in total

