
SUMMARISING RUN PARAMETERS
==========================
Input filename: s144_R1_001.fastq.gz
Trimming mode: paired-end
Trim Galore version: 0.6.10
Cutadapt version: 3.4
Number of cores used for trimming: 1
Quality Phred score cutoff: 20
Quality encoding type selected: ASCII+33
Using Illumina adapter for trimming (count: 4008). Second best hit was Nextera (count: 5)
Adapter sequence: 'AGATCGGAAGAGC' (Illumina TruSeq, Sanger iPCR; auto-detected)
Maximum trimming error rate: 0.1 (default)
Minimum required adapter overlap (stringency): 1 bp
Minimum required sequence length for both reads before a sequence pair gets removed: 20 bp
Running FastQC on the data once trimming has completed
Output file will be GZIP compressed


This is cutadapt 3.4 with Python 3.9.2
Command line parameters: -j 1 -e 0.1 -q 20 -O 1 -a AGATCGGAAGAGC s144_R1_001.fastq.gz
Processing reads on 1 core in single-end mode ...
Finished in 2073.32 s (82 µs/read; 0.73 M reads/minute).

=== Summary ===

Total reads processed:              25,164,474
Reads with adapters:                 9,228,338 (36.7%)
Reads written (passing filters):    25,164,474 (100.0%)

Total basepairs processed: 3,774,671,100 bp
Quality-trimmed:               6,986,667 bp (0.2%)
Total written (filtered):  3,751,465,892 bp (99.4%)

=== Adapter 1 ===

Sequence: AGATCGGAAGAGC; Type: regular 3'; Length: 13; Trimmed: 9228338 times

No. of allowed errors:
1-9 bp: 0; 10-13 bp: 1

Bases preceding removed adapters:
  A: 37.0%
  C: 24.1%
  G: 16.9%
  T: 22.0%
  none/other: 0.0%

Overview of removed sequences
length	count	expect	max.err	error counts
1	7048161	6291118.5	0	7048161
2	1432846	1572779.6	0	1432846
3	464287	393194.9	0	464287
4	108891	98298.7	0	108891
5	25226	24574.7	0	25226
6	8132	6143.7	0	8132
7	5303	1535.9	0	5303
8	5119	384.0	0	5119
9	4876	96.0	0	4490 386
10	5086	24.0	1	4274 812
11	4892	6.0	1	4248 644
12	4549	1.5	1	4210 339
13	3848	0.4	1	3592 256
14	3995	0.4	1	3678 317
15	3757	0.4	1	3502 255
16	3770	0.4	1	3450 320
17	3870	0.4	1	3516 354
18	3459	0.4	1	3250 209
19	3144	0.4	1	2928 216
20	3233	0.4	1	2995 238
21	3214	0.4	1	2983 231
22	3000	0.4	1	2790 210
23	3042	0.4	1	2834 208
24	2936	0.4	1	2675 261
25	2695	0.4	1	2509 186
26	2612	0.4	1	2421 191
27	2643	0.4	1	2478 165
28	2524	0.4	1	2344 180
29	2550	0.4	1	2339 211
30	2332	0.4	1	2190 142
31	2174	0.4	1	2036 138
32	2091	0.4	1	1984 107
33	2067	0.4	1	1939 128
34	1980	0.4	1	1855 125
35	1949	0.4	1	1813 136
36	1785	0.4	1	1647 138
37	1815	0.4	1	1694 121
38	1745	0.4	1	1620 125
39	1856	0.4	1	1750 106
40	1497	0.4	1	1346 151
41	1654	0.4	1	1522 132
42	1468	0.4	1	1393 75
43	1811	0.4	1	1669 142
44	1281	0.4	1	1186 95
45	2686	0.4	1	2525 161
46	715	0.4	1	654 61
47	1230	0.4	1	1116 114
48	4919	0.4	1	4742 177
49	1489	0.4	1	1387 102
50	337	0.4	1	278 59
51	1333	0.4	1	1255 78
52	969	0.4	1	908 61
53	301	0.4	1	255 46
54	1201	0.4	1	1141 60
55	1520	0.4	1	1467 53
56	400	0.4	1	364 36
57	418	0.4	1	385 33
58	197	0.4	1	166 31
59	472	0.4	1	445 27
60	152	0.4	1	115 37
61	142	0.4	1	96 46
62	695	0.4	1	637 58
63	213	0.4	1	181 32
64	122	0.4	1	96 26
65	236	0.4	1	206 30
66	623	0.4	1	583 40
67	66	0.4	1	41 25
68	192	0.4	1	169 23
69	171	0.4	1	138 33
70	171	0.4	1	139 32
71	49	0.4	1	34 15
72	65	0.4	1	46 19
73	143	0.4	1	118 25
74	212	0.4	1	190 22
75	256	0.4	1	228 28
76	257	0.4	1	231 26
77	257	0.4	1	229 28
78	269	0.4	1	243 26
79	236	0.4	1	200 36
80	241	0.4	1	214 27
81	216	0.4	1	193 23
82	213	0.4	1	190 23
83	247	0.4	1	218 29
84	207	0.4	1	166 41
85	193	0.4	1	174 19
86	192	0.4	1	162 30
87	178	0.4	1	148 30
88	177	0.4	1	156 21
89	123	0.4	1	101 22
90	149	0.4	1	122 27
91	159	0.4	1	124 35
92	149	0.4	1	128 21
93	154	0.4	1	120 34
94	128	0.4	1	104 24
95	128	0.4	1	99 29
96	125	0.4	1	93 32
97	103	0.4	1	77 26
98	111	0.4	1	82 29
99	111	0.4	1	91 20
100	86	0.4	1	65 21
101	83	0.4	1	53 30
102	76	0.4	1	54 22
103	80	0.4	1	66 14
104	61	0.4	1	51 10
105	61	0.4	1	43 18
106	63	0.4	1	45 18
107	66	0.4	1	45 21
108	71	0.4	1	49 22
109	56	0.4	1	42 14
110	66	0.4	1	40 26
111	63	0.4	1	34 29
112	50	0.4	1	31 19
113	56	0.4	1	29 27
114	61	0.4	1	38 23
115	55	0.4	1	26 29
116	28	0.4	1	18 10
117	44	0.4	1	24 20
118	53	0.4	1	24 29
119	37	0.4	1	12 25
120	35	0.4	1	21 14
121	41	0.4	1	24 17
122	34	0.4	1	19 15
123	42	0.4	1	24 18
124	42	0.4	1	24 18
125	42	0.4	1	15 27
126	24	0.4	1	11 13
127	21	0.4	1	8 13
128	31	0.4	1	19 12
129	30	0.4	1	11 19
130	33	0.4	1	17 16
131	22	0.4	1	7 15
132	22	0.4	1	9 13
133	23	0.4	1	8 15
134	20	0.4	1	13 7
135	27	0.4	1	12 15
136	22	0.4	1	6 16
137	24	0.4	1	9 15
138	17	0.4	1	4 13
139	20	0.4	1	3 17
140	21	0.4	1	5 16
141	12	0.4	1	7 5
142	15	0.4	1	8 7
143	22	0.4	1	4 18
144	17	0.4	1	5 12
145	20	0.4	1	8 12
146	21	0.4	1	9 12
147	26	0.4	1	10 16
148	19	0.4	1	4 15
149	12	0.4	1	3 9
150	1182	0.4	1	6 1176

RUN STATISTICS FOR INPUT FILE: s144_R1_001.fastq.gz
=============================================
25164474 sequences processed in total

