
SUMMARISING RUN PARAMETERS
==========================
Input filename: s148_R1_001.fastq.gz
Trimming mode: paired-end
Trim Galore version: 0.6.10
Cutadapt version: 3.4
Number of cores used for trimming: 1
Quality Phred score cutoff: 20
Quality encoding type selected: ASCII+33
Using Illumina adapter for trimming (count: 3950). Second best hit was smallRNA (count: 5)
Adapter sequence: 'AGATCGGAAGAGC' (Illumina TruSeq, Sanger iPCR; auto-detected)
Maximum trimming error rate: 0.1 (default)
Minimum required adapter overlap (stringency): 1 bp
Minimum required sequence length for both reads before a sequence pair gets removed: 20 bp
Running FastQC on the data once trimming has completed
Output file will be GZIP compressed


This is cutadapt 3.4 with Python 3.9.2
Command line parameters: -j 1 -e 0.1 -q 20 -O 1 -a AGATCGGAAGAGC s148_R1_001.fastq.gz
Processing reads on 1 core in single-end mode ...
Finished in 2019.27 s (83 µs/read; 0.72 M reads/minute).

=== Summary ===

Total reads processed:              24,301,969
Reads with adapters:                 8,471,929 (34.9%)
Reads written (passing filters):    24,301,969 (100.0%)

Total basepairs processed: 3,645,295,350 bp
Quality-trimmed:               6,456,915 bp (0.2%)
Total written (filtered):  3,623,979,537 bp (99.4%)

=== Adapter 1 ===

Sequence: AGATCGGAAGAGC; Type: regular 3'; Length: 13; Trimmed: 8471929 times

No. of allowed errors:
1-9 bp: 0; 10-13 bp: 1

Bases preceding removed adapters:
  A: 34.9%
  C: 25.5%
  G: 18.5%
  T: 21.2%
  none/other: 0.0%

Overview of removed sequences
length	count	expect	max.err	error counts
1	6401579	6075492.2	0	6401579
2	1356424	1518873.1	0	1356424
3	428315	379718.3	0	428315
4	106313	94929.6	0	106313
5	28938	23732.4	0	28938
6	10716	5933.1	0	10716
7	6625	1483.3	0	6625
8	6154	370.8	0	6154
9	5404	92.7	0	4960 444
10	5700	23.2	1	4888 812
11	5509	5.8	1	4849 660
12	5291	1.4	1	4886 405
13	4411	0.4	1	4127 284
14	4529	0.4	1	4200 329
15	4266	0.4	1	3969 297
16	4284	0.4	1	3935 349
17	4217	0.4	1	3846 371
18	3775	0.4	1	3525 250
19	3460	0.4	1	3264 196
20	3518	0.4	1	3268 250
21	3457	0.4	1	3234 223
22	3117	0.4	1	2914 203
23	3183	0.4	1	2968 215
24	2961	0.4	1	2731 230
25	2840	0.4	1	2655 185
26	2571	0.4	1	2407 164
27	2722	0.4	1	2540 182
28	2435	0.4	1	2261 174
29	2447	0.4	1	2229 218
30	2347	0.4	1	2207 140
31	2083	0.4	1	1951 132
32	2092	0.4	1	1972 120
33	2032	0.4	1	1889 143
34	2042	0.4	1	1886 156
35	1821	0.4	1	1729 92
36	1698	0.4	1	1589 109
37	1591	0.4	1	1491 100
38	1475	0.4	1	1383 92
39	1472	0.4	1	1376 96
40	1409	0.4	1	1298 111
41	1412	0.4	1	1312 100
42	1440	0.4	1	1337 103
43	1157	0.4	1	1039 118
44	1170	0.4	1	1085 85
45	2008	0.4	1	1905 103
46	582	0.4	1	507 75
47	1019	0.4	1	939 80
48	4766	0.4	1	4593 173
49	2314	0.4	1	2219 95
50	208	0.4	1	167 41
51	850	0.4	1	805 45
52	778	0.4	1	740 38
53	188	0.4	1	156 32
54	290	0.4	1	254 36
55	578	0.4	1	549 29
56	272	0.4	1	229 43
57	93	0.4	1	72 21
58	125	0.4	1	86 39
59	200	0.4	1	170 30
60	76	0.4	1	51 25
61	87	0.4	1	63 24
62	368	0.4	1	336 32
63	108	0.4	1	87 21
64	105	0.4	1	77 28
65	109	0.4	1	78 31
66	302	0.4	1	273 29
67	72	0.4	1	41 31
68	62	0.4	1	29 33
69	61	0.4	1	41 20
70	65	0.4	1	44 21
71	48	0.4	1	21 27
72	40	0.4	1	15 25
73	77	0.4	1	53 24
74	118	0.4	1	92 26
75	126	0.4	1	103 23
76	165	0.4	1	139 26
77	169	0.4	1	143 26
78	156	0.4	1	126 30
79	148	0.4	1	114 34
80	154	0.4	1	139 15
81	125	0.4	1	104 21
82	119	0.4	1	102 17
83	134	0.4	1	113 21
84	127	0.4	1	99 28
85	116	0.4	1	93 23
86	94	0.4	1	73 21
87	104	0.4	1	69 35
88	73	0.4	1	47 26
89	100	0.4	1	77 23
90	106	0.4	1	75 31
91	104	0.4	1	70 34
92	82	0.4	1	59 23
93	92	0.4	1	61 31
94	55	0.4	1	34 21
95	71	0.4	1	55 16
96	61	0.4	1	43 18
97	49	0.4	1	32 17
98	59	0.4	1	35 24
99	51	0.4	1	36 15
100	56	0.4	1	30 26
101	63	0.4	1	34 29
102	52	0.4	1	36 16
103	56	0.4	1	26 30
104	47	0.4	1	21 26
105	47	0.4	1	25 22
106	41	0.4	1	19 22
107	50	0.4	1	28 22
108	46	0.4	1	20 26
109	47	0.4	1	17 30
110	53	0.4	1	24 29
111	34	0.4	1	10 24
112	35	0.4	1	14 21
113	27	0.4	1	12 15
114	28	0.4	1	11 17
115	41	0.4	1	16 25
116	29	0.4	1	11 18
117	36	0.4	1	10 26
118	34	0.4	1	10 24
119	37	0.4	1	15 22
120	26	0.4	1	12 14
121	22	0.4	1	9 13
122	31	0.4	1	10 21
123	31	0.4	1	12 19
124	40	0.4	1	15 25
125	30	0.4	1	9 21
126	26	0.4	1	9 17
127	22	0.4	1	5 17
128	23	0.4	1	10 13
129	29	0.4	1	11 18
130	18	0.4	1	5 13
131	27	0.4	1	3 24
132	26	0.4	1	10 16
133	33	0.4	1	11 22
134	21	0.4	1	3 18
135	34	0.4	1	8 26
136	13	0.4	1	5 8
137	21	0.4	1	6 15
138	26	0.4	1	7 19
139	20	0.4	1	7 13
140	23	0.4	1	6 17
141	31	0.4	1	9 22
142	30	0.4	1	7 23
143	16	0.4	1	4 12
144	16	0.4	1	4 12
145	19	0.4	1	4 15
146	21	0.4	1	6 15
147	32	0.4	1	5 27
148	26	0.4	1	8 18
149	25	0.4	1	0 25
150	1301	0.4	1	6 1295

RUN STATISTICS FOR INPUT FILE: s148_R1_001.fastq.gz
=============================================
24301969 sequences processed in total

