
SUMMARISING RUN PARAMETERS
==========================
Input filename: s150_R1_001.fastq.gz
Trimming mode: paired-end
Trim Galore version: 0.6.10
Cutadapt version: 3.4
Number of cores used for trimming: 1
Quality Phred score cutoff: 20
Quality encoding type selected: ASCII+33
Using Illumina adapter for trimming (count: 2392). Second best hit was smallRNA (count: 6)
Adapter sequence: 'AGATCGGAAGAGC' (Illumina TruSeq, Sanger iPCR; auto-detected)
Maximum trimming error rate: 0.1 (default)
Minimum required adapter overlap (stringency): 1 bp
Minimum required sequence length for both reads before a sequence pair gets removed: 20 bp
Running FastQC on the data once trimming has completed
Output file will be GZIP compressed


This is cutadapt 3.4 with Python 3.9.2
Command line parameters: -j 1 -e 0.1 -q 20 -O 1 -a AGATCGGAAGAGC s150_R1_001.fastq.gz
Processing reads on 1 core in single-end mode ...
Finished in 2019.52 s (84 µs/read; 0.72 M reads/minute).

=== Summary ===

Total reads processed:              24,166,400
Reads with adapters:                 8,337,436 (34.5%)
Reads written (passing filters):    24,166,400 (100.0%)

Total basepairs processed: 3,624,960,000 bp
Quality-trimmed:               9,146,735 bp (0.3%)
Total written (filtered):  3,602,083,042 bp (99.4%)

=== Adapter 1 ===

Sequence: AGATCGGAAGAGC; Type: regular 3'; Length: 13; Trimmed: 8337436 times

No. of allowed errors:
1-9 bp: 0; 10-13 bp: 1

Bases preceding removed adapters:
  A: 35.7%
  C: 25.1%
  G: 18.7%
  T: 20.5%
  none/other: 0.0%

Overview of removed sequences
length	count	expect	max.err	error counts
1	6328524	6041600.0	0	6328524
2	1369965	1510400.0	0	1369965
3	420256	377600.0	0	420256
4	93333	94400.0	0	93333
5	24109	23600.0	0	24109
6	8047	5900.0	0	8047
7	4393	1475.0	0	4393
8	3806	368.8	0	3806
9	3586	92.2	0	3207 379
10	3797	23.0	1	3060 737
11	3533	5.8	1	2966 567
12	3260	1.4	1	2952 308
13	2932	0.4	1	2713 219
14	2944	0.4	1	2657 287
15	2735	0.4	1	2503 232
16	2621	0.4	1	2375 246
17	2723	0.4	1	2437 286
18	2438	0.4	1	2235 203
19	2141	0.4	1	1986 155
20	2264	0.4	1	2089 175
21	2282	0.4	1	2105 177
22	2077	0.4	1	1925 152
23	1977	0.4	1	1809 168
24	1893	0.4	1	1717 176
25	1745	0.4	1	1585 160
26	1627	0.4	1	1516 111
27	1748	0.4	1	1594 154
28	1522	0.4	1	1378 144
29	1572	0.4	1	1384 188
30	1439	0.4	1	1319 120
31	1316	0.4	1	1217 99
32	1306	0.4	1	1203 103
33	1279	0.4	1	1160 119
34	1307	0.4	1	1182 125
35	1138	0.4	1	1030 108
36	1133	0.4	1	1028 105
37	1029	0.4	1	941 88
38	912	0.4	1	839 73
39	834	0.4	1	763 71
40	902	0.4	1	796 106
41	899	0.4	1	796 103
42	942	0.4	1	843 99
43	847	0.4	1	749 98
44	833	0.4	1	740 93
45	1283	0.4	1	1182 101
46	377	0.4	1	305 72
47	622	0.4	1	523 99
48	2783	0.4	1	2650 133
49	1456	0.4	1	1362 94
50	165	0.4	1	119 46
51	592	0.4	1	539 53
52	525	0.4	1	473 52
53	145	0.4	1	112 33
54	209	0.4	1	166 43
55	353	0.4	1	317 36
56	205	0.4	1	169 36
57	92	0.4	1	64 28
58	100	0.4	1	63 37
59	158	0.4	1	126 32
60	95	0.4	1	54 41
61	100	0.4	1	64 36
62	260	0.4	1	212 48
63	129	0.4	1	91 38
64	108	0.4	1	74 34
65	116	0.4	1	76 40
66	233	0.4	1	203 30
67	87	0.4	1	53 34
68	39	0.4	1	20 19
69	56	0.4	1	28 28
70	44	0.4	1	27 17
71	42	0.4	1	19 23
72	45	0.4	1	24 21
73	62	0.4	1	38 24
74	111	0.4	1	77 34
75	123	0.4	1	93 30
76	137	0.4	1	109 28
77	147	0.4	1	108 39
78	130	0.4	1	104 26
79	132	0.4	1	106 26
80	99	0.4	1	80 19
81	130	0.4	1	96 34
82	134	0.4	1	99 35
83	139	0.4	1	100 39
84	151	0.4	1	111 40
85	137	0.4	1	104 33
86	101	0.4	1	71 30
87	110	0.4	1	79 31
88	87	0.4	1	64 23
89	113	0.4	1	82 31
90	107	0.4	1	81 26
91	107	0.4	1	69 38
92	95	0.4	1	70 25
93	97	0.4	1	62 35
94	95	0.4	1	61 34
95	115	0.4	1	69 46
96	87	0.4	1	51 36
97	80	0.4	1	55 25
98	97	0.4	1	72 25
99	81	0.4	1	55 26
100	70	0.4	1	42 28
101	82	0.4	1	49 33
102	78	0.4	1	50 28
103	77	0.4	1	54 23
104	76	0.4	1	50 26
105	61	0.4	1	36 25
106	86	0.4	1	54 32
107	73	0.4	1	48 25
108	65	0.4	1	41 24
109	61	0.4	1	39 22
110	74	0.4	1	46 28
111	67	0.4	1	46 21
112	56	0.4	1	30 26
113	59	0.4	1	38 21
114	56	0.4	1	33 23
115	73	0.4	1	42 31
116	46	0.4	1	25 21
117	63	0.4	1	37 26
118	63	0.4	1	42 21
119	65	0.4	1	41 24
120	54	0.4	1	33 21
121	54	0.4	1	32 22
122	45	0.4	1	21 24
123	48	0.4	1	29 19
124	49	0.4	1	29 20
125	39	0.4	1	27 12
126	50	0.4	1	20 30
127	32	0.4	1	16 16
128	33	0.4	1	24 9
129	40	0.4	1	23 17
130	57	0.4	1	25 32
131	38	0.4	1	14 24
132	40	0.4	1	29 11
133	36	0.4	1	21 15
134	48	0.4	1	24 24
135	27	0.4	1	11 16
136	32	0.4	1	18 14
137	28	0.4	1	16 12
138	34	0.4	1	17 17
139	40	0.4	1	22 18
140	48	0.4	1	20 28
141	26	0.4	1	15 11
142	29	0.4	1	11 18
143	23	0.4	1	10 13
144	32	0.4	1	14 18
145	29	0.4	1	8 21
146	33	0.4	1	19 14
147	31	0.4	1	15 16
148	22	0.4	1	6 16
149	15	0.4	1	0 15
150	1584	0.4	1	5 1579

RUN STATISTICS FOR INPUT FILE: s150_R1_001.fastq.gz
=============================================
24166400 sequences processed in total

