
SUMMARISING RUN PARAMETERS
==========================
Input filename: s151_R2_001.fastq.gz
Trimming mode: paired-end
Trim Galore version: 0.6.10
Cutadapt version: 3.4
Number of cores used for trimming: 1
Quality Phred score cutoff: 20
Quality encoding type selected: ASCII+33
Using Illumina adapter for trimming (count: 3218). Second best hit was Nextera (count: 8)
Adapter sequence: 'AGATCGGAAGAGC' (Illumina TruSeq, Sanger iPCR; auto-detected)
Maximum trimming error rate: 0.1 (default)
Minimum required adapter overlap (stringency): 1 bp
Minimum required sequence length for both reads before a sequence pair gets removed: 20 bp
Running FastQC on the data once trimming has completed
Output file will be GZIP compressed


This is cutadapt 3.4 with Python 3.9.2
Command line parameters: -j 1 -e 0.1 -q 20 -O 1 -a AGATCGGAAGAGC s151_R2_001.fastq.gz
Processing reads on 1 core in single-end mode ...
Finished in 1448.76 s (58 µs/read; 1.03 M reads/minute).

=== Summary ===

Total reads processed:              24,804,399
Reads with adapters:                 8,359,688 (33.7%)
Reads written (passing filters):    24,804,399 (100.0%)

Total basepairs processed: 3,720,659,850 bp
Quality-trimmed:              15,105,308 bp (0.4%)
Total written (filtered):  3,689,618,436 bp (99.2%)

=== Adapter 1 ===

Sequence: AGATCGGAAGAGC; Type: regular 3'; Length: 13; Trimmed: 8359688 times

No. of allowed errors:
1-9 bp: 0; 10-13 bp: 1

Bases preceding removed adapters:
  A: 34.2%
  C: 25.6%
  G: 19.3%
  T: 20.9%
  none/other: 0.0%

Overview of removed sequences
length	count	expect	max.err	error counts
1	6246069	6201099.8	0	6246069
2	1432448	1550274.9	0	1432448
3	421738	387568.7	0	421738
4	92926	96892.2	0	92926
5	24233	24223.0	0	24233
6	8588	6055.8	0	8588
7	4996	1513.9	0	4996
8	4483	378.5	0	4483
9	3409	94.6	0	3056 353
10	4515	23.7	1	3457 1058
11	3854	5.9	1	3182 672
12	3956	1.5	1	3376 580
13	3250	0.4	1	2829 421
14	3735	0.4	1	3208 527
15	2770	0.4	1	2442 328
16	2985	0.4	1	2624 361
17	3511	0.4	1	3025 486
18	2360	0.4	1	2120 240
19	2990	0.4	1	2599 391
20	3045	0.4	1	2635 410
21	2348	0.4	1	2048 300
22	2559	0.4	1	2298 261
23	2335	0.4	1	2080 255
24	3119	0.4	1	2693 426
25	2494	0.4	1	2235 259
26	1779	0.4	1	1560 219
27	1697	0.4	1	1501 196
28	2094	0.4	1	1834 260
29	1816	0.4	1	1600 216
30	1949	0.4	1	1715 234
31	1672	0.4	1	1476 196
32	1882	0.4	1	1658 224
33	1899	0.4	1	1652 247
34	1580	0.4	1	1433 147
35	1580	0.4	1	1405 175
36	1541	0.4	1	1370 171
37	1343	0.4	1	1215 128
38	1571	0.4	1	1395 176
39	1416	0.4	1	1265 151
40	1537	0.4	1	1392 145
41	969	0.4	1	852 117
42	1360	0.4	1	1213 147
43	1001	0.4	1	901 100
44	1227	0.4	1	1049 178
45	1241	0.4	1	1095 146
46	1061	0.4	1	935 126
47	1154	0.4	1	1012 142
48	1026	0.4	1	921 105
49	1044	0.4	1	909 135
50	881	0.4	1	767 114
51	912	0.4	1	791 121
52	915	0.4	1	802 113
53	864	0.4	1	730 134
54	991	0.4	1	854 137
55	741	0.4	1	655 86
56	830	0.4	1	730 100
57	1233	0.4	1	1071 162
58	668	0.4	1	579 89
59	628	0.4	1	553 75
60	1064	0.4	1	879 185
61	689	0.4	1	610 79
62	545	0.4	1	469 76
63	1533	0.4	1	1348 185
64	670	0.4	1	559 111
65	432	0.4	1	362 70
66	512	0.4	1	444 68
67	758	0.4	1	658 100
68	655	0.4	1	574 81
69	591	0.4	1	521 70
70	700	0.4	1	618 82
71	608	0.4	1	535 73
72	564	0.4	1	492 72
73	749	0.4	1	674 75
74	457	0.4	1	421 36
75	343	0.4	1	289 54
76	205	0.4	1	165 40
77	322	0.4	1	278 44
78	379	0.4	1	334 45
79	381	0.4	1	330 51
80	421	0.4	1	355 66
81	450	0.4	1	372 78
82	446	0.4	1	378 68
83	412	0.4	1	355 57
84	380	0.4	1	310 70
85	422	0.4	1	359 63
86	408	0.4	1	352 56
87	388	0.4	1	334 54
88	416	0.4	1	354 62
89	364	0.4	1	297 67
90	370	0.4	1	308 62
91	393	0.4	1	326 67
92	357	0.4	1	293 64
93	370	0.4	1	311 59
94	330	0.4	1	269 61
95	339	0.4	1	283 56
96	343	0.4	1	282 61
97	324	0.4	1	266 58
98	324	0.4	1	269 55
99	302	0.4	1	261 41
100	309	0.4	1	269 40
101	290	0.4	1	247 43
102	308	0.4	1	262 46
103	295	0.4	1	234 61
104	260	0.4	1	216 44
105	274	0.4	1	228 46
106	213	0.4	1	169 44
107	253	0.4	1	202 51
108	248	0.4	1	199 49
109	242	0.4	1	203 39
110	221	0.4	1	192 29
111	206	0.4	1	173 33
112	236	0.4	1	195 41
113	206	0.4	1	167 39
114	201	0.4	1	162 39
115	196	0.4	1	162 34
116	184	0.4	1	126 58
117	157	0.4	1	125 32
118	191	0.4	1	153 38
119	151	0.4	1	122 29
120	167	0.4	1	136 31
121	161	0.4	1	133 28
122	145	0.4	1	114 31
123	147	0.4	1	115 32
124	150	0.4	1	122 28
125	127	0.4	1	101 26
126	104	0.4	1	79 25
127	105	0.4	1	87 18
128	124	0.4	1	101 23
129	93	0.4	1	76 17
130	92	0.4	1	76 16
131	87	0.4	1	66 21
132	94	0.4	1	79 15
133	80	0.4	1	59 21
134	93	0.4	1	76 17
135	67	0.4	1	49 18
136	61	0.4	1	39 22
137	71	0.4	1	50 21
138	55	0.4	1	39 16
139	54	0.4	1	32 22
140	54	0.4	1	28 26
141	39	0.4	1	30 9
142	35	0.4	1	19 16
143	23	0.4	1	9 14
144	43	0.4	1	24 19
145	38	0.4	1	22 16
146	59	0.4	1	37 22
147	37	0.4	1	22 15
148	34	0.4	1	20 14
149	24	0.4	1	12 12
150	50	0.4	1	23 27

RUN STATISTICS FOR INPUT FILE: s151_R2_001.fastq.gz
=============================================
24804399 sequences processed in total

Total number of sequences analysed for the sequence pair length validation: 24804399

Number of sequence pairs removed because at least one read was shorter than the length cutoff (20 bp): 11522 (0.05%)
