
SUMMARISING RUN PARAMETERS
==========================
Input filename: s152_R1_001.fastq.gz
Trimming mode: paired-end
Trim Galore version: 0.6.10
Cutadapt version: 3.4
Number of cores used for trimming: 1
Quality Phred score cutoff: 20
Quality encoding type selected: ASCII+33
Using Illumina adapter for trimming (count: 2925). Second best hit was smallRNA (count: 6)
Adapter sequence: 'AGATCGGAAGAGC' (Illumina TruSeq, Sanger iPCR; auto-detected)
Maximum trimming error rate: 0.1 (default)
Minimum required adapter overlap (stringency): 1 bp
Minimum required sequence length for both reads before a sequence pair gets removed: 20 bp
Running FastQC on the data once trimming has completed
Output file will be GZIP compressed


This is cutadapt 3.4 with Python 3.9.2
Command line parameters: -j 1 -e 0.1 -q 20 -O 1 -a AGATCGGAAGAGC s152_R1_001.fastq.gz
Processing reads on 1 core in single-end mode ...
Finished in 1467.10 s (56 µs/read; 1.07 M reads/minute).

=== Summary ===

Total reads processed:              26,107,356
Reads with adapters:                 9,428,823 (36.1%)
Reads written (passing filters):    26,107,356 (100.0%)

Total basepairs processed: 3,916,103,400 bp
Quality-trimmed:               7,434,261 bp (0.2%)
Total written (filtered):  3,893,259,918 bp (99.4%)

=== Adapter 1 ===

Sequence: AGATCGGAAGAGC; Type: regular 3'; Length: 13; Trimmed: 9428823 times

No. of allowed errors:
1-9 bp: 0; 10-13 bp: 1

Bases preceding removed adapters:
  A: 36.1%
  C: 25.2%
  G: 17.4%
  T: 21.3%
  none/other: 0.0%

Overview of removed sequences
length	count	expect	max.err	error counts
1	7152837	6526839.0	0	7152837
2	1525764	1631709.8	0	1525764
3	483352	407927.4	0	483352
4	111235	101981.9	0	111235
5	27423	25495.5	0	27423
6	9082	6373.9	0	9082
7	6057	1593.5	0	6057
8	6177	398.4	0	6177
9	5476	99.6	0	5075 401
10	5495	24.9	1	4611 884
11	5420	6.2	1	4718 702
12	4912	1.6	1	4497 415
13	4196	0.4	1	3926 270
14	4339	0.4	1	4009 330
15	4017	0.4	1	3741 276
16	3979	0.4	1	3679 300
17	3920	0.4	1	3603 317
18	3402	0.4	1	3167 235
19	3029	0.4	1	2818 211
20	3181	0.4	1	2948 233
21	3027	0.4	1	2799 228
22	2837	0.4	1	2677 160
23	2757	0.4	1	2545 212
24	2460	0.4	1	2259 201
25	2303	0.4	1	2171 132
26	2238	0.4	1	2083 155
27	2177	0.4	1	2047 130
28	2036	0.4	1	1890 146
29	1996	0.4	1	1822 174
30	1722	0.4	1	1622 100
31	1621	0.4	1	1506 115
32	1552	0.4	1	1461 91
33	1531	0.4	1	1424 107
34	1440	0.4	1	1350 90
35	1326	0.4	1	1247 79
36	1432	0.4	1	1311 121
37	1185	0.4	1	1093 92
38	1046	0.4	1	994 52
39	1170	0.4	1	1070 100
40	996	0.4	1	918 78
41	945	0.4	1	857 88
42	923	0.4	1	825 98
43	1000	0.4	1	904 96
44	751	0.4	1	668 83
45	1222	0.4	1	1137 85
46	324	0.4	1	263 61
47	595	0.4	1	540 55
48	1440	0.4	1	1350 90
49	457	0.4	1	398 59
50	250	0.4	1	205 45
51	625	0.4	1	571 54
52	442	0.4	1	408 34
53	256	0.4	1	224 32
54	561	0.4	1	526 35
55	802	0.4	1	759 43
56	296	0.4	1	256 40
57	348	0.4	1	313 35
58	187	0.4	1	147 40
59	312	0.4	1	279 33
60	128	0.4	1	91 37
61	102	0.4	1	71 31
62	333	0.4	1	299 34
63	178	0.4	1	156 22
64	99	0.4	1	72 27
65	126	0.4	1	85 41
66	341	0.4	1	305 36
67	72	0.4	1	50 22
68	115	0.4	1	89 26
69	95	0.4	1	67 28
70	94	0.4	1	65 29
71	33	0.4	1	8 25
72	41	0.4	1	18 23
73	72	0.4	1	53 19
74	102	0.4	1	77 25
75	116	0.4	1	85 31
76	95	0.4	1	69 26
77	115	0.4	1	86 29
78	119	0.4	1	85 34
79	103	0.4	1	72 31
80	93	0.4	1	64 29
81	103	0.4	1	74 29
82	120	0.4	1	86 34
83	111	0.4	1	67 44
84	82	0.4	1	55 27
85	88	0.4	1	60 28
86	79	0.4	1	51 28
87	95	0.4	1	58 37
88	70	0.4	1	40 30
89	90	0.4	1	56 34
90	71	0.4	1	41 30
91	79	0.4	1	47 32
92	73	0.4	1	46 27
93	68	0.4	1	33 35
94	50	0.4	1	30 20
95	65	0.4	1	34 31
96	65	0.4	1	35 30
97	48	0.4	1	20 28
98	47	0.4	1	22 25
99	52	0.4	1	25 27
100	55	0.4	1	28 27
101	36	0.4	1	18 18
102	43	0.4	1	24 19
103	58	0.4	1	31 27
104	68	0.4	1	39 29
105	42	0.4	1	20 22
106	39	0.4	1	21 18
107	48	0.4	1	16 32
108	34	0.4	1	17 17
109	38	0.4	1	12 26
110	35	0.4	1	17 18
111	41	0.4	1	13 28
112	34	0.4	1	14 20
113	48	0.4	1	24 24
114	39	0.4	1	14 25
115	31	0.4	1	13 18
116	40	0.4	1	16 24
117	27	0.4	1	8 19
118	39	0.4	1	8 31
119	27	0.4	1	12 15
120	37	0.4	1	11 26
121	37	0.4	1	17 20
122	32	0.4	1	7 25
123	31	0.4	1	10 21
124	31	0.4	1	13 18
125	26	0.4	1	7 19
126	26	0.4	1	8 18
127	28	0.4	1	7 21
128	49	0.4	1	13 36
129	22	0.4	1	6 16
130	33	0.4	1	8 25
131	25	0.4	1	4 21
132	27	0.4	1	4 23
133	16	0.4	1	4 12
134	21	0.4	1	9 12
135	28	0.4	1	13 15
136	28	0.4	1	7 21
137	22	0.4	1	6 16
138	22	0.4	1	6 16
139	21	0.4	1	4 17
140	20	0.4	1	5 15
141	23	0.4	1	4 19
142	19	0.4	1	4 15
143	20	0.4	1	2 18
144	13	0.4	1	5 8
145	12	0.4	1	1 11
146	16	0.4	1	2 14
147	23	0.4	1	6 17
148	29	0.4	1	1 28
149	26	0.4	1	1 25
150	1329	0.4	1	6 1323

RUN STATISTICS FOR INPUT FILE: s152_R1_001.fastq.gz
=============================================
26107356 sequences processed in total

