
SUMMARISING RUN PARAMETERS
==========================
Input filename: s155_R1_001.fastq.gz
Trimming mode: paired-end
Trim Galore version: 0.6.10
Cutadapt version: 3.4
Number of cores used for trimming: 1
Quality Phred score cutoff: 20
Quality encoding type selected: ASCII+33
Using Illumina adapter for trimming (count: 3585). Second best hit was Nextera (count: 9)
Adapter sequence: 'AGATCGGAAGAGC' (Illumina TruSeq, Sanger iPCR; auto-detected)
Maximum trimming error rate: 0.1 (default)
Minimum required adapter overlap (stringency): 1 bp
Minimum required sequence length for both reads before a sequence pair gets removed: 20 bp
Running FastQC on the data once trimming has completed
Output file will be GZIP compressed


This is cutadapt 3.4 with Python 3.9.2
Command line parameters: -j 1 -e 0.1 -q 20 -O 1 -a AGATCGGAAGAGC s155_R1_001.fastq.gz
Processing reads on 1 core in single-end mode ...
Finished in 1453.87 s (55 µs/read; 1.10 M reads/minute).

=== Summary ===

Total reads processed:              26,672,094
Reads with adapters:                 9,515,569 (35.7%)
Reads written (passing filters):    26,672,094 (100.0%)

Total basepairs processed: 4,000,814,100 bp
Quality-trimmed:               7,656,191 bp (0.2%)
Total written (filtered):  3,976,961,051 bp (99.4%)

=== Adapter 1 ===

Sequence: AGATCGGAAGAGC; Type: regular 3'; Length: 13; Trimmed: 9515569 times

No. of allowed errors:
1-9 bp: 0; 10-13 bp: 1

Bases preceding removed adapters:
  A: 35.4%
  C: 25.6%
  G: 17.8%
  T: 21.2%
  none/other: 0.0%

Overview of removed sequences
length	count	expect	max.err	error counts
1	7177558	6668023.5	0	7177558
2	1556199	1667005.9	0	1556199
3	485124	416751.5	0	485124
4	113744	104187.9	0	113744
5	29428	26047.0	0	29428
6	10269	6511.7	0	10269
7	7154	1627.9	0	7154
8	7135	407.0	0	7135
9	6198	101.7	0	5739 459
10	6339	25.4	1	5386 953
11	6161	6.4	1	5334 827
12	5693	1.6	1	5211 482
13	4904	0.4	1	4610 294
14	5072	0.4	1	4654 418
15	4736	0.4	1	4360 376
16	4629	0.4	1	4239 390
17	4621	0.4	1	4220 401
18	4204	0.4	1	3926 278
19	3581	0.4	1	3362 219
20	3771	0.4	1	3510 261
21	3680	0.4	1	3439 241
22	3289	0.4	1	3086 203
23	3250	0.4	1	3028 222
24	3088	0.4	1	2851 237
25	2882	0.4	1	2679 203
26	2729	0.4	1	2547 182
27	2653	0.4	1	2456 197
28	2473	0.4	1	2316 157
29	2486	0.4	1	2279 207
30	2226	0.4	1	2084 142
31	1991	0.4	1	1867 124
32	2018	0.4	1	1869 149
33	1894	0.4	1	1754 140
34	1763	0.4	1	1636 127
35	1751	0.4	1	1614 137
36	1771	0.4	1	1610 161
37	1523	0.4	1	1412 111
38	1287	0.4	1	1212 75
39	1355	0.4	1	1240 115
40	1279	0.4	1	1201 78
41	1270	0.4	1	1150 120
42	1236	0.4	1	1123 113
43	1311	0.4	1	1203 108
44	893	0.4	1	806 87
45	1630	0.4	1	1514 116
46	503	0.4	1	439 64
47	768	0.4	1	686 82
48	1870	0.4	1	1760 110
49	701	0.4	1	632 69
50	355	0.4	1	309 46
51	809	0.4	1	761 48
52	645	0.4	1	562 83
53	301	0.4	1	265 36
54	661	0.4	1	596 65
55	1035	0.4	1	974 61
56	354	0.4	1	301 53
57	445	0.4	1	409 36
58	258	0.4	1	224 34
59	461	0.4	1	407 54
60	120	0.4	1	91 29
61	156	0.4	1	120 36
62	442	0.4	1	395 47
63	241	0.4	1	197 44
64	122	0.4	1	87 35
65	142	0.4	1	106 36
66	402	0.4	1	358 44
67	90	0.4	1	56 34
68	160	0.4	1	123 37
69	102	0.4	1	76 26
70	98	0.4	1	68 30
71	44	0.4	1	20 24
72	71	0.4	1	45 26
73	102	0.4	1	72 30
74	136	0.4	1	96 40
75	137	0.4	1	100 37
76	161	0.4	1	133 28
77	143	0.4	1	110 33
78	143	0.4	1	99 44
79	120	0.4	1	91 29
80	117	0.4	1	87 30
81	144	0.4	1	104 40
82	116	0.4	1	87 29
83	112	0.4	1	79 33
84	121	0.4	1	91 30
85	111	0.4	1	85 26
86	83	0.4	1	53 30
87	70	0.4	1	47 23
88	85	0.4	1	61 24
89	107	0.4	1	67 40
90	91	0.4	1	54 37
91	74	0.4	1	39 35
92	89	0.4	1	60 29
93	80	0.4	1	44 36
94	85	0.4	1	45 40
95	76	0.4	1	53 23
96	79	0.4	1	51 28
97	71	0.4	1	39 32
98	83	0.4	1	44 39
99	65	0.4	1	38 27
100	47	0.4	1	25 22
101	61	0.4	1	35 26
102	63	0.4	1	35 28
103	63	0.4	1	37 26
104	72	0.4	1	41 31
105	56	0.4	1	31 25
106	55	0.4	1	30 25
107	52	0.4	1	31 21
108	50	0.4	1	26 24
109	68	0.4	1	33 35
110	42	0.4	1	19 23
111	54	0.4	1	26 28
112	44	0.4	1	23 21
113	47	0.4	1	21 26
114	48	0.4	1	25 23
115	42	0.4	1	19 23
116	45	0.4	1	17 28
117	23	0.4	1	8 15
118	32	0.4	1	14 18
119	47	0.4	1	14 33
120	35	0.4	1	13 22
121	37	0.4	1	9 28
122	42	0.4	1	22 20
123	26	0.4	1	4 22
124	20	0.4	1	8 12
125	34	0.4	1	13 21
126	30	0.4	1	16 14
127	26	0.4	1	10 16
128	27	0.4	1	8 19
129	24	0.4	1	5 19
130	17	0.4	1	3 14
131	22	0.4	1	5 17
132	17	0.4	1	5 12
133	23	0.4	1	6 17
134	27	0.4	1	9 18
135	16	0.4	1	4 12
136	23	0.4	1	3 20
137	29	0.4	1	6 23
138	24	0.4	1	4 20
139	16	0.4	1	0 16
140	21	0.4	1	4 17
141	10	0.4	1	2 8
142	16	0.4	1	1 15
143	17	0.4	1	3 14
144	15	0.4	1	3 12
145	15	0.4	1	0 15
146	34	0.4	1	4 30
147	19	0.4	1	6 13
148	29	0.4	1	5 24
149	21	0.4	1	1 20
150	1441	0.4	1	5 1436

RUN STATISTICS FOR INPUT FILE: s155_R1_001.fastq.gz
=============================================
26672094 sequences processed in total

