
SUMMARISING RUN PARAMETERS
==========================
Input filename: s156_R1_001.fastq.gz
Trimming mode: paired-end
Trim Galore version: 0.6.10
Cutadapt version: 3.4
Number of cores used for trimming: 1
Quality Phred score cutoff: 20
Quality encoding type selected: ASCII+33
Using Illumina adapter for trimming (count: 6903). Second best hit was smallRNA (count: 8)
Adapter sequence: 'AGATCGGAAGAGC' (Illumina TruSeq, Sanger iPCR; auto-detected)
Maximum trimming error rate: 0.1 (default)
Minimum required adapter overlap (stringency): 1 bp
Minimum required sequence length for both reads before a sequence pair gets removed: 20 bp
Running FastQC on the data once trimming has completed
Output file will be GZIP compressed


This is cutadapt 3.4 with Python 3.9.2
Command line parameters: -j 1 -e 0.1 -q 20 -O 1 -a AGATCGGAAGAGC s156_R1_001.fastq.gz
Processing reads on 1 core in single-end mode ...
Finished in 1497.65 s (54 µs/read; 1.10 M reads/minute).

=== Summary ===

Total reads processed:              27,499,805
Reads with adapters:                10,144,497 (36.9%)
Reads written (passing filters):    27,499,805 (100.0%)

Total basepairs processed: 4,124,970,750 bp
Quality-trimmed:               7,473,645 bp (0.2%)
Total written (filtered):  4,097,437,228 bp (99.3%)

=== Adapter 1 ===

Sequence: AGATCGGAAGAGC; Type: regular 3'; Length: 13; Trimmed: 10144497 times

No. of allowed errors:
1-9 bp: 0; 10-13 bp: 1

Bases preceding removed adapters:
  A: 36.6%
  C: 24.5%
  G: 17.2%
  T: 21.7%
  none/other: 0.0%

Overview of removed sequences
length	count	expect	max.err	error counts
1	7607960	6874951.2	0	7607960
2	1573700	1718737.8	0	1573700
3	513201	429684.5	0	513201
4	125204	107421.1	0	125204
5	35859	26855.3	0	35859
6	16247	6713.8	0	16247
7	12660	1678.5	0	12660
8	13131	419.6	0	13131
9	11080	104.9	0	10651 429
10	11547	26.2	1	10332 1215
11	11477	6.6	1	10391 1086
12	10896	1.6	1	10210 686
13	9388	0.4	1	8840 548
14	9533	0.4	1	8855 678
15	8997	0.4	1	8446 551
16	8850	0.4	1	8221 629
17	8775	0.4	1	8084 691
18	7612	0.4	1	7228 384
19	7166	0.4	1	6784 382
20	7238	0.4	1	6810 428
21	6935	0.4	1	6491 444
22	6377	0.4	1	6061 316
23	6478	0.4	1	6083 395
24	6014	0.4	1	5609 405
25	5583	0.4	1	5278 305
26	5366	0.4	1	5059 307
27	5277	0.4	1	4993 284
28	4844	0.4	1	4519 325
29	4730	0.4	1	4356 374
30	4517	0.4	1	4303 214
31	4099	0.4	1	3897 202
32	3904	0.4	1	3708 196
33	3807	0.4	1	3602 205
34	3585	0.4	1	3385 200
35	3627	0.4	1	3385 242
36	3428	0.4	1	3199 229
37	3078	0.4	1	2916 162
38	2757	0.4	1	2635 122
39	2899	0.4	1	2701 198
40	2622	0.4	1	2461 161
41	2530	0.4	1	2384 146
42	2489	0.4	1	2340 149
43	2523	0.4	1	2369 154
44	1920	0.4	1	1765 155
45	3333	0.4	1	3162 171
46	799	0.4	1	714 85
47	1671	0.4	1	1574 97
48	3817	0.4	1	3655 162
49	1330	0.4	1	1236 94
50	798	0.4	1	721 77
51	1864	0.4	1	1789 75
52	1317	0.4	1	1235 82
53	632	0.4	1	576 56
54	1448	0.4	1	1381 67
55	2147	0.4	1	2075 72
56	845	0.4	1	784 61
57	958	0.4	1	910 48
58	537	0.4	1	481 56
59	870	0.4	1	827 43
60	281	0.4	1	243 38
61	258	0.4	1	222 36
62	1002	0.4	1	956 46
63	479	0.4	1	435 44
64	214	0.4	1	174 40
65	326	0.4	1	292 34
66	898	0.4	1	851 47
67	159	0.4	1	133 26
68	330	0.4	1	287 43
69	207	0.4	1	176 31
70	182	0.4	1	142 40
71	52	0.4	1	30 22
72	107	0.4	1	69 38
73	185	0.4	1	159 26
74	250	0.4	1	223 27
75	257	0.4	1	215 42
76	242	0.4	1	211 31
77	273	0.4	1	241 32
78	224	0.4	1	187 37
79	217	0.4	1	200 17
80	207	0.4	1	160 47
81	203	0.4	1	166 37
82	196	0.4	1	161 35
83	187	0.4	1	159 28
84	173	0.4	1	139 34
85	192	0.4	1	156 36
86	154	0.4	1	118 36
87	164	0.4	1	129 35
88	131	0.4	1	103 28
89	126	0.4	1	99 27
90	130	0.4	1	103 27
91	134	0.4	1	101 33
92	89	0.4	1	59 30
93	126	0.4	1	85 41
94	78	0.4	1	63 15
95	112	0.4	1	86 26
96	109	0.4	1	73 36
97	109	0.4	1	78 31
98	82	0.4	1	60 22
99	88	0.4	1	57 31
100	59	0.4	1	34 25
101	68	0.4	1	43 25
102	85	0.4	1	50 35
103	68	0.4	1	43 25
104	84	0.4	1	58 26
105	55	0.4	1	34 21
106	55	0.4	1	42 13
107	59	0.4	1	33 26
108	64	0.4	1	40 24
109	45	0.4	1	17 28
110	64	0.4	1	32 32
111	64	0.4	1	30 34
112	38	0.4	1	19 19
113	43	0.4	1	18 25
114	45	0.4	1	29 16
115	46	0.4	1	27 19
116	49	0.4	1	28 21
117	52	0.4	1	24 28
118	40	0.4	1	17 23
119	29	0.4	1	16 13
120	34	0.4	1	10 24
121	42	0.4	1	18 24
122	22	0.4	1	12 10
123	38	0.4	1	16 22
124	31	0.4	1	15 16
125	33	0.4	1	11 22
126	28	0.4	1	12 16
127	35	0.4	1	16 19
128	40	0.4	1	14 26
129	22	0.4	1	12 10
130	39	0.4	1	15 24
131	36	0.4	1	16 20
132	28	0.4	1	10 18
133	22	0.4	1	8 14
134	22	0.4	1	11 11
135	24	0.4	1	11 13
136	29	0.4	1	7 22
137	34	0.4	1	6 28
138	21	0.4	1	9 12
139	20	0.4	1	6 14
140	16	0.4	1	2 14
141	25	0.4	1	8 17
142	27	0.4	1	3 24
143	25	0.4	1	8 17
144	13	0.4	1	2 11
145	22	0.4	1	4 18
146	22	0.4	1	4 18
147	29	0.4	1	6 23
148	16	0.4	1	1 15
149	17	0.4	1	0 17
150	1364	0.4	1	3 1361

RUN STATISTICS FOR INPUT FILE: s156_R1_001.fastq.gz
=============================================
27499805 sequences processed in total

