
SUMMARISING RUN PARAMETERS
==========================
Input filename: s157_R1_001.fastq.gz
Trimming mode: paired-end
Trim Galore version: 0.6.10
Cutadapt version: 3.4
Number of cores used for trimming: 1
Quality Phred score cutoff: 20
Quality encoding type selected: ASCII+33
Using Illumina adapter for trimming (count: 1404). Second best hit was smallRNA (count: 8)
Adapter sequence: 'AGATCGGAAGAGC' (Illumina TruSeq, Sanger iPCR; auto-detected)
Maximum trimming error rate: 0.1 (default)
Minimum required adapter overlap (stringency): 1 bp
Minimum required sequence length for both reads before a sequence pair gets removed: 20 bp
Running FastQC on the data once trimming has completed
Output file will be GZIP compressed


This is cutadapt 3.4 with Python 3.9.2
Command line parameters: -j 1 -e 0.1 -q 20 -O 1 -a AGATCGGAAGAGC s157_R1_001.fastq.gz
Processing reads on 1 core in single-end mode ...
Finished in 2552.41 s (54 µs/read; 1.10 M reads/minute).

=== Summary ===

Total reads processed:              46,974,509
Reads with adapters:                16,772,708 (35.7%)
Reads written (passing filters):    46,974,509 (100.0%)

Total basepairs processed: 7,046,176,350 bp
Quality-trimmed:              13,971,501 bp (0.2%)
Total written (filtered):  7,007,066,489 bp (99.4%)

=== Adapter 1 ===

Sequence: AGATCGGAAGAGC; Type: regular 3'; Length: 13; Trimmed: 16772708 times

No. of allowed errors:
1-9 bp: 0; 10-13 bp: 1

Bases preceding removed adapters:
  A: 35.8%
  C: 25.3%
  G: 17.5%
  T: 21.3%
  none/other: 0.0%

Overview of removed sequences
length	count	expect	max.err	error counts
1	12802546	11743627.2	0	12802546
2	2770770	2935906.8	0	2770770
3	864616	733976.7	0	864616
4	192763	183494.2	0	192763
5	41947	45873.5	0	41947
6	9659	11468.4	0	9659
7	3937	2867.1	0	3937
8	3197	716.8	0	3197
9	3609	179.2	0	2762 847
10	3787	44.8	1	2399 1388
11	3307	11.2	1	2485 822
12	2843	2.8	1	2438 405
13	2394	0.7	1	2187 207
14	2417	0.7	1	2160 257
15	2235	0.7	1	2038 197
16	2209	0.7	1	1910 299
17	2353	0.7	1	2061 292
18	1934	0.7	1	1745 189
19	1920	0.7	1	1715 205
20	1997	0.7	1	1766 231
21	1967	0.7	1	1743 224
22	1738	0.7	1	1515 223
23	1800	0.7	1	1549 251
24	1718	0.7	1	1505 213
25	1705	0.7	1	1504 201
26	1597	0.7	1	1397 200
27	1520	0.7	1	1331 189
28	1348	0.7	1	1179 169
29	1364	0.7	1	1186 178
30	1220	0.7	1	1082 138
31	1125	0.7	1	1008 117
32	1127	0.7	1	973 154
33	1096	0.7	1	923 173
34	1193	0.7	1	1013 180
35	1115	0.7	1	961 154
36	1018	0.7	1	848 170
37	1016	0.7	1	864 152
38	982	0.7	1	826 156
39	904	0.7	1	784 120
40	920	0.7	1	786 134
41	833	0.7	1	728 105
42	939	0.7	1	799 140
43	757	0.7	1	621 136
44	843	0.7	1	696 147
45	1133	0.7	1	980 153
46	429	0.7	1	308 121
47	599	0.7	1	488 111
48	922	0.7	1	772 150
49	617	0.7	1	502 115
50	505	0.7	1	400 105
51	753	0.7	1	615 138
52	579	0.7	1	453 126
53	383	0.7	1	311 72
54	465	0.7	1	378 87
55	661	0.7	1	556 105
56	514	0.7	1	423 91
57	542	0.7	1	445 97
58	452	0.7	1	361 91
59	470	0.7	1	377 93
60	298	0.7	1	231 67
61	279	0.7	1	196 83
62	504	0.7	1	425 79
63	340	0.7	1	269 71
64	235	0.7	1	159 76
65	248	0.7	1	174 74
66	480	0.7	1	390 90
67	218	0.7	1	164 54
68	301	0.7	1	228 73
69	229	0.7	1	159 70
70	177	0.7	1	126 51
71	78	0.7	1	29 49
72	85	0.7	1	37 48
73	139	0.7	1	90 49
74	192	0.7	1	133 59
75	182	0.7	1	122 60
76	191	0.7	1	140 51
77	206	0.7	1	146 60
78	200	0.7	1	145 55
79	186	0.7	1	130 56
80	216	0.7	1	158 58
81	226	0.7	1	156 70
82	231	0.7	1	153 78
83	191	0.7	1	126 65
84	195	0.7	1	123 72
85	202	0.7	1	141 61
86	189	0.7	1	127 62
87	149	0.7	1	111 38
88	177	0.7	1	107 70
89	160	0.7	1	98 62
90	195	0.7	1	114 81
91	159	0.7	1	93 66
92	137	0.7	1	80 57
93	150	0.7	1	90 60
94	136	0.7	1	84 52
95	148	0.7	1	87 61
96	126	0.7	1	68 58
97	134	0.7	1	74 60
98	137	0.7	1	88 49
99	124	0.7	1	73 51
100	114	0.7	1	72 42
101	105	0.7	1	65 40
102	104	0.7	1	65 39
103	134	0.7	1	72 62
104	205	0.7	1	139 66
105	108	0.7	1	52 56
106	103	0.7	1	34 69
107	115	0.7	1	56 59
108	111	0.7	1	54 57
109	90	0.7	1	51 39
110	99	0.7	1	56 43
111	84	0.7	1	39 45
112	92	0.7	1	39 53
113	103	0.7	1	49 54
114	78	0.7	1	35 43
115	73	0.7	1	38 35
116	95	0.7	1	41 54
117	64	0.7	1	31 33
118	89	0.7	1	27 62
119	63	0.7	1	24 39
120	70	0.7	1	24 46
121	77	0.7	1	24 53
122	48	0.7	1	17 31
123	56	0.7	1	20 36
124	48	0.7	1	13 35
125	49	0.7	1	14 35
126	62	0.7	1	13 49
127	50	0.7	1	21 29
128	53	0.7	1	10 43
129	25	0.7	1	13 12
130	29	0.7	1	8 21
131	34	0.7	1	9 25
132	43	0.7	1	11 32
133	35	0.7	1	6 29
134	30	0.7	1	13 17
135	36	0.7	1	6 30
136	28	0.7	1	9 19
137	37	0.7	1	0 37
138	21	0.7	1	7 14
139	27	0.7	1	2 25
140	30	0.7	1	5 25
141	36	0.7	1	5 31
142	44	0.7	1	10 34
143	30	0.7	1	5 25
144	37	0.7	1	6 31
145	31	0.7	1	8 23
146	30	0.7	1	3 27
147	29	0.7	1	9 20
148	19	0.7	1	0 19
149	63	0.7	1	0 63
150	2013	0.7	1	8 2005

RUN STATISTICS FOR INPUT FILE: s157_R1_001.fastq.gz
=============================================
46974509 sequences processed in total

