
SUMMARISING RUN PARAMETERS
==========================
Input filename: s159_R1_001.fastq.gz
Trimming mode: paired-end
Trim Galore version: 0.6.10
Cutadapt version: 3.4
Number of cores used for trimming: 1
Quality Phred score cutoff: 20
Quality encoding type selected: ASCII+33
Using Illumina adapter for trimming (count: 3361). Second best hit was Nextera (count: 6)
Adapter sequence: 'AGATCGGAAGAGC' (Illumina TruSeq, Sanger iPCR; auto-detected)
Maximum trimming error rate: 0.1 (default)
Minimum required adapter overlap (stringency): 1 bp
Minimum required sequence length for both reads before a sequence pair gets removed: 20 bp
Running FastQC on the data once trimming has completed
Output file will be GZIP compressed


This is cutadapt 3.4 with Python 3.9.2
Command line parameters: -j 1 -e 0.1 -q 20 -O 1 -a AGATCGGAAGAGC s159_R1_001.fastq.gz
Processing reads on 1 core in single-end mode ...
Finished in 2403.78 s (54 µs/read; 1.10 M reads/minute).

=== Summary ===

Total reads processed:              44,228,032
Reads with adapters:                16,039,680 (36.3%)
Reads written (passing filters):    44,228,032 (100.0%)

Total basepairs processed: 6,634,204,800 bp
Quality-trimmed:              12,624,254 bp (0.2%)
Total written (filtered):  6,594,220,733 bp (99.4%)

=== Adapter 1 ===

Sequence: AGATCGGAAGAGC; Type: regular 3'; Length: 13; Trimmed: 16039680 times

No. of allowed errors:
1-9 bp: 0; 10-13 bp: 1

Bases preceding removed adapters:
  A: 36.3%
  C: 24.8%
  G: 17.2%
  T: 21.7%
  none/other: 0.0%

Overview of removed sequences
length	count	expect	max.err	error counts
1	12169645	11057008.0	0	12169645
2	2602225	2764252.0	0	2602225
3	824893	691063.0	0	824893
4	189433	172765.8	0	189433
5	43984	43191.4	0	43984
6	12571	10797.9	0	12571
7	7428	2699.5	0	7428
8	6794	674.9	0	6794
9	6718	168.7	0	6002 716
10	6846	42.2	1	5316 1530
11	6786	10.5	1	5705 1081
12	6124	2.6	1	5450 674
13	5513	0.7	1	5013 500
14	5800	0.7	1	5196 604
15	5470	0.7	1	5009 461
16	5666	0.7	1	5064 602
17	5671	0.7	1	5014 657
18	4863	0.7	1	4472 391
19	4464	0.7	1	4071 393
20	4635	0.7	1	4187 448
21	4550	0.7	1	4069 481
22	4161	0.7	1	3785 376
23	4257	0.7	1	3838 419
24	4304	0.7	1	3866 438
25	3868	0.7	1	3514 354
26	3673	0.7	1	3331 342
27	3580	0.7	1	3218 362
28	3063	0.7	1	2777 286
29	2982	0.7	1	2656 326
30	2573	0.7	1	2334 239
31	2380	0.7	1	2166 214
32	2283	0.7	1	2071 212
33	2363	0.7	1	2104 259
34	2436	0.7	1	2174 262
35	2415	0.7	1	2148 267
36	2236	0.7	1	1998 238
37	2299	0.7	1	2058 241
38	2118	0.7	1	1923 195
39	2138	0.7	1	1938 200
40	2129	0.7	1	1868 261
41	1885	0.7	1	1702 183
42	2195	0.7	1	1976 219
43	1817	0.7	1	1573 244
44	1989	0.7	1	1743 246
45	2848	0.7	1	2621 227
46	1003	0.7	1	853 150
47	1598	0.7	1	1444 154
48	1971	0.7	1	1787 184
49	1561	0.7	1	1386 175
50	1164	0.7	1	1017 147
51	1778	0.7	1	1577 201
52	1296	0.7	1	1149 147
53	946	0.7	1	824 122
54	1129	0.7	1	1005 124
55	1518	0.7	1	1384 134
56	1232	0.7	1	1097 135
57	1350	0.7	1	1226 124
58	1124	0.7	1	991 133
59	1369	0.7	1	1237 132
60	582	0.7	1	508 74
61	588	0.7	1	491 97
62	1115	0.7	1	1003 112
63	846	0.7	1	758 88
64	487	0.7	1	396 91
65	512	0.7	1	419 93
66	1319	0.7	1	1204 115
67	490	0.7	1	411 79
68	719	0.7	1	657 62
69	439	0.7	1	380 59
70	404	0.7	1	340 64
71	125	0.7	1	73 52
72	183	0.7	1	120 63
73	308	0.7	1	257 51
74	429	0.7	1	352 77
75	444	0.7	1	379 65
76	461	0.7	1	384 77
77	464	0.7	1	417 47
78	488	0.7	1	419 69
79	463	0.7	1	404 59
80	498	0.7	1	425 73
81	504	0.7	1	421 83
82	462	0.7	1	384 78
83	432	0.7	1	342 90
84	417	0.7	1	327 90
85	426	0.7	1	340 86
86	405	0.7	1	322 83
87	373	0.7	1	297 76
88	349	0.7	1	292 57
89	363	0.7	1	296 67
90	323	0.7	1	263 60
91	300	0.7	1	236 64
92	329	0.7	1	261 68
93	320	0.7	1	253 67
94	291	0.7	1	241 50
95	306	0.7	1	255 51
96	250	0.7	1	185 65
97	250	0.7	1	209 41
98	274	0.7	1	212 62
99	243	0.7	1	192 51
100	250	0.7	1	183 67
101	208	0.7	1	158 50
102	212	0.7	1	154 58
103	183	0.7	1	128 55
104	361	0.7	1	296 65
105	178	0.7	1	145 33
106	170	0.7	1	134 36
107	163	0.7	1	108 55
108	161	0.7	1	121 40
109	175	0.7	1	129 46
110	137	0.7	1	109 28
111	137	0.7	1	102 35
112	129	0.7	1	87 42
113	108	0.7	1	67 41
114	125	0.7	1	72 53
115	122	0.7	1	65 57
116	102	0.7	1	66 36
117	105	0.7	1	66 39
118	94	0.7	1	53 41
119	90	0.7	1	51 39
120	88	0.7	1	44 44
121	73	0.7	1	36 37
122	56	0.7	1	27 29
123	86	0.7	1	41 45
124	71	0.7	1	31 40
125	70	0.7	1	35 35
126	50	0.7	1	18 32
127	53	0.7	1	24 29
128	52	0.7	1	18 34
129	42	0.7	1	22 20
130	44	0.7	1	17 27
131	31	0.7	1	13 18
132	41	0.7	1	17 24
133	49	0.7	1	7 42
134	47	0.7	1	13 34
135	33	0.7	1	7 26
136	51	0.7	1	10 41
137	32	0.7	1	6 26
138	34	0.7	1	4 30
139	33	0.7	1	5 28
140	40	0.7	1	9 31
141	28	0.7	1	14 14
142	30	0.7	1	3 27
143	23	0.7	1	5 18
144	28	0.7	1	8 20
145	34	0.7	1	7 27
146	58	0.7	1	8 50
147	42	0.7	1	15 27
148	34	0.7	1	7 27
149	49	0.7	1	0 49
150	1977	0.7	1	12 1965

RUN STATISTICS FOR INPUT FILE: s159_R1_001.fastq.gz
=============================================
44228032 sequences processed in total

