
SUMMARISING RUN PARAMETERS
==========================
Input filename: s159_R2_001.fastq.gz
Trimming mode: paired-end
Trim Galore version: 0.6.10
Cutadapt version: 3.4
Number of cores used for trimming: 1
Quality Phred score cutoff: 20
Quality encoding type selected: ASCII+33
Using Illumina adapter for trimming (count: 3361). Second best hit was Nextera (count: 6)
Adapter sequence: 'AGATCGGAAGAGC' (Illumina TruSeq, Sanger iPCR; auto-detected)
Maximum trimming error rate: 0.1 (default)
Minimum required adapter overlap (stringency): 1 bp
Minimum required sequence length for both reads before a sequence pair gets removed: 20 bp
Running FastQC on the data once trimming has completed
Output file will be GZIP compressed


This is cutadapt 3.4 with Python 3.9.2
Command line parameters: -j 1 -e 0.1 -q 20 -O 1 -a AGATCGGAAGAGC s159_R2_001.fastq.gz
Processing reads on 1 core in single-end mode ...
Finished in 2637.75 s (60 µs/read; 1.01 M reads/minute).

=== Summary ===

Total reads processed:              44,228,032
Reads with adapters:                16,198,984 (36.6%)
Reads written (passing filters):    44,228,032 (100.0%)

Total basepairs processed: 6,634,204,800 bp
Quality-trimmed:              22,384,497 bp (0.3%)
Total written (filtered):  6,583,763,387 bp (99.2%)

=== Adapter 1 ===

Sequence: AGATCGGAAGAGC; Type: regular 3'; Length: 13; Trimmed: 16198984 times

No. of allowed errors:
1-9 bp: 0; 10-13 bp: 1

Bases preceding removed adapters:
  A: 36.2%
  C: 24.7%
  G: 17.3%
  T: 21.8%
  none/other: 0.0%

Overview of removed sequences
length	count	expect	max.err	error counts
1	12232871	11057008.0	0	12232871
2	2651396	2764252.0	0	2651396
3	848701	691063.0	0	848701
4	200270	172765.8	0	200270
5	45450	43191.4	0	45450
6	12873	10797.9	0	12873
7	7731	2699.5	0	7731
8	7330	674.9	0	7330
9	5958	168.7	0	5207 751
10	7313	42.2	1	5418 1895
11	6840	10.5	1	5459 1381
12	6571	2.6	1	5484 1087
13	5649	0.7	1	4930 719
14	6122	0.7	1	5278 844
15	5464	0.7	1	4742 722
16	5558	0.7	1	4832 726
17	6402	0.7	1	5617 785
18	3975	0.7	1	3471 504
19	6118	0.7	1	5353 765
20	4282	0.7	1	3696 586
21	3981	0.7	1	3433 548
22	4470	0.7	1	3871 599
23	4132	0.7	1	3645 487
24	5316	0.7	1	4624 692
25	4608	0.7	1	4069 539
26	3150	0.7	1	2753 397
27	2916	0.7	1	2545 371
28	3455	0.7	1	3055 400
29	2820	0.7	1	2460 360
30	3095	0.7	1	2703 392
31	2196	0.7	1	1943 253
32	2995	0.7	1	2580 415
33	2378	0.7	1	2071 307
34	2337	0.7	1	2060 277
35	2430	0.7	1	2138 292
36	2175	0.7	1	1917 258
37	2427	0.7	1	2117 310
38	2601	0.7	1	2263 338
39	1925	0.7	1	1671 254
40	2089	0.7	1	1810 279
41	2030	0.7	1	1746 284
42	1925	0.7	1	1677 248
43	1986	0.7	1	1725 261
44	1927	0.7	1	1695 232
45	2162	0.7	1	1849 313
46	2102	0.7	1	1830 272
47	1767	0.7	1	1531 236
48	1719	0.7	1	1438 281
49	1798	0.7	1	1551 247
50	1358	0.7	1	1181 177
51	1523	0.7	1	1274 249
52	1431	0.7	1	1199 232
53	1285	0.7	1	1081 204
54	1369	0.7	1	1133 236
55	1113	0.7	1	948 165
56	1396	0.7	1	1178 218
57	1584	0.7	1	1350 234
58	1276	0.7	1	1059 217
59	1135	0.7	1	979 156
60	1480	0.7	1	1248 232
61	962	0.7	1	791 171
62	796	0.7	1	659 137
63	1577	0.7	1	1317 260
64	817	0.7	1	658 159
65	602	0.7	1	474 128
66	660	0.7	1	525 135
67	813	0.7	1	688 125
68	791	0.7	1	655 136
69	756	0.7	1	609 147
70	790	0.7	1	646 144
71	744	0.7	1	597 147
72	748	0.7	1	601 147
73	948	0.7	1	806 142
74	695	0.7	1	577 118
75	599	0.7	1	485 114
76	325	0.7	1	255 70
77	404	0.7	1	286 118
78	482	0.7	1	375 107
79	487	0.7	1	404 83
80	539	0.7	1	425 114
81	554	0.7	1	436 118
82	523	0.7	1	415 108
83	526	0.7	1	426 100
84	494	0.7	1	369 125
85	475	0.7	1	366 109
86	444	0.7	1	352 92
87	452	0.7	1	352 100
88	433	0.7	1	325 108
89	419	0.7	1	310 109
90	406	0.7	1	306 100
91	374	0.7	1	271 103
92	413	0.7	1	305 108
93	393	0.7	1	292 101
94	374	0.7	1	280 94
95	365	0.7	1	269 96
96	327	0.7	1	230 97
97	323	0.7	1	243 80
98	325	0.7	1	242 83
99	324	0.7	1	236 88
100	324	0.7	1	237 87
101	261	0.7	1	174 87
102	276	0.7	1	194 82
103	258	0.7	1	168 90
104	390	0.7	1	311 79
105	217	0.7	1	155 62
106	228	0.7	1	161 67
107	202	0.7	1	149 53
108	217	0.7	1	149 68
109	210	0.7	1	140 70
110	201	0.7	1	131 70
111	173	0.7	1	124 49
112	166	0.7	1	106 60
113	155	0.7	1	93 62
114	134	0.7	1	88 46
115	144	0.7	1	84 60
116	143	0.7	1	87 56
117	142	0.7	1	77 65
118	139	0.7	1	72 67
119	118	0.7	1	64 54
120	104	0.7	1	58 46
121	110	0.7	1	58 52
122	73	0.7	1	38 35
123	97	0.7	1	53 44
124	84	0.7	1	42 42
125	70	0.7	1	39 31
126	72	0.7	1	26 46
127	68	0.7	1	29 39
128	65	0.7	1	21 44
129	55	0.7	1	24 31
130	51	0.7	1	16 35
131	59	0.7	1	16 43
132	29	0.7	1	15 14
133	34	0.7	1	9 25
134	44	0.7	1	14 30
135	40	0.7	1	8 32
136	41	0.7	1	11 30
137	36	0.7	1	6 30
138	38	0.7	1	4 34
139	52	0.7	1	5 47
140	35	0.7	1	9 26
141	40	0.7	1	16 24
142	32	0.7	1	4 28
143	49	0.7	1	5 44
144	32	0.7	1	8 24
145	33	0.7	1	7 26
146	51	0.7	1	10 41
147	54	0.7	1	16 38
148	34	0.7	1	7 27
149	36	0.7	1	2 34
150	53	0.7	1	9 44

RUN STATISTICS FOR INPUT FILE: s159_R2_001.fastq.gz
=============================================
44228032 sequences processed in total

Total number of sequences analysed for the sequence pair length validation: 44228032

Number of sequence pairs removed because at least one read was shorter than the length cutoff (20 bp): 19667 (0.04%)
