
SUMMARISING RUN PARAMETERS
==========================
Input filename: s160_R2_001.fastq.gz
Trimming mode: paired-end
Trim Galore version: 0.6.10
Cutadapt version: 3.4
Number of cores used for trimming: 1
Quality Phred score cutoff: 20
Quality encoding type selected: ASCII+33
Using Illumina adapter for trimming (count: 3647). Second best hit was Nextera (count: 11)
Adapter sequence: 'AGATCGGAAGAGC' (Illumina TruSeq, Sanger iPCR; auto-detected)
Maximum trimming error rate: 0.1 (default)
Minimum required adapter overlap (stringency): 1 bp
Minimum required sequence length for both reads before a sequence pair gets removed: 20 bp
Running FastQC on the data once trimming has completed
Output file will be GZIP compressed


This is cutadapt 3.4 with Python 3.9.2
Command line parameters: -j 1 -e 0.1 -q 20 -O 1 -a AGATCGGAAGAGC s160_R2_001.fastq.gz
Processing reads on 1 core in single-end mode ...
Finished in 3084.85 s (60 µs/read; 0.99 M reads/minute).

=== Summary ===

Total reads processed:              51,002,107
Reads with adapters:                18,662,291 (36.6%)
Reads written (passing filters):    51,002,107 (100.0%)

Total basepairs processed: 7,650,316,050 bp
Quality-trimmed:              25,143,572 bp (0.3%)
Total written (filtered):  7,592,523,616 bp (99.2%)

=== Adapter 1 ===

Sequence: AGATCGGAAGAGC; Type: regular 3'; Length: 13; Trimmed: 18662291 times

No. of allowed errors:
1-9 bp: 0; 10-13 bp: 1

Bases preceding removed adapters:
  A: 36.0%
  C: 24.8%
  G: 17.3%
  T: 22.0%
  none/other: 0.0%

Overview of removed sequences
length	count	expect	max.err	error counts
1	14084808	12750526.8	0	14084808
2	3052137	3187631.7	0	3052137
3	976362	796907.9	0	976362
4	231165	199227.0	0	231165
5	52388	49806.7	0	52388
6	15412	12451.7	0	15412
7	9216	3112.9	0	9216
8	9136	778.2	0	9136
9	7188	194.6	0	6343 845
10	8905	48.6	1	6748 2157
11	8278	12.2	1	6772 1506
12	7892	3.0	1	6701 1191
13	6901	0.8	1	6030 871
14	7333	0.8	1	6360 973
15	6581	0.8	1	5720 861
16	6774	0.8	1	5920 854
17	7538	0.8	1	6584 954
18	5081	0.8	1	4513 568
19	6708	0.8	1	5919 789
20	5972	0.8	1	5283 689
21	5084	0.8	1	4441 643
22	5348	0.8	1	4692 656
23	5170	0.8	1	4561 609
24	5870	0.8	1	5202 668
25	5536	0.8	1	4933 603
26	4017	0.8	1	3538 479
27	3972	0.8	1	3501 471
28	3948	0.8	1	3538 410
29	3494	0.8	1	3094 400
30	3446	0.8	1	3048 398
31	2959	0.8	1	2619 340
32	3037	0.8	1	2657 380
33	3441	0.8	1	3007 434
34	2990	0.8	1	2607 383
35	2599	0.8	1	2321 278
36	3191	0.8	1	2839 352
37	2915	0.8	1	2590 325
38	2750	0.8	1	2439 311
39	2626	0.8	1	2334 292
40	2069	0.8	1	1795 274
41	2416	0.8	1	2150 266
42	2641	0.8	1	2344 297
43	2095	0.8	1	1845 250
44	2406	0.8	1	2089 317
45	2380	0.8	1	2105 275
46	2361	0.8	1	2079 282
47	2161	0.8	1	1896 265
48	2038	0.8	1	1813 225
49	2019	0.8	1	1769 250
50	1677	0.8	1	1457 220
51	1827	0.8	1	1588 239
52	1527	0.8	1	1326 201
53	1484	0.8	1	1255 229
54	1771	0.8	1	1542 229
55	1307	0.8	1	1130 177
56	1530	0.8	1	1305 225
57	1983	0.8	1	1711 272
58	1381	0.8	1	1186 195
59	1212	0.8	1	1057 155
60	1758	0.8	1	1502 256
61	1200	0.8	1	1024 176
62	912	0.8	1	762 150
63	1998	0.8	1	1730 268
64	901	0.8	1	733 168
65	733	0.8	1	600 133
66	692	0.8	1	565 127
67	952	0.8	1	806 146
68	934	0.8	1	790 144
69	820	0.8	1	679 141
70	928	0.8	1	791 137
71	868	0.8	1	743 125
72	802	0.8	1	676 126
73	1044	0.8	1	910 134
74	721	0.8	1	592 129
75	661	0.8	1	572 89
76	358	0.8	1	278 80
77	468	0.8	1	375 93
78	634	0.8	1	512 122
79	657	0.8	1	537 120
80	699	0.8	1	588 111
81	714	0.8	1	587 127
82	658	0.8	1	555 103
83	676	0.8	1	547 129
84	624	0.8	1	494 130
85	638	0.8	1	538 100
86	583	0.8	1	450 133
87	539	0.8	1	435 104
88	528	0.8	1	428 100
89	547	0.8	1	454 93
90	538	0.8	1	433 105
91	482	0.8	1	383 99
92	487	0.8	1	375 112
93	444	0.8	1	355 89
94	465	0.8	1	370 95
95	406	0.8	1	319 87
96	427	0.8	1	346 81
97	409	0.8	1	319 90
98	419	0.8	1	320 99
99	401	0.8	1	316 85
100	418	0.8	1	324 94
101	373	0.8	1	285 88
102	332	0.8	1	252 80
103	360	0.8	1	269 91
104	472	0.8	1	391 81
105	317	0.8	1	235 82
106	275	0.8	1	205 70
107	291	0.8	1	200 91
108	264	0.8	1	190 74
109	246	0.8	1	187 59
110	264	0.8	1	190 74
111	220	0.8	1	168 52
112	248	0.8	1	185 63
113	206	0.8	1	150 56
114	213	0.8	1	143 70
115	182	0.8	1	133 49
116	179	0.8	1	126 53
117	165	0.8	1	114 51
118	144	0.8	1	102 42
119	134	0.8	1	73 61
120	131	0.8	1	77 54
121	112	0.8	1	65 47
122	113	0.8	1	62 51
123	103	0.8	1	63 40
124	86	0.8	1	56 30
125	91	0.8	1	33 58
126	78	0.8	1	34 44
127	60	0.8	1	22 38
128	56	0.8	1	26 30
129	69	0.8	1	41 28
130	50	0.8	1	17 33
131	49	0.8	1	17 32
132	51	0.8	1	23 28
133	40	0.8	1	17 23
134	41	0.8	1	13 28
135	40	0.8	1	11 29
136	50	0.8	1	22 28
137	41	0.8	1	12 29
138	32	0.8	1	10 22
139	42	0.8	1	10 32
140	42	0.8	1	6 36
141	42	0.8	1	15 27
142	36	0.8	1	4 32
143	48	0.8	1	5 43
144	31	0.8	1	10 21
145	53	0.8	1	12 41
146	44	0.8	1	10 34
147	54	0.8	1	18 36
148	40	0.8	1	7 33
149	35	0.8	1	1 34
150	50	0.8	1	11 39

RUN STATISTICS FOR INPUT FILE: s160_R2_001.fastq.gz
=============================================
51002107 sequences processed in total

Total number of sequences analysed for the sequence pair length validation: 51002107

Number of sequence pairs removed because at least one read was shorter than the length cutoff (20 bp): 22933 (0.04%)
