
SUMMARISING RUN PARAMETERS
==========================
Input filename: s160_R1_001.fastq.gz
Trimming mode: paired-end
Trim Galore version: 0.6.10
Cutadapt version: 3.4
Number of cores used for trimming: 1
Quality Phred score cutoff: 20
Quality encoding type selected: ASCII+33
Using Illumina adapter for trimming (count: 3647). Second best hit was Nextera (count: 11)
Adapter sequence: 'AGATCGGAAGAGC' (Illumina TruSeq, Sanger iPCR; auto-detected)
Maximum trimming error rate: 0.1 (default)
Minimum required adapter overlap (stringency): 1 bp
Minimum required sequence length for both reads before a sequence pair gets removed: 20 bp
Running FastQC on the data once trimming has completed
Output file will be GZIP compressed


This is cutadapt 3.4 with Python 3.9.2
Command line parameters: -j 1 -e 0.1 -q 20 -O 1 -a AGATCGGAAGAGC s160_R1_001.fastq.gz
Processing reads on 1 core in single-end mode ...
Finished in 2799.41 s (55 µs/read; 1.09 M reads/minute).

=== Summary ===

Total reads processed:              51,002,107
Reads with adapters:                18,535,509 (36.3%)
Reads written (passing filters):    51,002,107 (100.0%)

Total basepairs processed: 7,650,316,050 bp
Quality-trimmed:              14,130,499 bp (0.2%)
Total written (filtered):  7,604,144,360 bp (99.4%)

=== Adapter 1 ===

Sequence: AGATCGGAAGAGC; Type: regular 3'; Length: 13; Trimmed: 18535509 times

No. of allowed errors:
1-9 bp: 0; 10-13 bp: 1

Bases preceding removed adapters:
  A: 36.3%
  C: 24.8%
  G: 17.0%
  T: 21.9%
  none/other: 0.0%

Overview of removed sequences
length	count	expect	max.err	error counts
1	14067316	12750526.8	0	14067316
2	2994296	3187631.7	0	2994296
3	946006	796907.9	0	946006
4	220593	199227.0	0	220593
5	51089	49806.7	0	51089
6	15210	12451.7	0	15210
7	8973	3112.9	0	8973
8	8653	778.2	0	8653
9	8066	194.6	0	7151 915
10	8326	48.6	1	6610 1716
11	8337	12.2	1	7088 1249
12	7588	3.0	1	6785 803
13	6705	0.8	1	6151 554
14	7061	0.8	1	6270 791
15	6646	0.8	1	6120 526
16	6945	0.8	1	6215 730
17	7061	0.8	1	6206 855
18	5867	0.8	1	5360 507
19	5526	0.8	1	5078 448
20	5723	0.8	1	5251 472
21	5605	0.8	1	5073 532
22	5127	0.8	1	4649 478
23	5305	0.8	1	4827 478
24	5191	0.8	1	4634 557
25	4707	0.8	1	4269 438
26	4647	0.8	1	4181 466
27	4435	0.8	1	4043 392
28	3653	0.8	1	3368 285
29	3667	0.8	1	3263 404
30	3112	0.8	1	2834 278
31	2913	0.8	1	2661 252
32	2905	0.8	1	2639 266
33	2745	0.8	1	2408 337
34	2976	0.8	1	2638 338
35	2988	0.8	1	2675 313
36	2734	0.8	1	2453 281
37	2820	0.8	1	2565 255
38	2601	0.8	1	2360 241
39	2528	0.8	1	2280 248
40	2587	0.8	1	2353 234
41	2333	0.8	1	2140 193
42	2641	0.8	1	2403 238
43	2116	0.8	1	1864 252
44	2314	0.8	1	2046 268
45	3349	0.8	1	3084 265
46	1254	0.8	1	1085 169
47	1721	0.8	1	1577 144
48	2559	0.8	1	2323 236
49	1729	0.8	1	1532 197
50	1406	0.8	1	1238 168
51	2075	0.8	1	1826 249
52	1470	0.8	1	1300 170
53	1080	0.8	1	944 136
54	1597	0.8	1	1421 176
55	1860	0.8	1	1712 148
56	1342	0.8	1	1205 137
57	1700	0.8	1	1591 109
58	1332	0.8	1	1194 138
59	1553	0.8	1	1443 110
60	827	0.8	1	734 93
61	705	0.8	1	622 83
62	1377	0.8	1	1257 120
63	951	0.8	1	868 83
64	616	0.8	1	532 84
65	666	0.8	1	557 109
66	1551	0.8	1	1433 118
67	548	0.8	1	453 95
68	826	0.8	1	732 94
69	547	0.8	1	451 96
70	486	0.8	1	394 92
71	113	0.8	1	64 49
72	167	0.8	1	115 52
73	363	0.8	1	301 62
74	459	0.8	1	401 58
75	547	0.8	1	469 78
76	560	0.8	1	497 63
77	601	0.8	1	529 72
78	660	0.8	1	584 76
79	652	0.8	1	560 92
80	667	0.8	1	587 80
81	650	0.8	1	568 82
82	599	0.8	1	527 72
83	562	0.8	1	493 69
84	528	0.8	1	443 85
85	554	0.8	1	478 76
86	504	0.8	1	406 98
87	503	0.8	1	415 88
88	464	0.8	1	397 67
89	489	0.8	1	413 76
90	460	0.8	1	380 80
91	417	0.8	1	360 57
92	414	0.8	1	352 62
93	397	0.8	1	321 76
94	413	0.8	1	332 81
95	335	0.8	1	276 59
96	375	0.8	1	310 65
97	355	0.8	1	290 65
98	343	0.8	1	272 71
99	335	0.8	1	266 69
100	338	0.8	1	286 52
101	311	0.8	1	252 59
102	271	0.8	1	215 56
103	283	0.8	1	228 55
104	430	0.8	1	383 47
105	268	0.8	1	216 52
106	246	0.8	1	188 58
107	213	0.8	1	164 49
108	212	0.8	1	164 48
109	221	0.8	1	179 42
110	236	0.8	1	164 72
111	212	0.8	1	155 57
112	190	0.8	1	143 47
113	175	0.8	1	129 46
114	164	0.8	1	115 49
115	157	0.8	1	111 46
116	150	0.8	1	111 39
117	156	0.8	1	99 57
118	121	0.8	1	84 37
119	100	0.8	1	64 36
120	117	0.8	1	69 48
121	103	0.8	1	55 48
122	98	0.8	1	53 45
123	81	0.8	1	47 34
124	87	0.8	1	41 46
125	54	0.8	1	24 30
126	52	0.8	1	21 31
127	38	0.8	1	16 22
128	66	0.8	1	22 44
129	71	0.8	1	37 34
130	40	0.8	1	17 23
131	41	0.8	1	14 27
132	58	0.8	1	24 34
133	45	0.8	1	19 26
134	38	0.8	1	10 28
135	42	0.8	1	13 29
136	53	0.8	1	19 34
137	31	0.8	1	12 19
138	29	0.8	1	11 18
139	49	0.8	1	9 40
140	32	0.8	1	6 26
141	53	0.8	1	14 39
142	34	0.8	1	8 26
143	31	0.8	1	4 27
144	38	0.8	1	11 27
145	42	0.8	1	12 30
146	39	0.8	1	9 30
147	54	0.8	1	18 36
148	40	0.8	1	7 33
149	88	0.8	1	1 87
150	2161	0.8	1	11 2150

RUN STATISTICS FOR INPUT FILE: s160_R1_001.fastq.gz
=============================================
51002107 sequences processed in total

