
SUMMARISING RUN PARAMETERS
==========================
Input filename: s161_R2_001.fastq.gz
Trimming mode: paired-end
Trim Galore version: 0.6.10
Cutadapt version: 3.4
Number of cores used for trimming: 1
Quality Phred score cutoff: 20
Quality encoding type selected: ASCII+33
Using Illumina adapter for trimming (count: 5000). Second best hit was Nextera (count: 16)
Adapter sequence: 'AGATCGGAAGAGC' (Illumina TruSeq, Sanger iPCR; auto-detected)
Maximum trimming error rate: 0.1 (default)
Minimum required adapter overlap (stringency): 1 bp
Minimum required sequence length for both reads before a sequence pair gets removed: 20 bp
Running FastQC on the data once trimming has completed
Output file will be GZIP compressed


This is cutadapt 3.4 with Python 3.9.2
Command line parameters: -j 1 -e 0.1 -q 20 -O 1 -a AGATCGGAAGAGC s161_R2_001.fastq.gz
Processing reads on 1 core in single-end mode ...
Finished in 2903.67 s (60 µs/read; 0.99 M reads/minute).

=== Summary ===

Total reads processed:              48,017,234
Reads with adapters:                17,516,302 (36.5%)
Reads written (passing filters):    48,017,234 (100.0%)

Total basepairs processed: 7,202,585,100 bp
Quality-trimmed:              24,553,637 bp (0.3%)
Total written (filtered):  7,144,945,289 bp (99.2%)

=== Adapter 1 ===

Sequence: AGATCGGAAGAGC; Type: regular 3'; Length: 13; Trimmed: 17516302 times

No. of allowed errors:
1-9 bp: 0; 10-13 bp: 1

Bases preceding removed adapters:
  A: 35.9%
  C: 24.8%
  G: 17.5%
  T: 21.9%
  none/other: 0.0%

Overview of removed sequences
length	count	expect	max.err	error counts
1	13121417	12004308.5	0	13121417
2	2865185	3001077.1	0	2865185
3	918346	750269.3	0	918346
4	218488	187567.3	0	218488
5	52968	46891.8	0	52968
6	17545	11723.0	0	17545
7	11372	2930.7	0	11372
8	11072	732.7	0	11072
9	8366	183.2	0	7591 775
10	10709	45.8	1	8409 2300
11	10042	11.4	1	8314 1728
12	10031	2.9	1	8538 1493
13	8831	0.7	1	7623 1208
14	9381	0.7	1	8139 1242
15	8412	0.7	1	7337 1075
16	8833	0.7	1	7698 1135
17	9811	0.7	1	8647 1164
18	6955	0.7	1	6159 796
19	10262	0.7	1	9110 1152
20	7035	0.7	1	6207 828
21	6658	0.7	1	5857 801
22	7566	0.7	1	6621 945
23	7278	0.7	1	6476 802
24	8663	0.7	1	7639 1024
25	7857	0.7	1	7052 805
26	5589	0.7	1	4941 648
27	5099	0.7	1	4557 542
28	5620	0.7	1	5033 587
29	4790	0.7	1	4230 560
30	5013	0.7	1	4485 528
31	4092	0.7	1	3669 423
32	4150	0.7	1	3709 441
33	4072	0.7	1	3601 471
34	4505	0.7	1	4017 488
35	4002	0.7	1	3568 434
36	3957	0.7	1	3558 399
37	3663	0.7	1	3262 401
38	3976	0.7	1	3539 437
39	3994	0.7	1	3532 462
40	3635	0.7	1	3240 395
41	3297	0.7	1	2958 339
42	3630	0.7	1	3246 384
43	2849	0.7	1	2572 277
44	3323	0.7	1	2990 333
45	3416	0.7	1	3033 383
46	3212	0.7	1	2881 331
47	3024	0.7	1	2696 328
48	2857	0.7	1	2509 348
49	2779	0.7	1	2465 314
50	2230	0.7	1	1982 248
51	2405	0.7	1	2124 281
52	2060	0.7	1	1846 214
53	1989	0.7	1	1733 256
54	2067	0.7	1	1813 254
55	1658	0.7	1	1474 184
56	2081	0.7	1	1807 274
57	2535	0.7	1	2237 298
58	1648	0.7	1	1425 223
59	1598	0.7	1	1418 180
60	2248	0.7	1	1974 274
61	1438	0.7	1	1263 175
62	1105	0.7	1	959 146
63	2280	0.7	1	1996 284
64	1089	0.7	1	901 188
65	797	0.7	1	668 129
66	843	0.7	1	691 152
67	1087	0.7	1	957 130
68	1069	0.7	1	929 140
69	947	0.7	1	801 146
70	1091	0.7	1	944 147
71	943	0.7	1	788 155
72	923	0.7	1	790 133
73	1243	0.7	1	1077 166
74	835	0.7	1	727 108
75	769	0.7	1	660 109
76	445	0.7	1	361 84
77	533	0.7	1	433 100
78	659	0.7	1	544 115
79	684	0.7	1	583 101
80	739	0.7	1	630 109
81	755	0.7	1	638 117
82	765	0.7	1	633 132
83	730	0.7	1	624 106
84	699	0.7	1	580 119
85	662	0.7	1	545 117
86	609	0.7	1	494 115
87	617	0.7	1	496 121
88	606	0.7	1	494 112
89	529	0.7	1	423 106
90	516	0.7	1	424 92
91	480	0.7	1	398 82
92	511	0.7	1	395 116
93	465	0.7	1	374 91
94	439	0.7	1	340 99
95	441	0.7	1	342 99
96	433	0.7	1	322 111
97	434	0.7	1	345 89
98	392	0.7	1	313 79
99	391	0.7	1	322 69
100	401	0.7	1	301 100
101	336	0.7	1	265 71
102	299	0.7	1	229 70
103	295	0.7	1	230 65
104	437	0.7	1	348 89
105	233	0.7	1	163 70
106	240	0.7	1	163 77
107	269	0.7	1	193 76
108	238	0.7	1	159 79
109	256	0.7	1	175 81
110	194	0.7	1	147 47
111	208	0.7	1	143 65
112	172	0.7	1	124 48
113	180	0.7	1	127 53
114	161	0.7	1	97 64
115	124	0.7	1	84 40
116	167	0.7	1	114 53
117	162	0.7	1	92 70
118	119	0.7	1	65 54
119	118	0.7	1	65 53
120	94	0.7	1	51 43
121	83	0.7	1	56 27
122	76	0.7	1	39 37
123	85	0.7	1	47 38
124	84	0.7	1	38 46
125	67	0.7	1	28 39
126	61	0.7	1	35 26
127	66	0.7	1	21 45
128	54	0.7	1	18 36
129	62	0.7	1	22 40
130	51	0.7	1	8 43
131	47	0.7	1	6 41
132	44	0.7	1	16 28
133	47	0.7	1	14 33
134	52	0.7	1	21 31
135	38	0.7	1	3 35
136	41	0.7	1	6 35
137	30	0.7	1	6 24
138	31	0.7	1	4 27
139	31	0.7	1	1 30
140	33	0.7	1	13 20
141	28	0.7	1	17 11
142	30	0.7	1	7 23
143	32	0.7	1	2 30
144	41	0.7	1	7 34
145	38	0.7	1	5 33
146	41	0.7	1	8 33
147	46	0.7	1	9 37
148	35	0.7	1	5 30
149	30	0.7	1	0 30
150	56	0.7	1	7 49

RUN STATISTICS FOR INPUT FILE: s161_R2_001.fastq.gz
=============================================
48017234 sequences processed in total

Total number of sequences analysed for the sequence pair length validation: 48017234

Number of sequence pairs removed because at least one read was shorter than the length cutoff (20 bp): 22454 (0.05%)
