
SUMMARISING RUN PARAMETERS
==========================
Input filename: s163_R1_001.fastq.gz
Trimming mode: paired-end
Trim Galore version: 0.6.10
Cutadapt version: 3.4
Number of cores used for trimming: 1
Quality Phred score cutoff: 20
Quality encoding type selected: ASCII+33
Using Illumina adapter for trimming (count: 6286). Second best hit was Nextera (count: 16)
Adapter sequence: 'AGATCGGAAGAGC' (Illumina TruSeq, Sanger iPCR; auto-detected)
Maximum trimming error rate: 0.1 (default)
Minimum required adapter overlap (stringency): 1 bp
Minimum required sequence length for both reads before a sequence pair gets removed: 20 bp
Running FastQC on the data once trimming has completed
Output file will be GZIP compressed


This is cutadapt 3.4 with Python 3.9.2
Command line parameters: -j 1 -e 0.1 -q 20 -O 1 -a AGATCGGAAGAGC s163_R1_001.fastq.gz
Processing reads on 1 core in single-end mode ...
Finished in 2223.35 s (55 µs/read; 1.10 M reads/minute).

=== Summary ===

Total reads processed:              40,646,690
Reads with adapters:                14,605,469 (35.9%)
Reads written (passing filters):    40,646,690 (100.0%)

Total basepairs processed: 6,097,003,500 bp
Quality-trimmed:              12,032,728 bp (0.2%)
Total written (filtered):  6,055,610,667 bp (99.3%)

=== Adapter 1 ===

Sequence: AGATCGGAAGAGC; Type: regular 3'; Length: 13; Trimmed: 14605469 times

No. of allowed errors:
1-9 bp: 0; 10-13 bp: 1

Bases preceding removed adapters:
  A: 35.6%
  C: 25.2%
  G: 17.6%
  T: 21.6%
  none/other: 0.0%

Overview of removed sequences
length	count	expect	max.err	error counts
1	10867970	10161672.5	0	10867970
2	2412631	2540418.1	0	2412631
3	756527	635104.5	0	756527
4	177741	158776.1	0	177741
5	47565	39694.0	0	47565
6	18117	9923.5	0	18117
7	11844	2480.9	0	11844
8	11527	620.2	0	11527
9	10618	155.1	0	9933 685
10	11004	38.8	1	9432 1572
11	10778	9.7	1	9633 1145
12	10476	2.4	1	9679 797
13	9322	0.6	1	8766 556
14	9768	0.6	1	8994 774
15	9536	0.6	1	8964 572
16	9527	0.6	1	8751 776
17	9543	0.6	1	8733 810
18	8382	0.6	1	7854 528
19	7631	0.6	1	7119 512
20	7867	0.6	1	7386 481
21	7848	0.6	1	7276 572
22	7213	0.6	1	6741 472
23	7131	0.6	1	6615 516
24	6956	0.6	1	6439 517
25	6414	0.6	1	5998 416
26	6316	0.6	1	5879 437
27	5825	0.6	1	5426 399
28	5074	0.6	1	4750 324
29	4653	0.6	1	4276 377
30	4182	0.6	1	3929 253
31	3702	0.6	1	3473 229
32	3644	0.6	1	3385 259
33	3652	0.6	1	3353 299
34	3926	0.6	1	3588 338
35	3509	0.6	1	3275 234
36	3616	0.6	1	3364 252
37	3433	0.6	1	3185 248
38	3425	0.6	1	3176 249
39	3541	0.6	1	3249 292
40	3470	0.6	1	3192 278
41	3211	0.6	1	2953 258
42	3712	0.6	1	3448 264
43	2809	0.6	1	2526 283
44	3433	0.6	1	3114 319
45	5394	0.6	1	5055 339
46	1937	0.6	1	1706 231
47	3181	0.6	1	2908 273
48	14680	0.6	1	14180 500
49	3467	0.6	1	3224 243
50	630	0.6	1	518 112
51	3470	0.6	1	3270 200
52	2430	0.6	1	2286 144
53	411	0.6	1	336 75
54	1576	0.6	1	1477 99
55	3044	0.6	1	2906 138
56	1003	0.6	1	916 87
57	567	0.6	1	494 73
58	462	0.6	1	374 88
59	1192	0.6	1	1113 79
60	211	0.6	1	142 69
61	353	0.6	1	281 72
62	1301	0.6	1	1219 82
63	335	0.6	1	270 65
64	243	0.6	1	192 51
65	459	0.6	1	380 79
66	1227	0.6	1	1116 111
67	182	0.6	1	124 58
68	309	0.6	1	250 59
69	361	0.6	1	287 74
70	413	0.6	1	355 58
71	105	0.6	1	59 46
72	143	0.6	1	83 60
73	317	0.6	1	263 54
74	484	0.6	1	423 61
75	680	0.6	1	603 77
76	799	0.6	1	729 70
77	920	0.6	1	817 103
78	930	0.6	1	843 87
79	878	0.6	1	802 76
80	990	0.6	1	907 83
81	905	0.6	1	816 89
82	875	0.6	1	811 64
83	748	0.6	1	684 64
84	773	0.6	1	697 76
85	709	0.6	1	641 68
86	698	0.6	1	604 94
87	651	0.6	1	587 64
88	643	0.6	1	575 68
89	666	0.6	1	600 66
90	604	0.6	1	531 73
91	568	0.6	1	504 64
92	594	0.6	1	532 62
93	575	0.6	1	509 66
94	568	0.6	1	508 60
95	543	0.6	1	479 64
96	497	0.6	1	435 62
97	498	0.6	1	437 61
98	427	0.6	1	375 52
99	493	0.6	1	422 71
100	465	0.6	1	384 81
101	430	0.6	1	381 49
102	383	0.6	1	334 49
103	347	0.6	1	285 62
104	438	0.6	1	386 52
105	324	0.6	1	274 50
106	321	0.6	1	271 50
107	308	0.6	1	259 49
108	298	0.6	1	239 59
109	299	0.6	1	255 44
110	281	0.6	1	230 51
111	273	0.6	1	234 39
112	234	0.6	1	198 36
113	208	0.6	1	162 46
114	209	0.6	1	170 39
115	204	0.6	1	162 42
116	199	0.6	1	147 52
117	164	0.6	1	114 50
118	166	0.6	1	117 49
119	151	0.6	1	91 60
120	126	0.6	1	90 36
121	113	0.6	1	72 41
122	83	0.6	1	49 34
123	71	0.6	1	39 32
124	72	0.6	1	33 39
125	63	0.6	1	25 38
126	69	0.6	1	31 38
127	57	0.6	1	21 36
128	55	0.6	1	23 32
129	42	0.6	1	16 26
130	36	0.6	1	13 23
131	28	0.6	1	9 19
132	40	0.6	1	11 29
133	28	0.6	1	14 14
134	41	0.6	1	16 25
135	30	0.6	1	7 23
136	35	0.6	1	8 27
137	27	0.6	1	4 23
138	31	0.6	1	4 27
139	28	0.6	1	3 25
140	31	0.6	1	9 22
141	32	0.6	1	11 21
142	45	0.6	1	4 41
143	18	0.6	1	6 12
144	28	0.6	1	5 23
145	24	0.6	1	2 22
146	26	0.6	1	3 23
147	34	0.6	1	10 24
148	44	0.6	1	6 38
149	54	0.6	1	1 53
150	2168	0.6	1	5 2163

RUN STATISTICS FOR INPUT FILE: s163_R1_001.fastq.gz
=============================================
40646690 sequences processed in total

