
SUMMARISING RUN PARAMETERS
==========================
Input filename: s163_R2_001.fastq.gz
Trimming mode: paired-end
Trim Galore version: 0.6.10
Cutadapt version: 3.4
Number of cores used for trimming: 1
Quality Phred score cutoff: 20
Quality encoding type selected: ASCII+33
Using Illumina adapter for trimming (count: 6286). Second best hit was Nextera (count: 16)
Adapter sequence: 'AGATCGGAAGAGC' (Illumina TruSeq, Sanger iPCR; auto-detected)
Maximum trimming error rate: 0.1 (default)
Minimum required adapter overlap (stringency): 1 bp
Minimum required sequence length for both reads before a sequence pair gets removed: 20 bp
Running FastQC on the data once trimming has completed
Output file will be GZIP compressed


This is cutadapt 3.4 with Python 3.9.2
Command line parameters: -j 1 -e 0.1 -q 20 -O 1 -a AGATCGGAAGAGC s163_R2_001.fastq.gz
Processing reads on 1 core in single-end mode ...
Finished in 2425.65 s (60 µs/read; 1.01 M reads/minute).

=== Summary ===

Total reads processed:              40,646,690
Reads with adapters:                14,629,751 (36.0%)
Reads written (passing filters):    40,646,690 (100.0%)

Total basepairs processed: 6,097,003,500 bp
Quality-trimmed:              20,817,070 bp (0.3%)
Total written (filtered):  6,046,068,948 bp (99.2%)

=== Adapter 1 ===

Sequence: AGATCGGAAGAGC; Type: regular 3'; Length: 13; Trimmed: 14629751 times

No. of allowed errors:
1-9 bp: 0; 10-13 bp: 1

Bases preceding removed adapters:
  A: 35.2%
  C: 25.3%
  G: 18.0%
  T: 21.5%
  none/other: 0.0%

Overview of removed sequences
length	count	expect	max.err	error counts
1	10807753	10161672.5	0	10807753
2	2459363	2540418.1	0	2459363
3	774432	635104.5	0	774432
4	184672	158776.1	0	184672
5	48920	39694.0	0	48920
6	18373	9923.5	0	18373
7	12437	2480.9	0	12437
8	12373	620.2	0	12373
9	9473	155.1	0	8744 729
10	11683	38.8	1	9671 2012
11	10719	9.7	1	9186 1533
12	10975	2.4	1	9669 1306
13	9374	0.6	1	8432 942
14	10506	0.6	1	9349 1157
15	9140	0.6	1	8270 870
16	9402	0.6	1	8458 944
17	10751	0.6	1	9781 970
18	6814	0.6	1	6234 580
19	9996	0.6	1	9024 972
20	7232	0.6	1	6598 634
21	7004	0.6	1	6337 667
22	7414	0.6	1	6618 796
23	7055	0.6	1	6446 609
24	7322	0.6	1	6634 688
25	7742	0.6	1	7077 665
26	5475	0.6	1	4980 495
27	5618	0.6	1	5117 501
28	5298	0.6	1	4813 485
29	4494	0.6	1	4072 422
30	4590	0.6	1	4117 473
31	3732	0.6	1	3402 330
32	3955	0.6	1	3591 364
33	3574	0.6	1	3228 346
34	4285	0.6	1	3779 506
35	4030	0.6	1	3651 379
36	3818	0.6	1	3468 350
37	3443	0.6	1	3107 336
38	3964	0.6	1	3644 320
39	3439	0.6	1	3151 288
40	3240	0.6	1	2959 281
41	2916	0.6	1	2691 225
42	3076	0.6	1	2824 252
43	2924	0.6	1	2669 255
44	3171	0.6	1	2876 295
45	3179	0.6	1	2882 297
46	3156	0.6	1	2880 276
47	3034	0.6	1	2763 271
48	2713	0.6	1	2468 245
49	2714	0.6	1	2454 260
50	2314	0.6	1	2121 193
51	2347	0.6	1	2116 231
52	2113	0.6	1	1883 230
53	2023	0.6	1	1823 200
54	2201	0.6	1	1968 233
55	1870	0.6	1	1666 204
56	2099	0.6	1	1850 249
57	2768	0.6	1	2458 310
58	1942	0.6	1	1724 218
59	1734	0.6	1	1566 168
60	2441	0.6	1	2151 290
61	1656	0.6	1	1494 162
62	1292	0.6	1	1133 159
63	2508	0.6	1	2220 288
64	1177	0.6	1	1007 170
65	932	0.6	1	822 110
66	971	0.6	1	832 139
67	1346	0.6	1	1178 168
68	1333	0.6	1	1181 152
69	1119	0.6	1	961 158
70	1247	0.6	1	1108 139
71	1231	0.6	1	1084 147
72	1163	0.6	1	1017 146
73	1598	0.6	1	1432 166
74	1047	0.6	1	935 112
75	1015	0.6	1	918 97
76	521	0.6	1	448 73
77	680	0.6	1	584 96
78	851	0.6	1	748 103
79	867	0.6	1	750 117
80	1006	0.6	1	871 135
81	942	0.6	1	838 104
82	915	0.6	1	792 123
83	849	0.6	1	742 107
84	851	0.6	1	738 113
85	866	0.6	1	747 119
86	771	0.6	1	662 109
87	751	0.6	1	630 121
88	665	0.6	1	573 92
89	706	0.6	1	602 104
90	717	0.6	1	590 127
91	642	0.6	1	555 87
92	669	0.6	1	568 101
93	641	0.6	1	558 83
94	620	0.6	1	530 90
95	606	0.6	1	512 94
96	557	0.6	1	466 91
97	587	0.6	1	479 108
98	496	0.6	1	415 81
99	580	0.6	1	483 97
100	520	0.6	1	439 81
101	515	0.6	1	420 95
102	434	0.6	1	366 68
103	382	0.6	1	309 73
104	499	0.6	1	413 86
105	367	0.6	1	304 63
106	388	0.6	1	301 87
107	338	0.6	1	282 56
108	321	0.6	1	264 57
109	363	0.6	1	289 74
110	326	0.6	1	257 69
111	316	0.6	1	252 64
112	282	0.6	1	215 67
113	258	0.6	1	186 72
114	246	0.6	1	195 51
115	243	0.6	1	191 52
116	204	0.6	1	151 53
117	217	0.6	1	143 74
118	207	0.6	1	142 65
119	158	0.6	1	108 50
120	156	0.6	1	105 51
121	132	0.6	1	88 44
122	101	0.6	1	62 39
123	96	0.6	1	56 40
124	90	0.6	1	49 41
125	65	0.6	1	34 31
126	69	0.6	1	44 25
127	56	0.6	1	26 30
128	64	0.6	1	26 38
129	49	0.6	1	23 26
130	35	0.6	1	13 22
131	50	0.6	1	11 39
132	37	0.6	1	11 26
133	34	0.6	1	12 22
134	35	0.6	1	16 19
135	23	0.6	1	5 18
136	43	0.6	1	9 34
137	27	0.6	1	4 23
138	35	0.6	1	5 30
139	16	0.6	1	3 13
140	33	0.6	1	9 24
141	30	0.6	1	11 19
142	30	0.6	1	5 25
143	28	0.6	1	7 21
144	32	0.6	1	4 28
145	31	0.6	1	2 29
146	35	0.6	1	3 32
147	48	0.6	1	10 38
148	29	0.6	1	4 25
149	21	0.6	1	1 20
150	31	0.6	1	5 26

RUN STATISTICS FOR INPUT FILE: s163_R2_001.fastq.gz
=============================================
40646690 sequences processed in total

Total number of sequences analysed for the sequence pair length validation: 40646690

Number of sequence pairs removed because at least one read was shorter than the length cutoff (20 bp): 19690 (0.05%)
