
SUMMARISING RUN PARAMETERS
==========================
Input filename: s164_R1_001.fastq.gz
Trimming mode: paired-end
Trim Galore version: 0.6.10
Cutadapt version: 3.4
Number of cores used for trimming: 1
Quality Phred score cutoff: 20
Quality encoding type selected: ASCII+33
Using Illumina adapter for trimming (count: 3829). Second best hit was smallRNA (count: 7)
Adapter sequence: 'AGATCGGAAGAGC' (Illumina TruSeq, Sanger iPCR; auto-detected)
Maximum trimming error rate: 0.1 (default)
Minimum required adapter overlap (stringency): 1 bp
Minimum required sequence length for both reads before a sequence pair gets removed: 20 bp
Running FastQC on the data once trimming has completed
Output file will be GZIP compressed


This is cutadapt 3.4 with Python 3.9.2
Command line parameters: -j 1 -e 0.1 -q 20 -O 1 -a AGATCGGAAGAGC s164_R1_001.fastq.gz
Processing reads on 1 core in single-end mode ...
Finished in 1364.10 s (55 µs/read; 1.09 M reads/minute).

=== Summary ===

Total reads processed:              24,858,200
Reads with adapters:                 8,963,978 (36.1%)
Reads written (passing filters):    24,858,200 (100.0%)

Total basepairs processed: 3,728,730,000 bp
Quality-trimmed:               7,252,596 bp (0.2%)
Total written (filtered):  3,705,905,511 bp (99.4%)

=== Adapter 1 ===

Sequence: AGATCGGAAGAGC; Type: regular 3'; Length: 13; Trimmed: 8963978 times

No. of allowed errors:
1-9 bp: 0; 10-13 bp: 1

Bases preceding removed adapters:
  A: 36.4%
  C: 24.4%
  G: 17.4%
  T: 21.7%
  none/other: 0.0%

Overview of removed sequences
length	count	expect	max.err	error counts
1	6825024	6214550.0	0	6825024
2	1406401	1553637.5	0	1406401
3	453786	388409.4	0	453786
4	106671	97102.3	0	106671
5	26224	24275.6	0	26224
6	8781	6068.9	0	8781
7	5693	1517.2	0	5693
8	5548	379.3	0	5548
9	5019	94.8	0	4638 381
10	5247	23.7	1	4426 821
11	5113	5.9	1	4459 654
12	4742	1.5	1	4306 436
13	4123	0.4	1	3861 262
14	4181	0.4	1	3852 329
15	3919	0.4	1	3673 246
16	3981	0.4	1	3651 330
17	4110	0.4	1	3757 353
18	3499	0.4	1	3285 214
19	3195	0.4	1	2975 220
20	3245	0.4	1	2989 256
21	3320	0.4	1	3097 223
22	2914	0.4	1	2737 177
23	3062	0.4	1	2829 233
24	3071	0.4	1	2818 253
25	2786	0.4	1	2582 204
26	2556	0.4	1	2395 161
27	2458	0.4	1	2293 165
28	2444	0.4	1	2279 165
29	2471	0.4	1	2294 177
30	2120	0.4	1	1970 150
31	2213	0.4	1	2097 116
32	2000	0.4	1	1869 131
33	2056	0.4	1	1930 126
34	2047	0.4	1	1900 147
35	1733	0.4	1	1641 92
36	1704	0.4	1	1583 121
37	1629	0.4	1	1501 128
38	1506	0.4	1	1415 91
39	1538	0.4	1	1453 85
40	1527	0.4	1	1420 107
41	1441	0.4	1	1344 97
42	1583	0.4	1	1479 104
43	1345	0.4	1	1214 131
44	1299	0.4	1	1176 123
45	2396	0.4	1	2269 127
46	685	0.4	1	611 74
47	1006	0.4	1	911 95
48	5218	0.4	1	5061 157
49	2888	0.4	1	2759 129
50	241	0.4	1	193 48
51	912	0.4	1	856 56
52	938	0.4	1	892 46
53	179	0.4	1	138 41
54	371	0.4	1	325 46
55	643	0.4	1	599 44
56	352	0.4	1	314 38
57	137	0.4	1	113 24
58	138	0.4	1	101 37
59	195	0.4	1	172 23
60	69	0.4	1	43 26
61	88	0.4	1	70 18
62	373	0.4	1	340 33
63	138	0.4	1	103 35
64	153	0.4	1	131 22
65	148	0.4	1	117 31
66	348	0.4	1	318 30
67	76	0.4	1	41 35
68	78	0.4	1	54 24
69	86	0.4	1	63 23
70	79	0.4	1	58 21
71	57	0.4	1	27 30
72	43	0.4	1	26 17
73	74	0.4	1	58 16
74	147	0.4	1	122 25
75	157	0.4	1	134 23
76	209	0.4	1	190 19
77	194	0.4	1	166 28
78	202	0.4	1	177 25
79	215	0.4	1	171 44
80	190	0.4	1	167 23
81	171	0.4	1	146 25
82	142	0.4	1	121 21
83	134	0.4	1	116 18
84	143	0.4	1	115 28
85	131	0.4	1	103 28
86	147	0.4	1	120 27
87	130	0.4	1	108 22
88	131	0.4	1	105 26
89	124	0.4	1	97 27
90	98	0.4	1	77 21
91	112	0.4	1	90 22
92	108	0.4	1	90 18
93	80	0.4	1	57 23
94	91	0.4	1	72 19
95	81	0.4	1	60 21
96	69	0.4	1	49 20
97	77	0.4	1	54 23
98	82	0.4	1	53 29
99	76	0.4	1	46 30
100	60	0.4	1	43 17
101	71	0.4	1	41 30
102	56	0.4	1	38 18
103	67	0.4	1	37 30
104	69	0.4	1	40 29
105	50	0.4	1	35 15
106	56	0.4	1	37 19
107	52	0.4	1	32 20
108	45	0.4	1	28 17
109	51	0.4	1	31 20
110	53	0.4	1	22 31
111	41	0.4	1	16 25
112	34	0.4	1	14 20
113	51	0.4	1	23 28
114	51	0.4	1	21 30
115	34	0.4	1	10 24
116	38	0.4	1	18 20
117	33	0.4	1	15 18
118	33	0.4	1	17 16
119	39	0.4	1	18 21
120	24	0.4	1	12 12
121	42	0.4	1	13 29
122	27	0.4	1	8 19
123	27	0.4	1	13 14
124	28	0.4	1	13 15
125	39	0.4	1	17 22
126	23	0.4	1	9 14
127	28	0.4	1	12 16
128	28	0.4	1	18 10
129	28	0.4	1	5 23
130	27	0.4	1	10 17
131	17	0.4	1	4 13
132	25	0.4	1	8 17
133	19	0.4	1	8 11
134	24	0.4	1	10 14
135	17	0.4	1	7 10
136	25	0.4	1	4 21
137	15	0.4	1	5 10
138	16	0.4	1	2 14
139	12	0.4	1	6 6
140	16	0.4	1	6 10
141	17	0.4	1	9 8
142	12	0.4	1	5 7
143	12	0.4	1	4 8
144	20	0.4	1	7 13
145	13	0.4	1	1 12
146	29	0.4	1	3 26
147	18	0.4	1	7 11
148	12	0.4	1	2 10
149	23	0.4	1	1 22
150	1456	0.4	1	0 1456

RUN STATISTICS FOR INPUT FILE: s164_R1_001.fastq.gz
=============================================
24858200 sequences processed in total

