
SUMMARISING RUN PARAMETERS
==========================
Input filename: s165_R1_001.fastq.gz
Trimming mode: paired-end
Trim Galore version: 0.6.10
Cutadapt version: 3.4
Number of cores used for trimming: 1
Quality Phred score cutoff: 20
Quality encoding type selected: ASCII+33
Using Illumina adapter for trimming (count: 9004). Second best hit was Nextera (count: 14)
Adapter sequence: 'AGATCGGAAGAGC' (Illumina TruSeq, Sanger iPCR; auto-detected)
Maximum trimming error rate: 0.1 (default)
Minimum required adapter overlap (stringency): 1 bp
Minimum required sequence length for both reads before a sequence pair gets removed: 20 bp
Running FastQC on the data once trimming has completed
Output file will be GZIP compressed


This is cutadapt 3.4 with Python 3.9.2
Command line parameters: -j 1 -e 0.1 -q 20 -O 1 -a AGATCGGAAGAGC s165_R1_001.fastq.gz
Processing reads on 1 core in single-end mode ...
Finished in 2389.55 s (55 µs/read; 1.09 M reads/minute).

=== Summary ===

Total reads processed:              43,473,566
Reads with adapters:                15,509,038 (35.7%)
Reads written (passing filters):    43,473,566 (100.0%)

Total basepairs processed: 6,521,034,900 bp
Quality-trimmed:              11,969,422 bp (0.2%)
Total written (filtered):  6,472,760,985 bp (99.3%)

=== Adapter 1 ===

Sequence: AGATCGGAAGAGC; Type: regular 3'; Length: 13; Trimmed: 15509038 times

No. of allowed errors:
1-9 bp: 0; 10-13 bp: 1

Bases preceding removed adapters:
  A: 35.7%
  C: 25.0%
  G: 17.9%
  T: 21.5%
  none/other: 0.0%

Overview of removed sequences
length	count	expect	max.err	error counts
1	11454595	10868391.5	0	11454595
2	2537241	2717097.9	0	2537241
3	787573	679274.5	0	787573
4	187867	169818.6	0	187867
5	52518	42454.7	0	52518
6	20723	10613.7	0	20723
7	13596	2653.4	0	13596
8	12774	663.4	0	12774
9	11500	165.8	0	10717 783
10	12160	41.5	1	10470 1690
11	12303	10.4	1	10907 1396
12	11927	2.6	1	10984 943
13	10879	0.6	1	10160 719
14	11667	0.6	1	10768 899
15	11669	0.6	1	10929 740
16	12099	0.6	1	11197 902
17	11985	0.6	1	10982 1003
18	11030	0.6	1	10357 673
19	10265	0.6	1	9672 593
20	10778	0.6	1	10103 675
21	10774	0.6	1	10022 752
22	10037	0.6	1	9424 613
23	10437	0.6	1	9722 715
24	10351	0.6	1	9607 744
25	9740	0.6	1	9165 575
26	9130	0.6	1	8528 602
27	8835	0.6	1	8330 505
28	7951	0.6	1	7487 464
29	7399	0.6	1	6873 526
30	6366	0.6	1	5985 381
31	5655	0.6	1	5293 362
32	5711	0.6	1	5330 381
33	5582	0.6	1	5167 415
34	6113	0.6	1	5695 418
35	5528	0.6	1	5228 300
36	5680	0.6	1	5363 317
37	5669	0.6	1	5324 345
38	5736	0.6	1	5409 327
39	5890	0.6	1	5503 387
40	5826	0.6	1	5446 380
41	5636	0.6	1	5304 332
42	6562	0.6	1	6163 399
43	5193	0.6	1	4696 497
44	6244	0.6	1	5782 462
45	10258	0.6	1	9752 506
46	3131	0.6	1	2832 299
47	5439	0.6	1	5046 393
48	25810	0.6	1	25076 734
49	5880	0.6	1	5558 322
50	977	0.6	1	780 197
51	6174	0.6	1	5882 292
52	4428	0.6	1	4215 213
53	696	0.6	1	598 98
54	2508	0.6	1	2367 141
55	5459	0.6	1	5272 187
56	1748	0.6	1	1610 138
57	1033	0.6	1	935 98
58	722	0.6	1	638 84
59	2103	0.6	1	1963 140
60	334	0.6	1	278 56
61	560	0.6	1	470 90
62	2205	0.6	1	2092 113
63	529	0.6	1	461 68
64	438	0.6	1	364 74
65	675	0.6	1	586 89
66	1946	0.6	1	1827 119
67	291	0.6	1	212 79
68	502	0.6	1	433 69
69	579	0.6	1	492 87
70	656	0.6	1	589 67
71	174	0.6	1	100 74
72	194	0.6	1	133 61
73	458	0.6	1	393 65
74	852	0.6	1	790 62
75	1151	0.6	1	1074 77
76	1300	0.6	1	1218 82
77	1440	0.6	1	1339 101
78	1610	0.6	1	1501 109
79	1678	0.6	1	1575 103
80	1623	0.6	1	1510 113
81	1674	0.6	1	1578 96
82	1680	0.6	1	1576 104
83	1541	0.6	1	1451 90
84	1390	0.6	1	1282 108
85	1307	0.6	1	1212 95
86	1254	0.6	1	1187 67
87	1247	0.6	1	1158 89
88	1208	0.6	1	1116 92
89	1104	0.6	1	1017 87
90	1200	0.6	1	1105 95
91	1060	0.6	1	996 64
92	1040	0.6	1	971 69
93	1003	0.6	1	926 77
94	950	0.6	1	861 89
95	966	0.6	1	900 66
96	873	0.6	1	803 70
97	947	0.6	1	869 78
98	955	0.6	1	881 74
99	926	0.6	1	867 59
100	894	0.6	1	833 61
101	917	0.6	1	848 69
102	714	0.6	1	667 47
103	710	0.6	1	640 70
104	676	0.6	1	619 57
105	592	0.6	1	550 42
106	556	0.6	1	498 58
107	509	0.6	1	445 64
108	568	0.6	1	505 63
109	537	0.6	1	494 43
110	525	0.6	1	453 72
111	495	0.6	1	447 48
112	470	0.6	1	417 53
113	422	0.6	1	378 44
114	391	0.6	1	343 48
115	305	0.6	1	256 49
116	286	0.6	1	236 50
117	232	0.6	1	193 39
118	206	0.6	1	169 37
119	185	0.6	1	135 50
120	144	0.6	1	100 44
121	113	0.6	1	86 27
122	117	0.6	1	77 40
123	93	0.6	1	62 31
124	77	0.6	1	37 40
125	71	0.6	1	37 34
126	59	0.6	1	23 36
127	47	0.6	1	21 26
128	51	0.6	1	22 29
129	57	0.6	1	33 24
130	39	0.6	1	10 29
131	38	0.6	1	10 28
132	45	0.6	1	14 31
133	57	0.6	1	15 42
134	52	0.6	1	23 29
135	36	0.6	1	12 24
136	55	0.6	1	12 43
137	46	0.6	1	11 35
138	43	0.6	1	11 32
139	42	0.6	1	4 38
140	52	0.6	1	13 39
141	37	0.6	1	10 27
142	35	0.6	1	11 24
143	43	0.6	1	17 26
144	48	0.6	1	14 34
145	50	0.6	1	12 38
146	46	0.6	1	17 29
147	42	0.6	1	13 29
148	22	0.6	1	5 17
149	44	0.6	1	0 44
150	2067	0.6	1	11 2056

RUN STATISTICS FOR INPUT FILE: s165_R1_001.fastq.gz
=============================================
43473566 sequences processed in total

