
SUMMARISING RUN PARAMETERS
==========================
Input filename: s171_R1_001.fastq.gz
Trimming mode: paired-end
Trim Galore version: 0.6.10
Cutadapt version: 3.4
Number of cores used for trimming: 1
Quality Phred score cutoff: 20
Quality encoding type selected: ASCII+33
Using Illumina adapter for trimming (count: 3050). Second best hit was Nextera (count: 8)
Adapter sequence: 'AGATCGGAAGAGC' (Illumina TruSeq, Sanger iPCR; auto-detected)
Maximum trimming error rate: 0.1 (default)
Minimum required adapter overlap (stringency): 1 bp
Minimum required sequence length for both reads before a sequence pair gets removed: 20 bp
Running FastQC on the data once trimming has completed
Output file will be GZIP compressed


This is cutadapt 3.4 with Python 3.9.2
Command line parameters: -j 1 -e 0.1 -q 20 -O 1 -a AGATCGGAAGAGC s171_R1_001.fastq.gz
Processing reads on 1 core in single-end mode ...
Finished in 1370.49 s (55 µs/read; 1.09 M reads/minute).

=== Summary ===

Total reads processed:              24,959,901
Reads with adapters:                 9,100,102 (36.5%)
Reads written (passing filters):    24,959,901 (100.0%)

Total basepairs processed: 3,743,985,150 bp
Quality-trimmed:               7,171,418 bp (0.2%)
Total written (filtered):  3,721,884,343 bp (99.4%)

=== Adapter 1 ===

Sequence: AGATCGGAAGAGC; Type: regular 3'; Length: 13; Trimmed: 9100102 times

No. of allowed errors:
1-9 bp: 0; 10-13 bp: 1

Bases preceding removed adapters:
  A: 37.0%
  C: 24.1%
  G: 16.8%
  T: 22.1%
  none/other: 0.0%

Overview of removed sequences
length	count	expect	max.err	error counts
1	6990531	6239975.2	0	6990531
2	1405910	1559993.8	0	1405910
3	456626	389998.5	0	456626
4	105342	97499.6	0	105342
5	24466	24374.9	0	24466
6	7554	6093.7	0	7554
7	4728	1523.4	0	4728
8	4347	380.9	0	4347
9	4065	95.2	0	3675 390
10	4296	23.8	1	3578 718
11	4136	6.0	1	3599 537
12	3989	1.5	1	3642 347
13	3282	0.4	1	3041 241
14	3342	0.4	1	3055 287
15	3161	0.4	1	2953 208
16	3193	0.4	1	2938 255
17	3220	0.4	1	2964 256
18	2899	0.4	1	2739 160
19	2616	0.4	1	2409 207
20	2626	0.4	1	2430 196
21	2687	0.4	1	2482 205
22	2421	0.4	1	2277 144
23	2453	0.4	1	2273 180
24	2355	0.4	1	2167 188
25	2140	0.4	1	2001 139
26	2101	0.4	1	1967 134
27	2182	0.4	1	2048 134
28	1930	0.4	1	1785 145
29	1973	0.4	1	1797 176
30	1740	0.4	1	1647 93
31	1631	0.4	1	1520 111
32	1609	0.4	1	1514 95
33	1592	0.4	1	1462 130
34	1651	0.4	1	1542 109
35	1478	0.4	1	1388 90
36	1317	0.4	1	1226 91
37	1390	0.4	1	1305 85
38	1326	0.4	1	1227 99
39	1164	0.4	1	1082 82
40	1207	0.4	1	1081 126
41	1164	0.4	1	1075 89
42	1040	0.4	1	974 66
43	1185	0.4	1	1080 105
44	919	0.4	1	826 93
45	1821	0.4	1	1704 117
46	472	0.4	1	410 62
47	795	0.4	1	727 68
48	3108	0.4	1	2984 124
49	880	0.4	1	813 67
50	256	0.4	1	212 44
51	970	0.4	1	920 50
52	589	0.4	1	543 46
53	195	0.4	1	170 25
54	701	0.4	1	656 45
55	1015	0.4	1	958 57
56	313	0.4	1	279 34
57	271	0.4	1	247 24
58	163	0.4	1	125 38
59	358	0.4	1	320 38
60	88	0.4	1	61 27
61	95	0.4	1	72 23
62	424	0.4	1	396 28
63	146	0.4	1	122 24
64	88	0.4	1	64 24
65	134	0.4	1	109 25
66	383	0.4	1	352 31
67	64	0.4	1	39 25
68	129	0.4	1	97 32
69	100	0.4	1	81 19
70	82	0.4	1	59 23
71	40	0.4	1	13 27
72	51	0.4	1	24 27
73	83	0.4	1	60 23
74	141	0.4	1	119 22
75	164	0.4	1	126 38
76	131	0.4	1	112 19
77	156	0.4	1	131 25
78	142	0.4	1	125 17
79	150	0.4	1	129 21
80	121	0.4	1	100 21
81	139	0.4	1	126 13
82	151	0.4	1	131 20
83	99	0.4	1	88 11
84	90	0.4	1	73 17
85	93	0.4	1	63 30
86	114	0.4	1	89 25
87	90	0.4	1	65 25
88	108	0.4	1	80 28
89	105	0.4	1	70 35
90	90	0.4	1	68 22
91	89	0.4	1	71 18
92	95	0.4	1	68 27
93	96	0.4	1	57 39
94	75	0.4	1	44 31
95	75	0.4	1	46 29
96	66	0.4	1	39 27
97	67	0.4	1	44 23
98	56	0.4	1	38 18
99	52	0.4	1	33 19
100	52	0.4	1	37 15
101	53	0.4	1	39 14
102	54	0.4	1	39 15
103	45	0.4	1	31 14
104	46	0.4	1	29 17
105	38	0.4	1	17 21
106	40	0.4	1	27 13
107	43	0.4	1	24 19
108	42	0.4	1	22 20
109	58	0.4	1	28 30
110	42	0.4	1	20 22
111	31	0.4	1	14 17
112	41	0.4	1	20 21
113	32	0.4	1	14 18
114	36	0.4	1	16 20
115	39	0.4	1	15 24
116	27	0.4	1	16 11
117	24	0.4	1	12 12
118	30	0.4	1	14 16
119	29	0.4	1	14 15
120	32	0.4	1	13 19
121	26	0.4	1	13 13
122	24	0.4	1	7 17
123	32	0.4	1	14 18
124	25	0.4	1	8 17
125	34	0.4	1	10 24
126	22	0.4	1	13 9
127	24	0.4	1	12 12
128	27	0.4	1	15 12
129	23	0.4	1	6 17
130	20	0.4	1	6 14
131	28	0.4	1	8 20
132	15	0.4	1	11 4
133	26	0.4	1	3 23
134	14	0.4	1	6 8
135	11	0.4	1	3 8
136	29	0.4	1	6 23
137	19	0.4	1	6 13
138	19	0.4	1	5 14
139	13	0.4	1	2 11
140	18	0.4	1	6 12
141	16	0.4	1	4 12
142	20	0.4	1	5 15
143	14	0.4	1	4 10
144	16	0.4	1	4 12
145	16	0.4	1	5 11
146	18	0.4	1	2 16
147	25	0.4	1	11 14
148	8	0.4	1	4 4
149	12	0.4	1	0 12
150	1121	0.4	1	2 1119

RUN STATISTICS FOR INPUT FILE: s171_R1_001.fastq.gz
=============================================
24959901 sequences processed in total

