
SUMMARISING RUN PARAMETERS
==========================
Input filename: s172_R1_001.fastq.gz
Trimming mode: paired-end
Trim Galore version: 0.6.10
Cutadapt version: 3.4
Number of cores used for trimming: 1
Quality Phred score cutoff: 20
Quality encoding type selected: ASCII+33
Using Illumina adapter for trimming (count: 3715). Second best hit was Nextera (count: 15)
Adapter sequence: 'AGATCGGAAGAGC' (Illumina TruSeq, Sanger iPCR; auto-detected)
Maximum trimming error rate: 0.1 (default)
Minimum required adapter overlap (stringency): 1 bp
Minimum required sequence length for both reads before a sequence pair gets removed: 20 bp
Running FastQC on the data once trimming has completed
Output file will be GZIP compressed


This is cutadapt 3.4 with Python 3.9.2
Command line parameters: -j 1 -e 0.1 -q 20 -O 1 -a AGATCGGAAGAGC s172_R1_001.fastq.gz
Processing reads on 1 core in single-end mode ...
Finished in 1502.80 s (54 µs/read; 1.11 M reads/minute).

=== Summary ===

Total reads processed:              27,720,841
Reads with adapters:                10,096,639 (36.4%)
Reads written (passing filters):    27,720,841 (100.0%)

Total basepairs processed: 4,158,126,150 bp
Quality-trimmed:               7,711,962 bp (0.2%)
Total written (filtered):  4,133,101,742 bp (99.4%)

=== Adapter 1 ===

Sequence: AGATCGGAAGAGC; Type: regular 3'; Length: 13; Trimmed: 10096639 times

No. of allowed errors:
1-9 bp: 0; 10-13 bp: 1

Bases preceding removed adapters:
  A: 36.4%
  C: 24.7%
  G: 17.1%
  T: 21.8%
  none/other: 0.0%

Overview of removed sequences
length	count	expect	max.err	error counts
1	7667337	6930210.2	0	7667337
2	1609623	1732552.6	0	1609623
3	513775	433138.1	0	513775
4	117912	108284.5	0	117912
5	28783	27071.1	0	28783
6	9323	6767.8	0	9323
7	6392	1691.9	0	6392
8	6251	423.0	0	6251
9	5763	105.7	0	5292 471
10	5864	26.4	1	4925 939
11	5770	6.6	1	5038 732
12	5351	1.7	1	4888 463
13	4577	0.4	1	4277 300
14	4899	0.4	1	4504 395
15	4745	0.4	1	4405 340
16	4545	0.4	1	4168 377
17	4617	0.4	1	4217 400
18	4151	0.4	1	3890 261
19	3697	0.4	1	3447 250
20	3722	0.4	1	3475 247
21	3753	0.4	1	3495 258
22	3471	0.4	1	3263 208
23	3415	0.4	1	3186 229
24	3393	0.4	1	3104 289
25	2936	0.4	1	2737 199
26	3013	0.4	1	2820 193
27	2830	0.4	1	2656 174
28	2590	0.4	1	2416 174
29	2718	0.4	1	2506 212
30	2386	0.4	1	2223 163
31	2265	0.4	1	2120 145
32	2300	0.4	1	2159 141
33	2256	0.4	1	2101 155
34	2149	0.4	1	2001 148
35	2016	0.4	1	1866 150
36	1778	0.4	1	1668 110
37	1860	0.4	1	1700 160
38	1628	0.4	1	1530 98
39	1625	0.4	1	1506 119
40	1518	0.4	1	1399 119
41	1606	0.4	1	1484 122
42	1521	0.4	1	1425 96
43	1260	0.4	1	1146 114
44	1336	0.4	1	1212 124
45	1945	0.4	1	1810 135
46	540	0.4	1	459 81
47	973	0.4	1	898 75
48	1802	0.4	1	1698 104
49	882	0.4	1	805 77
50	575	0.4	1	514 61
51	1138	0.4	1	1056 82
52	774	0.4	1	712 62
53	480	0.4	1	420 60
54	797	0.4	1	741 56
55	1270	0.4	1	1199 71
56	588	0.4	1	534 54
57	722	0.4	1	678 44
58	455	0.4	1	406 49
59	625	0.4	1	566 59
60	226	0.4	1	197 29
61	215	0.4	1	189 26
62	621	0.4	1	579 42
63	425	0.4	1	376 49
64	186	0.4	1	160 26
65	283	0.4	1	226 57
66	641	0.4	1	594 47
67	199	0.4	1	158 41
68	256	0.4	1	226 30
69	158	0.4	1	135 23
70	148	0.4	1	125 23
71	38	0.4	1	21 17
72	79	0.4	1	60 19
73	169	0.4	1	141 28
74	181	0.4	1	157 24
75	194	0.4	1	163 31
76	247	0.4	1	203 44
77	188	0.4	1	159 29
78	202	0.4	1	165 37
79	196	0.4	1	159 37
80	167	0.4	1	130 37
81	184	0.4	1	157 27
82	188	0.4	1	149 39
83	133	0.4	1	100 33
84	150	0.4	1	118 32
85	157	0.4	1	120 37
86	126	0.4	1	94 32
87	141	0.4	1	112 29
88	128	0.4	1	94 34
89	128	0.4	1	83 45
90	125	0.4	1	90 35
91	101	0.4	1	70 31
92	109	0.4	1	80 29
93	106	0.4	1	72 34
94	80	0.4	1	58 22
95	105	0.4	1	70 35
96	104	0.4	1	76 28
97	81	0.4	1	61 20
98	103	0.4	1	64 39
99	93	0.4	1	50 43
100	81	0.4	1	50 31
101	71	0.4	1	45 26
102	74	0.4	1	46 28
103	90	0.4	1	47 43
104	202	0.4	1	166 36
105	60	0.4	1	38 22
106	63	0.4	1	37 26
107	67	0.4	1	35 32
108	54	0.4	1	29 25
109	51	0.4	1	23 28
110	68	0.4	1	40 28
111	45	0.4	1	25 20
112	48	0.4	1	22 26
113	61	0.4	1	26 35
114	65	0.4	1	32 33
115	43	0.4	1	18 25
116	47	0.4	1	25 22
117	52	0.4	1	28 24
118	53	0.4	1	31 22
119	41	0.4	1	17 24
120	51	0.4	1	21 30
121	28	0.4	1	11 17
122	40	0.4	1	17 23
123	31	0.4	1	17 14
124	36	0.4	1	20 16
125	38	0.4	1	10 28
126	40	0.4	1	13 27
127	24	0.4	1	9 15
128	30	0.4	1	10 20
129	35	0.4	1	13 22
130	32	0.4	1	15 17
131	15	0.4	1	4 11
132	24	0.4	1	7 17
133	35	0.4	1	11 24
134	25	0.4	1	12 13
135	15	0.4	1	4 11
136	18	0.4	1	5 13
137	12	0.4	1	5 7
138	22	0.4	1	9 13
139	27	0.4	1	2 25
140	26	0.4	1	6 20
141	19	0.4	1	1 18
142	20	0.4	1	4 16
143	17	0.4	1	3 14
144	16	0.4	1	1 15
145	28	0.4	1	1 27
146	20	0.4	1	5 15
147	25	0.4	1	4 21
148	20	0.4	1	2 18
149	13	0.4	1	2 11
150	874	0.4	1	6 868

RUN STATISTICS FOR INPUT FILE: s172_R1_001.fastq.gz
=============================================
27720841 sequences processed in total

