
SUMMARISING RUN PARAMETERS
==========================
Input filename: s173_R2_001.fastq.gz
Trimming mode: paired-end
Trim Galore version: 0.6.10
Cutadapt version: 3.4
Number of cores used for trimming: 1
Quality Phred score cutoff: 20
Quality encoding type selected: ASCII+33
Using Illumina adapter for trimming (count: 3232). Second best hit was Nextera (count: 10)
Adapter sequence: 'AGATCGGAAGAGC' (Illumina TruSeq, Sanger iPCR; auto-detected)
Maximum trimming error rate: 0.1 (default)
Minimum required adapter overlap (stringency): 1 bp
Minimum required sequence length for both reads before a sequence pair gets removed: 20 bp
Running FastQC on the data once trimming has completed
Output file will be GZIP compressed


This is cutadapt 3.4 with Python 3.9.2
Command line parameters: -j 1 -e 0.1 -q 20 -O 1 -a AGATCGGAAGAGC s173_R2_001.fastq.gz
Processing reads on 1 core in single-end mode ...
Finished in 1493.02 s (55 µs/read; 1.09 M reads/minute).

=== Summary ===

Total reads processed:              27,026,091
Reads with adapters:                 9,668,602 (35.8%)
Reads written (passing filters):    27,026,091 (100.0%)

Total basepairs processed: 4,053,913,650 bp
Quality-trimmed:              15,830,196 bp (0.4%)
Total written (filtered):  4,019,542,771 bp (99.2%)

=== Adapter 1 ===

Sequence: AGATCGGAAGAGC; Type: regular 3'; Length: 13; Trimmed: 9668602 times

No. of allowed errors:
1-9 bp: 0; 10-13 bp: 1

Bases preceding removed adapters:
  A: 35.2%
  C: 24.5%
  G: 17.2%
  T: 23.1%
  none/other: 0.0%

Overview of removed sequences
length	count	expect	max.err	error counts
1	7261137	6756522.8	0	7261137
2	1604833	1689130.7	0	1604833
3	506730	422282.7	0	506730
4	115523	105570.7	0	115523
5	26065	26392.7	0	26065
6	7244	6598.2	0	7244
7	5028	1649.5	0	5028
8	4766	412.4	0	4766
9	3567	103.1	0	3154 413
10	4609	25.8	1	3568 1041
11	4219	6.4	1	3392 827
12	4220	1.6	1	3551 669
13	3425	0.4	1	2977 448
14	4037	0.4	1	3525 512
15	3021	0.4	1	2639 382
16	3268	0.4	1	2859 409
17	3919	0.4	1	3407 512
18	2228	0.4	1	1990 238
19	3843	0.4	1	3346 497
20	2582	0.4	1	2276 306
21	2227	0.4	1	1965 262
22	2678	0.4	1	2353 325
23	2442	0.4	1	2171 271
24	2779	0.4	1	2394 385
25	2648	0.4	1	2360 288
26	2108	0.4	1	1828 280
27	2154	0.4	1	1855 299
28	2267	0.4	1	1986 281
29	1934	0.4	1	1690 244
30	2093	0.4	1	1805 288
31	1781	0.4	1	1560 221
32	2111	0.4	1	1860 251
33	1554	0.4	1	1347 207
34	2067	0.4	1	1780 287
35	1806	0.4	1	1581 225
36	1723	0.4	1	1538 185
37	1361	0.4	1	1209 152
38	1776	0.4	1	1604 172
39	1396	0.4	1	1256 140
40	1220	0.4	1	1082 138
41	1077	0.4	1	951 126
42	1505	0.4	1	1346 159
43	1129	0.4	1	984 145
44	1285	0.4	1	1080 205
45	1277	0.4	1	1098 179
46	1136	0.4	1	980 156
47	1154	0.4	1	978 176
48	1140	0.4	1	990 150
49	1137	0.4	1	982 155
50	918	0.4	1	795 123
51	990	0.4	1	851 139
52	953	0.4	1	823 130
53	928	0.4	1	796 132
54	1004	0.4	1	857 147
55	747	0.4	1	628 119
56	939	0.4	1	770 169
57	1274	0.4	1	1070 204
58	736	0.4	1	597 139
59	644	0.4	1	549 95
60	1159	0.4	1	986 173
61	708	0.4	1	612 96
62	611	0.4	1	512 99
63	1712	0.4	1	1507 205
64	791	0.4	1	644 147
65	518	0.4	1	436 82
66	538	0.4	1	439 99
67	894	0.4	1	792 102
68	705	0.4	1	611 94
69	700	0.4	1	616 84
70	846	0.4	1	729 117
71	759	0.4	1	689 70
72	700	0.4	1	619 81
73	876	0.4	1	766 110
74	524	0.4	1	458 66
75	425	0.4	1	374 51
76	234	0.4	1	196 38
77	313	0.4	1	251 62
78	373	0.4	1	317 56
79	486	0.4	1	414 72
80	472	0.4	1	391 81
81	466	0.4	1	393 73
82	439	0.4	1	374 65
83	496	0.4	1	433 63
84	486	0.4	1	411 75
85	478	0.4	1	404 74
86	473	0.4	1	397 76
87	500	0.4	1	405 95
88	490	0.4	1	423 67
89	419	0.4	1	358 61
90	505	0.4	1	426 79
91	446	0.4	1	385 61
92	410	0.4	1	355 55
93	464	0.4	1	395 69
94	426	0.4	1	362 64
95	441	0.4	1	367 74
96	463	0.4	1	386 77
97	466	0.4	1	395 71
98	445	0.4	1	390 55
99	440	0.4	1	382 58
100	482	0.4	1	430 52
101	423	0.4	1	364 59
102	417	0.4	1	357 60
103	366	0.4	1	303 63
104	358	0.4	1	311 47
105	365	0.4	1	311 54
106	362	0.4	1	315 47
107	343	0.4	1	295 48
108	394	0.4	1	344 50
109	340	0.4	1	303 37
110	364	0.4	1	312 52
111	313	0.4	1	261 52
112	288	0.4	1	256 32
113	313	0.4	1	271 42
114	291	0.4	1	259 32
115	285	0.4	1	233 52
116	243	0.4	1	208 35
117	271	0.4	1	246 25
118	275	0.4	1	235 40
119	261	0.4	1	232 29
120	283	0.4	1	237 46
121	238	0.4	1	219 19
122	227	0.4	1	188 39
123	225	0.4	1	197 28
124	300	0.4	1	256 44
125	224	0.4	1	196 28
126	219	0.4	1	197 22
127	200	0.4	1	185 15
128	231	0.4	1	208 23
129	183	0.4	1	165 18
130	202	0.4	1	183 19
131	162	0.4	1	151 11
132	204	0.4	1	195 9
133	151	0.4	1	141 10
134	146	0.4	1	138 8
135	106	0.4	1	95 11
136	139	0.4	1	130 9
137	105	0.4	1	94 11
138	122	0.4	1	107 15
139	57	0.4	1	52 5
140	88	0.4	1	82 6
141	78	0.4	1	74 4
142	78	0.4	1	69 9
143	49	0.4	1	45 4
144	70	0.4	1	59 11
145	61	0.4	1	45 16
146	56	0.4	1	47 9
147	36	0.4	1	28 8
148	62	0.4	1	58 4
149	21	0.4	1	16 5
150	66	0.4	1	48 18

RUN STATISTICS FOR INPUT FILE: s173_R2_001.fastq.gz
=============================================
27026091 sequences processed in total

Total number of sequences analysed for the sequence pair length validation: 27026091

Number of sequence pairs removed because at least one read was shorter than the length cutoff (20 bp): 22856 (0.08%)
