
SUMMARISING RUN PARAMETERS
==========================
Input filename: s173_R1_001.fastq.gz
Trimming mode: paired-end
Trim Galore version: 0.6.10
Cutadapt version: 3.4
Number of cores used for trimming: 1
Quality Phred score cutoff: 20
Quality encoding type selected: ASCII+33
Using Illumina adapter for trimming (count: 3232). Second best hit was Nextera (count: 10)
Adapter sequence: 'AGATCGGAAGAGC' (Illumina TruSeq, Sanger iPCR; auto-detected)
Maximum trimming error rate: 0.1 (default)
Minimum required adapter overlap (stringency): 1 bp
Minimum required sequence length for both reads before a sequence pair gets removed: 20 bp
Running FastQC on the data once trimming has completed
Output file will be GZIP compressed


This is cutadapt 3.4 with Python 3.9.2
Command line parameters: -j 1 -e 0.1 -q 20 -O 1 -a AGATCGGAAGAGC s173_R1_001.fastq.gz
Processing reads on 1 core in single-end mode ...
Finished in 1396.76 s (52 µs/read; 1.16 M reads/minute).

=== Summary ===

Total reads processed:              27,026,091
Reads with adapters:                 9,814,825 (36.3%)
Reads written (passing filters):    27,026,091 (100.0%)

Total basepairs processed: 4,053,913,650 bp
Quality-trimmed:              10,583,223 bp (0.3%)
Total written (filtered):  4,023,759,245 bp (99.3%)

=== Adapter 1 ===

Sequence: AGATCGGAAGAGC; Type: regular 3'; Length: 13; Trimmed: 9814825 times

No. of allowed errors:
1-9 bp: 0; 10-13 bp: 1

Bases preceding removed adapters:
  A: 36.0%
  C: 23.9%
  G: 16.8%
  T: 23.1%
  none/other: 0.1%

Overview of removed sequences
length	count	expect	max.err	error counts
1	7420215	6756522.8	0	7420215
2	1601351	1689130.7	0	1601351
3	503301	422282.7	0	503301
4	112475	105570.7	0	112475
5	24922	26392.7	0	24922
6	6860	6598.2	0	6860
7	4647	1649.5	0	4647
8	4280	412.4	0	4280
9	3792	103.1	0	3392 400
10	4154	25.8	1	3327 827
11	4114	6.4	1	3444 670
12	3935	1.6	1	3447 488
13	3314	0.4	1	2927 387
14	3451	0.4	1	3071 380
15	3185	0.4	1	2840 345
16	3227	0.4	1	2853 374
17	3246	0.4	1	2834 412
18	2935	0.4	1	2596 339
19	2556	0.4	1	2303 253
20	2732	0.4	1	2410 322
21	2639	0.4	1	2350 289
22	2597	0.4	1	2302 295
23	2475	0.4	1	2163 312
24	2278	0.4	1	1969 309
25	2189	0.4	1	1897 292
26	2140	0.4	1	1905 235
27	2226	0.4	1	1965 261
28	2023	0.4	1	1789 234
29	2010	0.4	1	1783 227
30	1835	0.4	1	1625 210
31	1659	0.4	1	1490 169
32	1870	0.4	1	1629 241
33	1568	0.4	1	1328 240
34	1662	0.4	1	1440 222
35	1523	0.4	1	1336 187
36	1637	0.4	1	1404 233
37	1439	0.4	1	1250 189
38	1465	0.4	1	1272 193
39	1383	0.4	1	1188 195
40	1386	0.4	1	1178 208
41	1363	0.4	1	1145 218
42	1583	0.4	1	1353 230
43	1565	0.4	1	1325 240
44	1179	0.4	1	977 202
45	2311	0.4	1	2024 287
46	684	0.4	1	540 144
47	970	0.4	1	811 159
48	3938	0.4	1	3592 346
49	1419	0.4	1	1217 202
50	345	0.4	1	264 81
51	1175	0.4	1	1027 148
52	1171	0.4	1	1022 149
53	307	0.4	1	241 66
54	765	0.4	1	690 75
55	1500	0.4	1	1362 138
56	629	0.4	1	523 106
57	422	0.4	1	352 70
58	302	0.4	1	249 53
59	472	0.4	1	417 55
60	169	0.4	1	123 46
61	230	0.4	1	174 56
62	867	0.4	1	758 109
63	319	0.4	1	255 64
64	292	0.4	1	231 61
65	325	0.4	1	264 61
66	970	0.4	1	850 120
67	198	0.4	1	146 52
68	197	0.4	1	158 39
69	184	0.4	1	151 33
70	186	0.4	1	139 47
71	112	0.4	1	80 32
72	185	0.4	1	134 51
73	336	0.4	1	273 63
74	381	0.4	1	314 67
75	432	0.4	1	360 72
76	434	0.4	1	377 57
77	418	0.4	1	330 88
78	425	0.4	1	358 67
79	467	0.4	1	386 81
80	456	0.4	1	371 85
81	445	0.4	1	368 77
82	407	0.4	1	348 59
83	443	0.4	1	376 67
84	413	0.4	1	337 76
85	404	0.4	1	340 64
86	440	0.4	1	375 65
87	420	0.4	1	346 74
88	425	0.4	1	362 63
89	368	0.4	1	307 61
90	443	0.4	1	364 79
91	399	0.4	1	345 54
92	384	0.4	1	311 73
93	399	0.4	1	315 84
94	365	0.4	1	292 73
95	372	0.4	1	322 50
96	409	0.4	1	333 76
97	422	0.4	1	357 65
98	387	0.4	1	328 59
99	367	0.4	1	310 57
100	409	0.4	1	348 61
101	369	0.4	1	319 50
102	373	0.4	1	314 59
103	310	0.4	1	267 43
104	328	0.4	1	276 52
105	322	0.4	1	267 55
106	331	0.4	1	273 58
107	318	0.4	1	259 59
108	335	0.4	1	289 46
109	318	0.4	1	274 44
110	328	0.4	1	289 39
111	249	0.4	1	224 25
112	241	0.4	1	196 45
113	277	0.4	1	233 44
114	258	0.4	1	215 43
115	249	0.4	1	206 43
116	205	0.4	1	173 32
117	231	0.4	1	204 27
118	256	0.4	1	212 44
119	247	0.4	1	208 39
120	232	0.4	1	200 32
121	206	0.4	1	177 29
122	207	0.4	1	172 35
123	212	0.4	1	175 37
124	260	0.4	1	233 27
125	210	0.4	1	167 43
126	205	0.4	1	180 25
127	197	0.4	1	172 25
128	205	0.4	1	181 24
129	185	0.4	1	155 30
130	193	0.4	1	176 17
131	158	0.4	1	142 16
132	205	0.4	1	189 16
133	152	0.4	1	132 20
134	151	0.4	1	137 14
135	108	0.4	1	94 14
136	149	0.4	1	128 21
137	105	0.4	1	94 11
138	123	0.4	1	112 11
139	59	0.4	1	50 9
140	89	0.4	1	81 8
141	88	0.4	1	72 16
142	87	0.4	1	72 15
143	57	0.4	1	47 10
144	70	0.4	1	60 10
145	56	0.4	1	48 8
146	58	0.4	1	49 9
147	44	0.4	1	32 12
148	65	0.4	1	58 7
149	72	0.4	1	15 57
150	10572	0.4	1	51 10521

RUN STATISTICS FOR INPUT FILE: s173_R1_001.fastq.gz
=============================================
27026091 sequences processed in total

