
SUMMARISING RUN PARAMETERS
==========================
Input filename: s174_R1_001.fastq.gz
Trimming mode: paired-end
Trim Galore version: 0.6.10
Cutadapt version: 3.4
Number of cores used for trimming: 1
Quality Phred score cutoff: 20
Quality encoding type selected: ASCII+33
Using Illumina adapter for trimming (count: 3226). Second best hit was smallRNA (count: 8)
Adapter sequence: 'AGATCGGAAGAGC' (Illumina TruSeq, Sanger iPCR; auto-detected)
Maximum trimming error rate: 0.1 (default)
Minimum required adapter overlap (stringency): 1 bp
Minimum required sequence length for both reads before a sequence pair gets removed: 20 bp
Running FastQC on the data once trimming has completed
Output file will be GZIP compressed


This is cutadapt 3.4 with Python 3.9.2
Command line parameters: -j 1 -e 0.1 -q 20 -O 1 -a AGATCGGAAGAGC s174_R1_001.fastq.gz
Processing reads on 1 core in single-end mode ...
Finished in 1363.32 s (53 µs/read; 1.13 M reads/minute).

=== Summary ===

Total reads processed:              25,776,799
Reads with adapters:                 9,342,837 (36.2%)
Reads written (passing filters):    25,776,799 (100.0%)

Total basepairs processed: 3,866,519,850 bp
Quality-trimmed:               7,607,212 bp (0.2%)
Total written (filtered):  3,843,441,727 bp (99.4%)

=== Adapter 1 ===

Sequence: AGATCGGAAGAGC; Type: regular 3'; Length: 13; Trimmed: 9342837 times

No. of allowed errors:
1-9 bp: 0; 10-13 bp: 1

Bases preceding removed adapters:
  A: 36.3%
  C: 24.9%
  G: 17.2%
  T: 21.5%
  none/other: 0.0%

Overview of removed sequences
length	count	expect	max.err	error counts
1	7103825	6444199.8	0	7103825
2	1496346	1611049.9	0	1496346
3	474689	402762.5	0	474689
4	110994	100690.6	0	110994
5	26482	25172.7	0	26482
6	8927	6293.2	0	8927
7	5697	1573.3	0	5697
8	5614	393.3	0	5614
9	5124	98.3	0	4724 400
10	5200	24.6	1	4305 895
11	5220	6.1	1	4560 660
12	4776	1.5	1	4357 419
13	4186	0.4	1	3939 247
14	4189	0.4	1	3858 331
15	3846	0.4	1	3584 262
16	3805	0.4	1	3489 316
17	3842	0.4	1	3528 314
18	3477	0.4	1	3247 230
19	3130	0.4	1	2933 197
20	3198	0.4	1	2952 246
21	2969	0.4	1	2740 229
22	2831	0.4	1	2670 161
23	2773	0.4	1	2588 185
24	2806	0.4	1	2581 225
25	2490	0.4	1	2335 155
26	2344	0.4	1	2172 172
27	2380	0.4	1	2226 154
28	1967	0.4	1	1845 122
29	2027	0.4	1	1845 182
30	1811	0.4	1	1707 104
31	1784	0.4	1	1679 105
32	1780	0.4	1	1640 140
33	1647	0.4	1	1522 125
34	1639	0.4	1	1509 130
35	1471	0.4	1	1342 129
36	1336	0.4	1	1253 83
37	1442	0.4	1	1326 116
38	1174	0.4	1	1090 84
39	1227	0.4	1	1138 89
40	1158	0.4	1	1052 106
41	1148	0.4	1	1070 78
42	1029	0.4	1	956 73
43	804	0.4	1	725 79
44	983	0.4	1	881 102
45	1310	0.4	1	1217 93
46	392	0.4	1	341 51
47	651	0.4	1	588 63
48	1256	0.4	1	1158 98
49	600	0.4	1	549 51
50	390	0.4	1	336 54
51	794	0.4	1	732 62
52	533	0.4	1	491 42
53	340	0.4	1	290 50
54	606	0.4	1	549 57
55	817	0.4	1	772 45
56	378	0.4	1	332 46
57	442	0.4	1	396 46
58	304	0.4	1	267 37
59	423	0.4	1	376 47
60	179	0.4	1	143 36
61	150	0.4	1	121 29
62	446	0.4	1	411 35
63	236	0.4	1	203 33
64	128	0.4	1	105 23
65	171	0.4	1	142 29
66	425	0.4	1	382 43
67	115	0.4	1	83 32
68	140	0.4	1	129 11
69	93	0.4	1	68 25
70	84	0.4	1	58 26
71	30	0.4	1	12 18
72	53	0.4	1	36 17
73	97	0.4	1	65 32
74	138	0.4	1	108 30
75	141	0.4	1	109 32
76	122	0.4	1	98 24
77	159	0.4	1	122 37
78	151	0.4	1	128 23
79	122	0.4	1	96 26
80	118	0.4	1	91 27
81	120	0.4	1	81 39
82	95	0.4	1	76 19
83	124	0.4	1	82 42
84	88	0.4	1	64 24
85	96	0.4	1	77 19
86	94	0.4	1	61 33
87	78	0.4	1	49 29
88	98	0.4	1	61 37
89	85	0.4	1	61 24
90	95	0.4	1	60 35
91	80	0.4	1	46 34
92	68	0.4	1	42 26
93	70	0.4	1	47 23
94	51	0.4	1	25 26
95	67	0.4	1	45 22
96	57	0.4	1	44 13
97	61	0.4	1	35 26
98	51	0.4	1	31 20
99	64	0.4	1	36 28
100	58	0.4	1	37 21
101	60	0.4	1	34 26
102	64	0.4	1	39 25
103	53	0.4	1	32 21
104	231	0.4	1	203 28
105	73	0.4	1	45 28
106	57	0.4	1	24 33
107	42	0.4	1	21 21
108	36	0.4	1	19 17
109	53	0.4	1	26 27
110	42	0.4	1	20 22
111	50	0.4	1	29 21
112	54	0.4	1	27 27
113	30	0.4	1	12 18
114	53	0.4	1	29 24
115	37	0.4	1	20 17
116	37	0.4	1	19 18
117	46	0.4	1	27 19
118	48	0.4	1	17 31
119	44	0.4	1	12 32
120	36	0.4	1	12 24
121	38	0.4	1	13 25
122	37	0.4	1	19 18
123	28	0.4	1	10 18
124	38	0.4	1	14 24
125	23	0.4	1	7 16
126	28	0.4	1	10 18
127	22	0.4	1	8 14
128	36	0.4	1	10 26
129	32	0.4	1	9 23
130	43	0.4	1	18 25
131	28	0.4	1	7 21
132	22	0.4	1	8 14
133	26	0.4	1	5 21
134	16	0.4	1	4 12
135	14	0.4	1	6 8
136	26	0.4	1	9 17
137	21	0.4	1	4 17
138	19	0.4	1	5 14
139	19	0.4	1	6 13
140	13	0.4	1	3 10
141	21	0.4	1	9 12
142	11	0.4	1	5 6
143	11	0.4	1	0 11
144	26	0.4	1	3 23
145	19	0.4	1	2 17
146	16	0.4	1	6 10
147	20	0.4	1	6 14
148	24	0.4	1	1 23
149	24	0.4	1	0 24
150	1269	0.4	1	2 1267

RUN STATISTICS FOR INPUT FILE: s174_R1_001.fastq.gz
=============================================
25776799 sequences processed in total

