
SUMMARISING RUN PARAMETERS
==========================
Input filename: s176_R1_001.fastq.gz
Trimming mode: paired-end
Trim Galore version: 0.6.10
Cutadapt version: 3.4
Number of cores used for trimming: 1
Quality Phred score cutoff: 20
Quality encoding type selected: ASCII+33
Using Illumina adapter for trimming (count: 4960). Second best hit was Nextera (count: 17)
Adapter sequence: 'AGATCGGAAGAGC' (Illumina TruSeq, Sanger iPCR; auto-detected)
Maximum trimming error rate: 0.1 (default)
Minimum required adapter overlap (stringency): 1 bp
Minimum required sequence length for both reads before a sequence pair gets removed: 20 bp
Running FastQC on the data once trimming has completed
Output file will be GZIP compressed


This is cutadapt 3.4 with Python 3.9.2
Command line parameters: -j 1 -e 0.1 -q 20 -O 1 -a AGATCGGAAGAGC s176_R1_001.fastq.gz
Processing reads on 1 core in single-end mode ...
Finished in 1333.57 s (52 µs/read; 1.16 M reads/minute).

=== Summary ===

Total reads processed:              25,704,248
Reads with adapters:                 9,701,022 (37.7%)
Reads written (passing filters):    25,704,248 (100.0%)

Total basepairs processed: 3,855,637,200 bp
Quality-trimmed:               6,218,405 bp (0.2%)
Total written (filtered):  3,831,978,757 bp (99.4%)

=== Adapter 1 ===

Sequence: AGATCGGAAGAGC; Type: regular 3'; Length: 13; Trimmed: 9701022 times

No. of allowed errors:
1-9 bp: 0; 10-13 bp: 1

Bases preceding removed adapters:
  A: 35.5%
  C: 25.1%
  G: 15.2%
  T: 24.1%
  none/other: 0.0%

Overview of removed sequences
length	count	expect	max.err	error counts
1	7397139	6426062.0	0	7397139
2	1469902	1606515.5	0	1469902
3	488271	401628.9	0	488271
4	127772	100407.2	0	127772
5	28928	25101.8	0	28928
6	9168	6275.5	0	9168
7	7306	1568.9	0	7306
8	7469	392.2	0	7469
9	6694	98.1	0	6359 335
10	6622	24.5	1	5915 707
11	6903	6.1	1	6179 724
12	6755	1.5	1	6266 489
13	5387	0.4	1	5129 258
14	5851	0.4	1	5428 423
15	5712	0.4	1	5384 328
16	5524	0.4	1	5120 404
17	5574	0.4	1	5117 457
18	5058	0.4	1	4774 284
19	4642	0.4	1	4387 255
20	4858	0.4	1	4553 305
21	4741	0.4	1	4442 299
22	4304	0.4	1	4096 208
23	4163	0.4	1	3916 247
24	4122	0.4	1	3852 270
25	3655	0.4	1	3443 212
26	3776	0.4	1	3566 210
27	3631	0.4	1	3401 230
28	3227	0.4	1	3056 171
29	3286	0.4	1	3052 234
30	3119	0.4	1	2969 150
31	2803	0.4	1	2663 140
32	2783	0.4	1	2645 138
33	2606	0.4	1	2436 170
34	2697	0.4	1	2564 133
35	2379	0.4	1	2238 141
36	2189	0.4	1	2084 105
37	2301	0.4	1	2158 143
38	2214	0.4	1	2094 120
39	2061	0.4	1	1960 101
40	2005	0.4	1	1871 134
41	1917	0.4	1	1826 91
42	1864	0.4	1	1781 83
43	1434	0.4	1	1349 85
44	1680	0.4	1	1580 100
45	2335	0.4	1	2240 95
46	662	0.4	1	625 37
47	1179	0.4	1	1119 60
48	2164	0.4	1	2072 92
49	1133	0.4	1	1071 62
50	744	0.4	1	690 54
51	1495	0.4	1	1431 64
52	853	0.4	1	804 49
53	620	0.4	1	585 35
54	1047	0.4	1	995 52
55	1504	0.4	1	1466 38
56	694	0.4	1	657 37
57	837	0.4	1	799 38
58	562	0.4	1	527 35
59	783	0.4	1	737 46
60	303	0.4	1	280 23
61	230	0.4	1	206 24
62	745	0.4	1	707 38
63	488	0.4	1	461 27
64	237	0.4	1	219 18
65	276	0.4	1	253 23
66	819	0.4	1	797 22
67	169	0.4	1	158 11
68	302	0.4	1	284 18
69	160	0.4	1	144 16
70	143	0.4	1	130 13
71	38	0.4	1	25 13
72	74	0.4	1	61 13
73	132	0.4	1	114 18
74	181	0.4	1	163 18
75	200	0.4	1	183 17
76	207	0.4	1	190 17
77	174	0.4	1	154 20
78	177	0.4	1	157 20
79	195	0.4	1	180 15
80	165	0.4	1	144 21
81	131	0.4	1	120 11
82	165	0.4	1	145 20
83	131	0.4	1	115 16
84	121	0.4	1	98 23
85	104	0.4	1	83 21
86	109	0.4	1	96 13
87	106	0.4	1	95 11
88	88	0.4	1	73 15
89	98	0.4	1	85 13
90	87	0.4	1	72 15
91	80	0.4	1	63 17
92	64	0.4	1	60 4
93	63	0.4	1	48 15
94	69	0.4	1	51 18
95	56	0.4	1	47 9
96	59	0.4	1	39 20
97	55	0.4	1	44 11
98	57	0.4	1	38 19
99	61	0.4	1	44 17
100	55	0.4	1	39 16
101	45	0.4	1	30 15
102	53	0.4	1	38 15
103	47	0.4	1	35 12
104	155	0.4	1	140 15
105	34	0.4	1	26 8
106	49	0.4	1	33 16
107	32	0.4	1	23 9
108	29	0.4	1	18 11
109	38	0.4	1	25 13
110	35	0.4	1	16 19
111	26	0.4	1	15 11
112	27	0.4	1	16 11
113	25	0.4	1	18 7
114	24	0.4	1	14 10
115	18	0.4	1	10 8
116	21	0.4	1	12 9
117	19	0.4	1	14 5
118	19	0.4	1	13 6
119	15	0.4	1	6 9
120	15	0.4	1	6 9
121	10	0.4	1	7 3
122	18	0.4	1	8 10
123	19	0.4	1	11 8
124	19	0.4	1	10 9
125	15	0.4	1	5 10
126	21	0.4	1	9 12
127	15	0.4	1	8 7
128	21	0.4	1	13 8
129	12	0.4	1	5 7
130	14	0.4	1	11 3
131	8	0.4	1	3 5
132	26	0.4	1	19 7
133	18	0.4	1	9 9
134	28	0.4	1	20 8
135	10	0.4	1	5 5
136	19	0.4	1	8 11
137	14	0.4	1	5 9
138	11	0.4	1	4 7
139	10	0.4	1	4 6
140	14	0.4	1	9 5
141	13	0.4	1	10 3
142	19	0.4	1	5 14
143	10	0.4	1	5 5
144	7	0.4	1	3 4
145	14	0.4	1	6 8
146	19	0.4	1	7 12
147	18	0.4	1	3 15
148	6	0.4	1	3 3
149	17	0.4	1	1 16
150	1573	0.4	1	5 1568

RUN STATISTICS FOR INPUT FILE: s176_R1_001.fastq.gz
=============================================
25704248 sequences processed in total

