
SUMMARISING RUN PARAMETERS
==========================
Input filename: s177_R1_001.fastq.gz
Trimming mode: paired-end
Trim Galore version: 0.6.10
Cutadapt version: 3.4
Number of cores used for trimming: 1
Quality Phred score cutoff: 20
Quality encoding type selected: ASCII+33
Using Illumina adapter for trimming (count: 2916). Second best hit was Nextera (count: 15)
Adapter sequence: 'AGATCGGAAGAGC' (Illumina TruSeq, Sanger iPCR; auto-detected)
Maximum trimming error rate: 0.1 (default)
Minimum required adapter overlap (stringency): 1 bp
Minimum required sequence length for both reads before a sequence pair gets removed: 20 bp
Running FastQC on the data once trimming has completed
Output file will be GZIP compressed


This is cutadapt 3.4 with Python 3.9.2
Command line parameters: -j 1 -e 0.1 -q 20 -O 1 -a AGATCGGAAGAGC s177_R1_001.fastq.gz
Processing reads on 1 core in single-end mode ...
Finished in 1404.14 s (53 µs/read; 1.14 M reads/minute).

=== Summary ===

Total reads processed:              26,660,874
Reads with adapters:                 9,816,998 (36.8%)
Reads written (passing filters):    26,660,874 (100.0%)

Total basepairs processed: 3,999,131,100 bp
Quality-trimmed:               7,806,852 bp (0.2%)
Total written (filtered):  3,975,401,364 bp (99.4%)

=== Adapter 1 ===

Sequence: AGATCGGAAGAGC; Type: regular 3'; Length: 13; Trimmed: 9816998 times

No. of allowed errors:
1-9 bp: 0; 10-13 bp: 1

Bases preceding removed adapters:
  A: 37.2%
  C: 23.9%
  G: 16.6%
  T: 22.2%
  none/other: 0.0%

Overview of removed sequences
length	count	expect	max.err	error counts
1	7545238	6665218.5	0	7545238
2	1510876	1666304.6	0	1510876
3	496024	416576.2	0	496024
4	115377	104144.0	0	115377
5	26346	26036.0	0	26346
6	8425	6509.0	0	8425
7	5101	1627.3	0	5101
8	5238	406.8	0	5238
9	4606	101.7	0	4240 366
10	4794	25.4	1	4050 744
11	4773	6.4	1	4153 620
12	4479	1.6	1	4115 364
13	3719	0.4	1	3460 259
14	3718	0.4	1	3395 323
15	3560	0.4	1	3346 214
16	3487	0.4	1	3213 274
17	3487	0.4	1	3191 296
18	3014	0.4	1	2827 187
19	2815	0.4	1	2664 151
20	2773	0.4	1	2575 198
21	2850	0.4	1	2646 204
22	2652	0.4	1	2489 163
23	2653	0.4	1	2472 181
24	2408	0.4	1	2208 200
25	2302	0.4	1	2145 157
26	2162	0.4	1	2029 133
27	2131	0.4	1	1991 140
28	1964	0.4	1	1844 120
29	2032	0.4	1	1852 180
30	1716	0.4	1	1620 96
31	1684	0.4	1	1566 118
32	1697	0.4	1	1580 117
33	1640	0.4	1	1533 107
34	1619	0.4	1	1505 114
35	1509	0.4	1	1392 117
36	1370	0.4	1	1292 78
37	1191	0.4	1	1112 79
38	1362	0.4	1	1248 114
39	1152	0.4	1	1080 72
40	1060	0.4	1	973 87
41	1288	0.4	1	1209 79
42	843	0.4	1	760 83
43	1061	0.4	1	968 93
44	887	0.4	1	823 64
45	1340	0.4	1	1249 91
46	400	0.4	1	357 43
47	740	0.4	1	670 70
48	1174	0.4	1	1090 84
49	659	0.4	1	604 55
50	480	0.4	1	427 53
51	869	0.4	1	819 50
52	557	0.4	1	504 53
53	389	0.4	1	352 37
54	653	0.4	1	607 46
55	861	0.4	1	819 42
56	414	0.4	1	373 41
57	494	0.4	1	445 49
58	310	0.4	1	272 38
59	479	0.4	1	430 49
60	189	0.4	1	147 42
61	153	0.4	1	131 22
62	442	0.4	1	400 42
63	291	0.4	1	260 31
64	135	0.4	1	111 24
65	194	0.4	1	165 29
66	456	0.4	1	418 38
67	100	0.4	1	87 13
68	203	0.4	1	185 18
69	133	0.4	1	104 29
70	109	0.4	1	84 25
71	42	0.4	1	20 22
72	54	0.4	1	42 12
73	128	0.4	1	102 26
74	146	0.4	1	120 26
75	152	0.4	1	124 28
76	136	0.4	1	109 27
77	178	0.4	1	150 28
78	125	0.4	1	102 23
79	139	0.4	1	110 29
80	133	0.4	1	101 32
81	106	0.4	1	77 29
82	130	0.4	1	92 38
83	112	0.4	1	89 23
84	103	0.4	1	75 28
85	98	0.4	1	79 19
86	106	0.4	1	84 22
87	98	0.4	1	72 26
88	100	0.4	1	72 28
89	104	0.4	1	77 27
90	82	0.4	1	61 21
91	95	0.4	1	69 26
92	83	0.4	1	60 23
93	97	0.4	1	66 31
94	67	0.4	1	46 21
95	68	0.4	1	43 25
96	59	0.4	1	32 27
97	61	0.4	1	33 28
98	54	0.4	1	33 21
99	68	0.4	1	40 28
100	41	0.4	1	26 15
101	48	0.4	1	33 15
102	48	0.4	1	27 21
103	65	0.4	1	38 27
104	43	0.4	1	24 19
105	40	0.4	1	20 20
106	52	0.4	1	24 28
107	45	0.4	1	27 18
108	38	0.4	1	18 20
109	32	0.4	1	14 18
110	37	0.4	1	21 16
111	34	0.4	1	14 20
112	30	0.4	1	15 15
113	30	0.4	1	15 15
114	31	0.4	1	14 17
115	31	0.4	1	17 14
116	29	0.4	1	16 13
117	37	0.4	1	18 19
118	28	0.4	1	14 14
119	33	0.4	1	14 19
120	30	0.4	1	8 22
121	28	0.4	1	11 17
122	37	0.4	1	17 20
123	35	0.4	1	8 27
124	24	0.4	1	11 13
125	26	0.4	1	10 16
126	28	0.4	1	12 16
127	26	0.4	1	4 22
128	25	0.4	1	8 17
129	22	0.4	1	8 14
130	21	0.4	1	9 12
131	19	0.4	1	3 16
132	22	0.4	1	7 15
133	23	0.4	1	9 14
134	17	0.4	1	1 16
135	20	0.4	1	2 18
136	27	0.4	1	4 23
137	12	0.4	1	7 5
138	14	0.4	1	3 11
139	16	0.4	1	4 12
140	11	0.4	1	3 8
141	19	0.4	1	4 15
142	19	0.4	1	6 13
143	21	0.4	1	3 18
144	14	0.4	1	1 13
145	15	0.4	1	1 14
146	25	0.4	1	6 19
147	19	0.4	1	3 16
148	10	0.4	1	3 7
149	20	0.4	1	0 20
150	1350	0.4	1	4 1346

RUN STATISTICS FOR INPUT FILE: s177_R1_001.fastq.gz
=============================================
26660874 sequences processed in total

