
SUMMARISING RUN PARAMETERS
==========================
Input filename: s178_R1_001.fastq.gz
Trimming mode: paired-end
Trim Galore version: 0.6.10
Cutadapt version: 3.4
Number of cores used for trimming: 1
Quality Phred score cutoff: 20
Quality encoding type selected: ASCII+33
Using Illumina adapter for trimming (count: 3154). Second best hit was smallRNA (count: 5)
Adapter sequence: 'AGATCGGAAGAGC' (Illumina TruSeq, Sanger iPCR; auto-detected)
Maximum trimming error rate: 0.1 (default)
Minimum required adapter overlap (stringency): 1 bp
Minimum required sequence length for both reads before a sequence pair gets removed: 20 bp
Running FastQC on the data once trimming has completed
Output file will be GZIP compressed


This is cutadapt 3.4 with Python 3.9.2
Command line parameters: -j 1 -e 0.1 -q 20 -O 1 -a AGATCGGAAGAGC s178_R1_001.fastq.gz
Processing reads on 1 core in single-end mode ...
Finished in 1460.07 s (53 µs/read; 1.14 M reads/minute).

=== Summary ===

Total reads processed:              27,689,412
Reads with adapters:                10,142,232 (36.6%)
Reads written (passing filters):    27,689,412 (100.0%)

Total basepairs processed: 4,153,411,800 bp
Quality-trimmed:               8,112,834 bp (0.2%)
Total written (filtered):  4,128,583,133 bp (99.4%)

=== Adapter 1 ===

Sequence: AGATCGGAAGAGC; Type: regular 3'; Length: 13; Trimmed: 10142232 times

No. of allowed errors:
1-9 bp: 0; 10-13 bp: 1

Bases preceding removed adapters:
  A: 36.8%
  C: 24.2%
  G: 16.7%
  T: 22.3%
  none/other: 0.0%

Overview of removed sequences
length	count	expect	max.err	error counts
1	7769498	6922353.0	0	7769498
2	1588989	1730588.2	0	1588989
3	510739	432647.1	0	510739
4	117140	108161.8	0	117140
5	26871	27040.4	0	26871
6	8016	6760.1	0	8016
7	4908	1690.0	0	4908
8	4752	422.5	0	4752
9	4628	105.6	0	4178 450
10	4535	26.4	1	3705 830
11	4531	6.6	1	3873 658
12	4061	1.7	1	3723 338
13	3613	0.4	1	3359 254
14	3628	0.4	1	3333 295
15	3516	0.4	1	3281 235
16	3459	0.4	1	3163 296
17	3463	0.4	1	3169 294
18	3039	0.4	1	2830 209
19	2718	0.4	1	2516 202
20	2953	0.4	1	2738 215
21	2894	0.4	1	2694 200
22	2620	0.4	1	2432 188
23	2697	0.4	1	2512 185
24	2545	0.4	1	2335 210
25	2391	0.4	1	2240 151
26	2330	0.4	1	2172 158
27	2309	0.4	1	2135 174
28	2169	0.4	1	2030 139
29	2070	0.4	1	1895 175
30	1899	0.4	1	1779 120
31	1912	0.4	1	1772 140
32	1942	0.4	1	1821 121
33	1801	0.4	1	1657 144
34	1819	0.4	1	1683 136
35	1707	0.4	1	1594 113
36	1545	0.4	1	1436 109
37	1490	0.4	1	1405 85
38	1449	0.4	1	1331 118
39	1393	0.4	1	1293 100
40	1380	0.4	1	1263 117
41	1591	0.4	1	1486 105
42	1031	0.4	1	944 87
43	1329	0.4	1	1192 137
44	1072	0.4	1	966 106
45	1577	0.4	1	1481 96
46	538	0.4	1	464 74
47	926	0.4	1	841 85
48	1681	0.4	1	1589 92
49	734	0.4	1	675 59
50	548	0.4	1	487 61
51	1131	0.4	1	1055 76
52	689	0.4	1	624 65
53	435	0.4	1	388 47
54	806	0.4	1	742 64
55	1138	0.4	1	1077 61
56	543	0.4	1	499 44
57	646	0.4	1	591 55
58	387	0.4	1	345 42
59	572	0.4	1	535 37
60	195	0.4	1	175 20
61	194	0.4	1	159 35
62	570	0.4	1	522 48
63	349	0.4	1	310 39
64	189	0.4	1	149 40
65	226	0.4	1	194 32
66	585	0.4	1	538 47
67	143	0.4	1	113 30
68	279	0.4	1	239 40
69	172	0.4	1	135 37
70	170	0.4	1	145 25
71	59	0.4	1	22 37
72	80	0.4	1	52 28
73	148	0.4	1	106 42
74	167	0.4	1	134 33
75	187	0.4	1	149 38
76	181	0.4	1	153 28
77	177	0.4	1	142 35
78	163	0.4	1	131 32
79	182	0.4	1	150 32
80	145	0.4	1	109 36
81	158	0.4	1	118 40
82	120	0.4	1	88 32
83	159	0.4	1	136 23
84	113	0.4	1	90 23
85	110	0.4	1	85 25
86	117	0.4	1	85 32
87	111	0.4	1	80 31
88	107	0.4	1	71 36
89	88	0.4	1	63 25
90	92	0.4	1	63 29
91	87	0.4	1	60 27
92	82	0.4	1	52 30
93	72	0.4	1	52 20
94	77	0.4	1	58 19
95	76	0.4	1	52 24
96	87	0.4	1	55 32
97	77	0.4	1	49 28
98	86	0.4	1	45 41
99	77	0.4	1	43 34
100	71	0.4	1	45 26
101	60	0.4	1	36 24
102	57	0.4	1	28 29
103	74	0.4	1	42 32
104	55	0.4	1	28 27
105	47	0.4	1	25 22
106	43	0.4	1	22 21
107	48	0.4	1	25 23
108	43	0.4	1	22 21
109	57	0.4	1	24 33
110	54	0.4	1	30 24
111	37	0.4	1	15 22
112	44	0.4	1	12 32
113	44	0.4	1	16 28
114	37	0.4	1	15 22
115	37	0.4	1	23 14
116	41	0.4	1	21 20
117	47	0.4	1	23 24
118	35	0.4	1	6 29
119	30	0.4	1	12 18
120	33	0.4	1	9 24
121	32	0.4	1	13 19
122	36	0.4	1	11 25
123	30	0.4	1	13 17
124	41	0.4	1	17 24
125	46	0.4	1	16 30
126	29	0.4	1	7 22
127	25	0.4	1	7 18
128	32	0.4	1	6 26
129	27	0.4	1	6 21
130	22	0.4	1	15 7
131	23	0.4	1	7 16
132	23	0.4	1	2 21
133	22	0.4	1	10 12
134	17	0.4	1	2 15
135	14	0.4	1	3 11
136	24	0.4	1	8 16
137	12	0.4	1	2 10
138	15	0.4	1	4 11
139	22	0.4	1	0 22
140	23	0.4	1	2 21
141	11	0.4	1	2 9
142	10	0.4	1	0 10
143	11	0.4	1	2 9
144	19	0.4	1	3 16
145	17	0.4	1	1 16
146	19	0.4	1	3 16
147	22	0.4	1	4 18
148	15	0.4	1	1 14
149	28	0.4	1	1 27
150	1321	0.4	1	3 1318

RUN STATISTICS FOR INPUT FILE: s178_R1_001.fastq.gz
=============================================
27689412 sequences processed in total

