
SUMMARISING RUN PARAMETERS
==========================
Input filename: s180_R1_001.fastq.gz
Trimming mode: paired-end
Trim Galore version: 0.6.10
Cutadapt version: 3.4
Number of cores used for trimming: 1
Quality Phred score cutoff: 20
Quality encoding type selected: ASCII+33
Using Illumina adapter for trimming (count: 3359). Second best hit was Nextera (count: 9)
Adapter sequence: 'AGATCGGAAGAGC' (Illumina TruSeq, Sanger iPCR; auto-detected)
Maximum trimming error rate: 0.1 (default)
Minimum required adapter overlap (stringency): 1 bp
Minimum required sequence length for both reads before a sequence pair gets removed: 20 bp
Running FastQC on the data once trimming has completed
Output file will be GZIP compressed


This is cutadapt 3.4 with Python 3.9.2
Command line parameters: -j 1 -e 0.1 -q 20 -O 1 -a AGATCGGAAGAGC s180_R1_001.fastq.gz
Processing reads on 1 core in single-end mode ...
Finished in 1394.18 s (53 µs/read; 1.14 M reads/minute).

=== Summary ===

Total reads processed:              26,435,927
Reads with adapters:                 9,614,425 (36.4%)
Reads written (passing filters):    26,435,927 (100.0%)

Total basepairs processed: 3,965,389,050 bp
Quality-trimmed:               8,011,290 bp (0.2%)
Total written (filtered):  3,941,095,758 bp (99.4%)

=== Adapter 1 ===

Sequence: AGATCGGAAGAGC; Type: regular 3'; Length: 13; Trimmed: 9614425 times

No. of allowed errors:
1-9 bp: 0; 10-13 bp: 1

Bases preceding removed adapters:
  A: 36.5%
  C: 24.7%
  G: 17.1%
  T: 21.8%
  none/other: 0.0%

Overview of removed sequences
length	count	expect	max.err	error counts
1	7311172	6608981.8	0	7311172
2	1532992	1652245.4	0	1532992
3	489648	413061.4	0	489648
4	112381	103265.3	0	112381
5	26886	25816.3	0	26886
6	8846	6454.1	0	8846
7	5734	1613.5	0	5734
8	5836	403.4	0	5836
9	5223	100.8	0	4764 459
10	5464	25.2	1	4560 904
11	5228	6.3	1	4572 656
12	4818	1.6	1	4454 364
13	4179	0.4	1	3937 242
14	4426	0.4	1	4077 349
15	4207	0.4	1	3953 254
16	4036	0.4	1	3707 329
17	4096	0.4	1	3758 338
18	3598	0.4	1	3352 246
19	3254	0.4	1	3077 177
20	3333	0.4	1	3130 203
21	3374	0.4	1	3127 247
22	2964	0.4	1	2793 171
23	3134	0.4	1	2927 207
24	2905	0.4	1	2684 221
25	2702	0.4	1	2507 195
26	2689	0.4	1	2514 175
27	2495	0.4	1	2323 172
28	2273	0.4	1	2134 139
29	2397	0.4	1	2228 169
30	2163	0.4	1	2021 142
31	1868	0.4	1	1756 112
32	2001	0.4	1	1874 127
33	1714	0.4	1	1582 132
34	1810	0.4	1	1669 141
35	1697	0.4	1	1586 111
36	1517	0.4	1	1406 111
37	1476	0.4	1	1390 86
38	1425	0.4	1	1323 102
39	1343	0.4	1	1237 106
40	1421	0.4	1	1316 105
41	1444	0.4	1	1349 95
42	1014	0.4	1	917 97
43	1202	0.4	1	1083 119
44	990	0.4	1	903 87
45	1527	0.4	1	1436 91
46	503	0.4	1	447 56
47	875	0.4	1	805 70
48	1451	0.4	1	1373 78
49	787	0.4	1	731 56
50	496	0.4	1	447 49
51	1066	0.4	1	993 73
52	625	0.4	1	567 58
53	376	0.4	1	329 47
54	674	0.4	1	624 50
55	1079	0.4	1	1024 55
56	475	0.4	1	425 50
57	524	0.4	1	502 22
58	336	0.4	1	298 38
59	553	0.4	1	521 32
60	199	0.4	1	166 33
61	154	0.4	1	123 31
62	534	0.4	1	477 57
63	302	0.4	1	275 27
64	149	0.4	1	121 28
65	238	0.4	1	200 38
66	535	0.4	1	490 45
67	136	0.4	1	99 37
68	241	0.4	1	211 30
69	140	0.4	1	105 35
70	113	0.4	1	88 25
71	31	0.4	1	11 20
72	80	0.4	1	41 39
73	138	0.4	1	104 34
74	147	0.4	1	126 21
75	170	0.4	1	147 23
76	164	0.4	1	138 26
77	174	0.4	1	138 36
78	133	0.4	1	103 30
79	158	0.4	1	125 33
80	136	0.4	1	110 26
81	141	0.4	1	109 32
82	137	0.4	1	103 34
83	136	0.4	1	97 39
84	113	0.4	1	90 23
85	126	0.4	1	98 28
86	110	0.4	1	81 29
87	111	0.4	1	74 37
88	107	0.4	1	83 24
89	91	0.4	1	63 28
90	90	0.4	1	66 24
91	82	0.4	1	48 34
92	94	0.4	1	59 35
93	72	0.4	1	58 14
94	79	0.4	1	49 30
95	70	0.4	1	47 23
96	53	0.4	1	35 18
97	62	0.4	1	38 24
98	72	0.4	1	46 26
99	50	0.4	1	33 17
100	61	0.4	1	33 28
101	55	0.4	1	30 25
102	52	0.4	1	39 13
103	59	0.4	1	36 23
104	46	0.4	1	23 23
105	52	0.4	1	29 23
106	58	0.4	1	24 34
107	66	0.4	1	30 36
108	41	0.4	1	19 22
109	50	0.4	1	26 24
110	47	0.4	1	18 29
111	43	0.4	1	23 20
112	41	0.4	1	13 28
113	42	0.4	1	18 24
114	45	0.4	1	19 26
115	43	0.4	1	19 24
116	37	0.4	1	16 21
117	27	0.4	1	8 19
118	37	0.4	1	10 27
119	46	0.4	1	16 30
120	34	0.4	1	12 22
121	41	0.4	1	7 34
122	24	0.4	1	10 14
123	27	0.4	1	12 15
124	28	0.4	1	14 14
125	28	0.4	1	12 16
126	32	0.4	1	4 28
127	22	0.4	1	6 16
128	27	0.4	1	9 18
129	20	0.4	1	8 12
130	24	0.4	1	12 12
131	21	0.4	1	8 13
132	25	0.4	1	7 18
133	11	0.4	1	6 5
134	30	0.4	1	11 19
135	29	0.4	1	8 21
136	24	0.4	1	7 17
137	18	0.4	1	2 16
138	13	0.4	1	2 11
139	25	0.4	1	4 21
140	17	0.4	1	2 15
141	17	0.4	1	5 12
142	26	0.4	1	2 24
143	19	0.4	1	4 15
144	15	0.4	1	1 14
145	13	0.4	1	0 13
146	19	0.4	1	3 16
147	15	0.4	1	5 10
148	11	0.4	1	2 9
149	19	0.4	1	1 18
150	2213	0.4	1	2 2211

RUN STATISTICS FOR INPUT FILE: s180_R1_001.fastq.gz
=============================================
26435927 sequences processed in total

